Time	Node	AppId	SeqNo	Type	DelayS	DelayUS	RetxCount	HopCount
17.8913	3	0	1	LastDelay	0.925414	925414	1	1
17.8913	2	0	1	LastDelay	0.00347369	3473.69	1	1
17.9544	7	0	1	LastDelay	0.00342166	3421.66	1	1
17.9659	3	0	1	LastDelay	0	0	1	0
18.8878	2	0	1	LastDelay	0	0	1	0
18.951	7	0	1	LastDelay	0	0	1	0
18.9693	3	0	1	LastDelay	0.00348641	3486.41	1	1
18.9693	1	0	1	LastDelay	0.887553	887553	1	1
19.0818	1	0	1	LastDelay	0	0	1	0
19.8911	2	0	1	LastDelay	0.00335663	3356.63	1	1
19.9659	3	0	1	LastDelay	0	0	1	0
20.0851	1	0	1	LastDelay	0.00333058	3330.58	1	1
20.8878	2	0	1	LastDelay	0	0	1	0
20.9727	7	0	1	LastDelay	0.0217229	21722.9	1	1
20.9727	6	0	1	LastDelay	0.66979	669790	1	1
21.0818	1	0	1	LastDelay	0	0	1	0
21.3029	6	0	1	LastDelay	0	0	1	0
21.7895	11	0	1	LastDelay	0.594474	594474	1	1
21.951	7	0	1	LastDelay	0	0	1	0
21.9758	10	0	1	LastDelay	0.709487	709487	1	1
22.0851	1	0	1	LastDelay	0.00334332	3343.32	1	1
22.195	11	0	1	LastDelay	0	0	1	0
22.2663	10	0	1	LastDelay	0	0	1	0
22.3104	6	0	1	LastDelay	0.00746831	7468.31	1	1
22.7861	0	0	1	LastDelay	0	0	1	1
22.8663	5	0	1	LastDelay	0.0033567	3356.7	1	1
22.9544	7	0	1	LastDelay	0.00338224	3382.24	1	1
22.9692	3	0	1	LastDelay	0.00336926	3369.26	1	1
22.9854	4	0	1	LastDelay	0	0	1	2
23.0818	1	0	1	LastDelay	0	0	1	0
23.2734	10	0	1	LastDelay	0.00704114	7041.14	1	1
23.3029	6	0	1	LastDelay	0	0	1	0
23.863	5	0	1	LastDelay	0	0	1	0
23.951	7	0	1	LastDelay	0	0	1	0
23.9659	3	0	1	LastDelay	0	0	1	0
24.119	8	0	1	LastDelay	0	0	1	3
24.2663	10	0	1	LastDelay	0	0	1	0
24.3068	6	0	1	LastDelay	0.00380669	3806.69	1	1
24.3168	12	0	1	LastDelay	0	0	1	4
24.7894	0	0	1	LastDelay	0.0033434	3343.4	1	1
24.8663	5	0	1	LastDelay	0.00333053	3330.53	1	1
24.9544	7	0	1	LastDelay	0.00334329	3343.29	1	1
24.9887	4	0	1	LastDelay	0.00333061	3330.61	1	1
25.0851	1	0	1	LastDelay	0.0033304	3330.4	1	1
25.0851	9	0	1	LastDelay	0.647851	647851	1	1
25.1224	8	0	1	LastDelay	0.00340843	3408.43	1	1
25.2015	11	0	1	LastDelay	0.00646485	6464.85	1	1
25.2697	10	0	1	LastDelay	0.00335642	3356.42	1	1
25.3029	6	0	1	LastDelay	0	0	1	0
25.4373	9	0	1	LastDelay	0	0	1	0
25.7861	0	0	1	LastDelay	0	0	1	0
25.863	5	0	1	LastDelay	0	0	1	0
25.951	7	0	1	LastDelay	0	0	1	0
25.9854	4	0	1	LastDelay	0	0	1	0
26.0818	1	0	1	LastDelay	0	0	1	0
26.119	8	0	1	LastDelay	0	0	1	0
26.195	11	0	1	LastDelay	0	0	1	0
26.2663	10	0	1	LastDelay	0	0	1	0
26.7894	0	0	1	LastDelay	0.00333014	3330.14	1	1
27.0852	1	0	1	LastDelay	0.00336913	3369.13	1	1
27.1984	11	0	1	LastDelay	0.00338206	3382.06	1	1
27.7861	0	0	1	LastDelay	0	0	1	0
28.0818	1	0	1	LastDelay	0	0	1	0
28.195	11	0	1	LastDelay	0	0	1	0
28.7894	0	0	1	LastDelay	0.00334311	3343.11	1	1
29.0316	15	0	1	LastDelay	0	0	1	1
29.0601	14	0	1	LastDelay	0	0	1	1
29.0851	1	0	1	LastDelay	0.00333021	3330.21	1	1
29.2026	11	0	1	LastDelay	0.00753322	7533.22	1	1
29.3256	95	0	1	LastDelay	0	0	1	4
29.3358	44	0	1	LastDelay	0	0	1	4
29.3562	78	0	1	LastDelay	0	0	1	4
29.4039	92	0	1	LastDelay	0	0	1	4
29.4179	75	0	1	LastDelay	0	0	1	4
29.44	79	0	1	LastDelay	0	0	1	4
29.5138	28	0	1	LastDelay	0	0	1	4
29.5509	83	0	1	LastDelay	0	0	1	4
29.5663	104	0	1	LastDelay	0	0	1	4
29.6306	61	0	1	LastDelay	0	0	1	4
29.6334	87	0	1	LastDelay	0	0	1	4
29.6334	27	0	1	LastDelay	0	0	1	4
29.637	58	0	1	LastDelay	0	0	1	4
29.6516	70	0	1	LastDelay	0	0	1	4
29.6768	74	0	1	LastDelay	0	0	1	4
29.6841	20	0	1	LastDelay	0	0	1	2
29.7286	23	0	1	LastDelay	0	0	1	3
29.7303	66	0	1	LastDelay	0	0	1	4
29.76	48	0	1	LastDelay	0	0	1	4
29.7631	45	0	1	LastDelay	0	0	1	4
29.774	36	0	1	LastDelay	0	0	1	4
29.7827	57	0	1	LastDelay	0	0	1	4
29.7861	0	0	1	LastDelay	0	0	1	0
29.8134	108	0	1	LastDelay	0	0	1	4
29.8822	100	0	1	LastDelay	0	0	1	4
29.8854	65	0	1	LastDelay	0	0	1	4
29.918	53	0	1	LastDelay	0	0	1	4
29.9306	91	0	1	LastDelay	0	0	1	4
29.9355	82	0	1	LastDelay	0	0	1	4
29.944	112	0	1	LastDelay	0	0	1	4
29.9767	35	0	1	LastDelay	0	0	1	4
29.9817	31	0	1	LastDelay	0	0	1	4
29.9888	4	0	1	LastDelay	0.00336911	3369.11	1	1
30.0203	24	0	1	LastDelay	0	0	1	3
30.0374	41	0	1	LastDelay	0	0	1	4
30.0538	103	0	1	LastDelay	0	0	1	4
30.0625	62	0	1	LastDelay	0	0	1	4
30.0636	109	0	1	LastDelay	0	0	1	4
30.0818	1	0	1	LastDelay	0	0	1	0
30.1074	19	0	1	LastDelay	0	0	1	2
30.1609	96	0	1	LastDelay	0	0	1	4
30.195	11	0	1	LastDelay	0	0	1	0
30.2017	49	0	1	LastDelay	0	0	1	4
30.2107	99	0	1	LastDelay	0	0	1	4
30.2364	40	0	1	LastDelay	0	0	1	4
30.2656	69	0	1	LastDelay	0	0	1	4
30.2867	32	0	1	LastDelay	0	0	1	4
30.3201	12	0	1	LastDelay	0.00334348	3343.48	1	1
30.442	16	0	1	LastDelay	0.297794	297794	1	1
30.6191	13	0	1	LastDelay	0.00335682	3356.82	1	1
30.8663	5	0	1	LastDelay	0.00333012	3330.12	1	1
30.9854	4	0	1	LastDelay	0	0	1	0
31.1223	8	0	1	LastDelay	0.00335628	3356.28	1	1
31.1442	16	0	1	LastDelay	0	0	1	0
31.3168	12	0	1	LastDelay	0	0	1	0
31.6158	13	0	1	LastDelay	0	0	1	0
31.863	5	0	1	LastDelay	0	0	1	0
31.9887	4	0	1	LastDelay	0.0033431	3343.1	1	1
32.0349	15	0	1	LastDelay	0.00333011	3330.11	1	1
32.1145	19	0	1	LastDelay	0.007138	7138	1	1
32.119	8	0	1	LastDelay	0	0	1	0
32.732	23	0	1	LastDelay	0.00336964	3369.64	1	1
32.9854	4	0	1	LastDelay	0	0	1	0
33.0316	15	0	1	LastDelay	0	0	1	0
33.0851	1	0	1	LastDelay	0.00334313	3343.13	1	1
33.1074	19	0	1	LastDelay	0	0	1	0
33.1223	8	0	1	LastDelay	0.00335626	3356.26	1	1
33.7286	23	0	1	LastDelay	0	0	1	0
33.7894	0	0	1	LastDelay	0.00335605	3356.05	1	1
33.9887	4	0	1	LastDelay	0.00333007	3330.07	1	1
34.0818	1	0	1	LastDelay	0	0	1	0
34.119	8	0	1	LastDelay	0	0	1	0
34.1476	16	0	1	LastDelay	0.0033824	3382.4	1	1
34.3209	17	0	1	LastDelay	0.798518	798518	1	1
34.4707	21	0	1	LastDelay	0.0033436	3343.6	1	1
34.5224	17	0	1	LastDelay	0	0	1	0
34.6191	13	0	1	LastDelay	0.00333037	3330.37	1	1
34.6912	18	0	1	LastDelay	0.58761	587610	1	1
34.7861	0	0	1	LastDelay	0	0	1	0
34.9854	4	0	1	LastDelay	0	0	1	0
35.1036	18	0	1	LastDelay	0	0	1	0
35.1107	19	0	1	LastDelay	0.00334306	3343.06	1	1
35.1442	16	0	1	LastDelay	0	0	1	0
35.3205	12	0	1	LastDelay	0.00375241	3752.41	1	1
35.4674	21	0	1	LastDelay	0	0	1	0
35.6158	13	0	1	LastDelay	0	0	1	0
35.7326	23	0	1	LastDelay	0.00404328	4043.28	1	1
35.7894	0	0	1	LastDelay	0.0033561	3356.1	1	1
36.0268	24	0	1	LastDelay	0.00642582	6425.82	1	1
36.1074	19	0	1	LastDelay	0	0	1	0
36.1223	8	0	1	LastDelay	0.00333015	3330.15	1	1
36.3168	12	0	1	LastDelay	0	0	1	0
36.5261	17	0	1	LastDelay	0.00373897	3738.97	1	1
36.7286	23	0	1	LastDelay	0	0	1	0
36.7861	0	0	1	LastDelay	0	0	1	0
36.8663	5	0	1	LastDelay	0.00333054	3330.54	1	1
37.0203	24	0	1	LastDelay	0	0	1	0
37.0851	1	0	1	LastDelay	0.00335613	3356.13	1	1
37.107	18	0	1	LastDelay	0.00335655	3356.55	1	1
37.1108	19	0	1	LastDelay	0.00337504	3375.04	1	1
37.119	8	0	1	LastDelay	0	0	1	0
37.1195	22	0	1	LastDelay	0.117605	117605	1	1
37.1476	16	0	1	LastDelay	0.00334331	3343.31	1	1
37.5224	17	0	1	LastDelay	0	0	1	0
37.6191	13	0	1	LastDelay	0.00333006	3330.06	1	1
37.6289	28	0	1	LastDelay	0.115057	115057	1	1
37.735	23	0	1	LastDelay	0.00642583	6425.83	1	1
37.863	5	0	1	LastDelay	0	0	1	0
37.9887	4	0	1	LastDelay	0.00333026	3330.26	1	1
38.0019	22	0	1	LastDelay	0	0	1	0
38.0818	1	0	1	LastDelay	0	0	1	0
38.1036	18	0	1	LastDelay	0	0	1	0
38.1074	19	0	1	LastDelay	0	0	1	0
38.1442	16	0	1	LastDelay	0	0	1	0
38.5138	28	0	1	LastDelay	0	0	1	0
38.5257	17	0	1	LastDelay	0.0033306	3330.6	1	1
38.6158	13	0	1	LastDelay	0	0	1	0
38.6367	27	0	1	LastDelay	0.00334367	3343.67	1	1
38.6875	20	0	1	LastDelay	0.0033951	3395.1	1	1
38.7286	23	0	1	LastDelay	0	0	1	0
38.7894	0	0	1	LastDelay	0.00333004	3330.04	1	1
38.9854	4	0	1	LastDelay	0	0	1	0
39.0237	24	0	1	LastDelay	0.00335631	3356.31	1	1
39.1476	16	0	1	LastDelay	0.00333011	3330.11	1	1
39.162	31	0	1	LastDelay	0.180305	180305	1	1
39.4443	9	0	1	LastDelay	0.00701665	7016.65	1	1
39.5179	28	0	1	LastDelay	0.00405628	4056.28	1	1
39.5224	17	0	1	LastDelay	0	0	1	0
39.6334	27	0	1	LastDelay	0	0	1	0
39.6841	20	0	1	LastDelay	0	0	1	0
39.7861	0	0	1	LastDelay	0	0	1	0
39.9817	31	0	1	LastDelay	0	0	1	0
39.9888	4	0	1	LastDelay	0.00336902	3369.02	1	1
40.0036	22	0	1	LastDelay	0.00172786	1727.86	1	1
40.0203	24	0	1	LastDelay	0	0	1	0
40.0851	1	0	1	LastDelay	0.00333021	3330.21	1	1
40.1003	26	0	1	LastDelay	0.0825097	82509.7	1	1
40.1198	8	0	1	LastDelay	0.000871601	871.601	1	1
40.1442	16	0	1	LastDelay	0	0	1	0
40.3205	12	0	1	LastDelay	0.00371285	3712.85	1	1
40.4373	9	0	1	LastDelay	0	0	1	0
40.5138	28	0	1	LastDelay	0	0	1	0
40.6191	13	0	1	LastDelay	0.0033563	3356.3	1	1
40.7319	23	0	1	LastDelay	0.00334324	3343.24	1	1
40.9854	4	0	1	LastDelay	0	0	1	0
41.0019	22	0	1	LastDelay	0	0	1	0
41.0178	26	0	1	LastDelay	0	0	1	0
41.0818	1	0	1	LastDelay	0	0	1	0
41.119	8	0	1	LastDelay	0	0	1	0
41.1476	16	0	1	LastDelay	0.0033431	3343.1	1	1
41.3168	12	0	1	LastDelay	0	0	1	0
41.5261	17	0	1	LastDelay	0.00373609	3736.09	1	1
41.6158	13	0	1	LastDelay	0	0	1	0
41.6367	27	0	1	LastDelay	0.00333039	3330.39	1	1
41.7286	23	0	1	LastDelay	0	0	1	0
42.0009	31	0	1	LastDelay	0.0191235	19123.5	1	1
42.1069	18	0	1	LastDelay	0.0033302	3330.2	1	1
42.1442	16	0	1	LastDelay	0	0	1	0
42.4406	9	0	1	LastDelay	0.00334317	3343.17	1	1
42.4711	21	0	1	LastDelay	0.00367362	3673.62	1	1
42.5224	17	0	1	LastDelay	0	0	1	0
42.6334	27	0	1	LastDelay	0	0	1	0
42.8663	5	0	1	LastDelay	0.0033302	3330.2	1	1
42.9817	31	0	1	LastDelay	0	0	1	0
43.0276	26	0	1	LastDelay	0.00980099	9800.99	1	1
43.1036	18	0	1	LastDelay	0	0	1	0
43.1877	25	0	1	LastDelay	0	0	1	1
43.4373	9	0	1	LastDelay	0	0	1	0
43.4674	21	0	1	LastDelay	0	0	1	0
43.5278	17	0	1	LastDelay	0.00543803	5438.03	1	1
43.6033	29	0	1	LastDelay	0	0	1	2
43.6191	13	0	1	LastDelay	0.00333012	3330.12	1	1
43.6349	27	0	1	LastDelay	0.00155151	1551.51	1	1
43.863	5	0	1	LastDelay	0	0	1	0
43.9882	31	0	1	LastDelay	0.00642569	6425.69	1	1
43.9913	4	0	1	LastDelay	0.00587521	5875.21	1	1
44.0139	22	0	1	LastDelay	0.0119656	11965.6	1	1
44.0178	26	0	1	LastDelay	0	0	1	0
44.0208	24	0	1	LastDelay	0.000454768	454.768	1	1
44.11	18	0	1	LastDelay	0.00642596	6425.96	1	1
44.1266	8	0	1	LastDelay	0.00760217	7602.17	1	1
44.3028	32	0	1	LastDelay	0.0160802	16080.2	1	1
44.3201	12	0	1	LastDelay	0.00333021	3330.21	1	1
44.4405	33	0	1	LastDelay	0	0	1	3
44.4738	21	0	1	LastDelay	0.00643835	6438.35	1	1
44.5172	28	0	1	LastDelay	0.00334348	3343.48	1	1
44.5224	17	0	1	LastDelay	0	0	1	0
44.6158	13	0	1	LastDelay	0	0	1	0
44.6334	27	0	1	LastDelay	0	0	1	0
44.7319	23	0	1	LastDelay	0.00333016	3330.16	1	1
44.8084	36	0	1	LastDelay	0.0343919	34391.9	1	1
44.8663	5	0	1	LastDelay	0.00333019	3330.19	1	1
44.9817	31	0	1	LastDelay	0	0	1	0
44.9854	4	0	1	LastDelay	0	0	1	0
45.0019	22	0	1	LastDelay	0	0	1	0
45.0203	24	0	1	LastDelay	0	0	1	0
45.0211	26	0	1	LastDelay	0.00334346	3343.46	1	1
45.0851	1	0	1	LastDelay	0.00333011	3330.11	1	1
45.1036	18	0	1	LastDelay	0	0	1	0
45.119	8	0	1	LastDelay	0	0	1	0
45.2867	32	0	1	LastDelay	0	0	1	0
45.3168	12	0	1	LastDelay	0	0	1	0
45.4406	9	0	1	LastDelay	0.00333021	3330.21	1	1
45.4674	21	0	1	LastDelay	0	0	1	0
45.5138	28	0	1	LastDelay	0	0	1	0
45.5261	17	0	1	LastDelay	0.00372565	3725.65	1	1
45.6181	13	0	1	LastDelay	0.00237944	2379.44	1	1
45.6378	27	0	1	LastDelay	0.00440679	4406.79	1	1
45.7286	23	0	1	LastDelay	0	0	1	0
45.774	36	0	1	LastDelay	0	0	1	0
45.863	5	0	1	LastDelay	0	0	1	0
45.9539	30	0	1	LastDelay	0.0034087	3408.7	1	1
45.9896	4	0	1	LastDelay	0.00415249	4152.49	1	1
46.003	22	0	1	LastDelay	0.00105956	1059.56	1	1
46.0178	26	0	1	LastDelay	0	0	1	0
46.0233	24	0	1	LastDelay	0.00298448	2984.48	1	1
46.0818	1	0	1	LastDelay	0	0	1	0
46.1215	8	0	1	LastDelay	0.00249269	2492.69	1	1
46.1459	16	0	1	LastDelay	0.00164883	1648.84	1	1
46.29	32	0	1	LastDelay	0.00333028	3330.28	1	1
46.4373	9	0	1	LastDelay	0	0	1	0
46.5224	17	0	1	LastDelay	0	0	1	0
46.6158	13	0	1	LastDelay	0	0	1	0
46.6334	27	0	1	LastDelay	0	0	1	0
46.9505	30	0	1	LastDelay	0	0	1	0
46.9854	4	0	1	LastDelay	0	0	1	0
46.9854	31	0	1	LastDelay	0.00368666	3686.66	1	1
46.9854	36	0	1	LastDelay	0.211395	211395	1	1
47.0019	22	0	1	LastDelay	0	0	1	0
47.0203	24	0	1	LastDelay	0	0	1	0
47.119	8	0	1	LastDelay	0	0	1	0
47.1442	16	0	1	LastDelay	0	0	1	0
47.2867	32	0	1	LastDelay	0	0	1	0
47.4788	35	0	1	LastDelay	0.502082	502082	1	1
47.5249	17	0	1	LastDelay	0.00246076	2460.76	1	1
47.616	13	0	1	LastDelay	0.000222979	222.979	1	1
47.774	36	0	1	LastDelay	0	0	1	0
47.9767	35	0	1	LastDelay	0	0	1	0
47.9817	31	0	1	LastDelay	0	0	1	0
48.0024	22	0	1	LastDelay	0.000464962	464.962	1	1
48.0218	24	0	1	LastDelay	0.00146981	1469.81	1	1
48.1218	8	0	1	LastDelay	0.00284869	2848.69	1	1
48.1941	25	0	1	LastDelay	0.00642527	6425.27	1	1
48.2931	32	0	1	LastDelay	0.00642531	6425.31	1	1
48.3379	40	0	1	LastDelay	0.101429	101429	1	1
48.4572	33	0	1	LastDelay	0.016656	16656	1	1
48.5224	17	0	1	LastDelay	0	0	1	0
48.6066	29	0	1	LastDelay	0.00333041	3330.41	1	1
48.6158	13	0	1	LastDelay	0	0	1	0
48.6367	27	0	1	LastDelay	0.00333029	3330.29	1	1
48.7293	37	0	1	LastDelay	0.0033437	3343.7	1	1
48.7293	23	0	1	LastDelay	0.00065274	652.74	1	1
48.795	0	0	1	LastDelay	0.00886028	8860.28	1	1
48.8728	5	0	1	LastDelay	0.00987673	9876.73	1	1
48.9851	31	0	1	LastDelay	0.00334345	3343.45	1	1
48.9944	4	0	1	LastDelay	0.00897059	8970.59	1	1
48.9978	35	0	1	LastDelay	0.0210621	21062.1	1	1
49.0019	22	0	1	LastDelay	0	0	1	0
49.0182	26	0	1	LastDelay	0.000432047	432.047	1	1
49.0203	24	0	1	LastDelay	0	0	1	0
49.1038	18	0	1	LastDelay	0.000201051	201.051	1	1
49.119	8	0	1	LastDelay	0	0	1	0
49.1476	16	0	1	LastDelay	0.00333015	3330.15	1	1
49.1877	25	0	1	LastDelay	0	0	1	0
49.2364	40	0	1	LastDelay	0	0	1	0
49.2867	32	0	1	LastDelay	0	0	1	0
49.4405	33	0	1	LastDelay	0	0	1	0
49.4707	21	0	1	LastDelay	0.00333008	3330.08	1	1
49.5172	28	0	1	LastDelay	0.00334313	3343.13	1	1
49.5234	17	0	1	LastDelay	0.000964525	964.525	1	1
49.6033	29	0	1	LastDelay	0	0	1	0
49.6191	13	0	1	LastDelay	0.00333047	3330.47	1	1
49.6334	27	0	1	LastDelay	0	0	1	0
49.6611	38	0	1	LastDelay	0.00334358	3343.58	1	1
49.7259	37	0	1	LastDelay	0	0	1	0
49.7286	23	0	1	LastDelay	0	0	1	0
49.7861	0	0	1	LastDelay	0	0	1	0
49.863	5	0	1	LastDelay	0	0	1	0
49.9767	35	0	1	LastDelay	0	0	1	0
49.9817	31	0	1	LastDelay	0	0	1	0
49.9854	4	0	1	LastDelay	0	0	1	0
50.0178	26	0	1	LastDelay	0	0	1	0
50.03	24	0	1	LastDelay	0.00962561	9625.61	1	1
50.0851	1	0	1	LastDelay	0.00333022	3330.22	1	1
50.1036	18	0	1	LastDelay	0	0	1	0
50.1223	8	0	1	LastDelay	0.0033301	3330.1	1	1
50.1442	16	0	1	LastDelay	0	0	1	0
50.1941	25	0	1	LastDelay	0.00643851	6438.51	1	1
50.2901	32	0	1	LastDelay	0.00334302	3343.02	1	1
50.3201	12	0	1	LastDelay	0.00333022	3330.22	1	1
50.4441	33	0	1	LastDelay	0.00353738	3537.38	1	1
50.4674	21	0	1	LastDelay	0	0	1	0
50.5138	28	0	1	LastDelay	0	0	1	0
50.5224	17	0	1	LastDelay	0	0	1	0
50.6158	13	0	1	LastDelay	0	0	1	0
50.6338	27	0	1	LastDelay	0.000474017	474.017	1	1
50.6577	38	0	1	LastDelay	0	0	1	0
50.7294	23	0	1	LastDelay	0.000758292	758.292	1	1
50.7875	0	0	1	LastDelay	0.00136293	1362.93	1	1
50.9538	30	0	1	LastDelay	0.00333003	3330.03	1	1
50.9797	35	0	1	LastDelay	0.00290559	2905.59	1	1
50.9871	31	0	1	LastDelay	0.0053704	5370.4	1	1
50.9933	4	0	1	LastDelay	0.00791556	7915.56	1	1
51.0037	22	0	1	LastDelay	0.00176707	1767.08	1	1
51.0203	24	0	1	LastDelay	0	0	1	0
51.0333	26	0	1	LastDelay	0.0155014	15501.4	1	1
51.0457	41	0	1	LastDelay	0.00825518	8255.18	1	1
51.0818	1	0	1	LastDelay	0	0	1	0
51.104	18	0	1	LastDelay	0.000355115	355.115	1	1
51.119	8	0	1	LastDelay	0	0	1	0
51.1877	25	0	1	LastDelay	0	0	1	0
51.2867	32	0	1	LastDelay	0	0	1	0
51.3168	12	0	1	LastDelay	0	0	1	0
51.4405	33	0	1	LastDelay	0	0	1	0
51.5171	28	0	1	LastDelay	0.00333013	3330.13	1	1
51.5237	17	0	1	LastDelay	0.00129485	1294.85	1	1
51.6164	13	0	1	LastDelay	0.000624779	624.779	1	1
51.6334	27	0	1	LastDelay	0	0	1	0
51.7231	34	0	1	LastDelay	0.00405601	4056.01	1	1
51.7286	23	0	1	LastDelay	0	0	1	0
51.7327	37	0	1	LastDelay	0.00683613	6836.13	1	1
51.7805	36	0	1	LastDelay	0.00642577	6425.77	1	1
51.7861	0	0	1	LastDelay	0	0	1	0
51.8663	5	0	1	LastDelay	0.0033303	3330.3	1	1
51.9505	30	0	1	LastDelay	0	0	1	0
51.9767	35	0	1	LastDelay	0	0	1	0
51.9817	31	0	1	LastDelay	0	0	1	0
51.9854	4	0	1	LastDelay	0	0	1	0
52.0019	22	0	1	LastDelay	0	0	1	0
52.0178	26	0	1	LastDelay	0	0	1	0
52.0374	41	0	1	LastDelay	0	0	1	0
52.1036	18	0	1	LastDelay	0	0	1	0
52.191	25	0	1	LastDelay	0.0033301	3330.1	1	1
52.4428	33	0	1	LastDelay	0.00220996	2209.96	1	1
52.5138	28	0	1	LastDelay	0	0	1	0
52.5224	17	0	1	LastDelay	0	0	1	0
52.6158	13	0	1	LastDelay	0	0	1	0
52.719	34	0	1	LastDelay	0	0	1	0
52.7259	37	0	1	LastDelay	0	0	1	0
52.774	36	0	1	LastDelay	0	0	1	0
52.863	5	0	1	LastDelay	0	0	1	0
52.9801	35	0	1	LastDelay	0.0033302	3330.2	1	1
52.9846	31	0	1	LastDelay	0.0028168	2816.8	1	1
53.0021	22	0	1	LastDelay	0.000225752	225.752	1	1
53.0852	1	0	1	LastDelay	0.00336922	3369.22	1	1
53.1197	8	0	1	LastDelay	0.000744549	744.549	1	1
53.1877	25	0	1	LastDelay	0	0	1	0
53.4405	33	0	1	LastDelay	0	0	1	0
53.5283	17	0	1	LastDelay	0.00585442	5854.42	1	1
53.5321	44	0	1	LastDelay	0.196315	196315	1	1
53.6177	13	0	1	LastDelay	0.00194627	1946.27	1	1
53.661	38	0	1	LastDelay	0.00333023	3330.23	1	1
53.7313	37	0	1	LastDelay	0.00543207	5432.07	1	1
53.7348	23	0	1	LastDelay	0.00615512	6155.12	1	1
53.7605	48	0	1	LastDelay	0.000579941	579.941	1	1
53.7655	52	0	1	LastDelay	0.00501049	5010.49	1	1
53.7944	36	0	1	LastDelay	0.0203281	20328.1	1	1
53.9638	30	0	1	LastDelay	0.0133285	13328.5	1	1
53.9745	45	0	1	LastDelay	0.211408	211408	1	1
53.9767	35	0	1	LastDelay	0	0	1	0
53.9817	31	0	1	LastDelay	0	0	1	0
53.9896	49	0	1	LastDelay	0.787917	787917	1	1
54.0019	22	0	1	LastDelay	0	0	1	0
54.0266	24	0	1	LastDelay	0.00623118	6231.18	1	1
54.0358	15	0	1	LastDelay	0.00418906	4189.06	1	1
54.0404	41	0	1	LastDelay	0.00302192	3021.92	1	1
54.0404	39	0	1	LastDelay	0.620843	620843	1	1
54.0818	1	0	1	LastDelay	0	0	1	0
54.119	8	0	1	LastDelay	0	0	1	0
54.1803	43	0	1	LastDelay	0.00351256	3512.56	1	1
54.1941	25	0	1	LastDelay	0.00646481	6464.81	1	1
54.2017	49	0	1	LastDelay	0	0	1	0
54.2423	86	0	1	LastDelay	0.00333034	3330.34	1	1
54.2694	69	0	1	LastDelay	0.003793	3793	1	1
54.3358	44	0	1	LastDelay	0	0	1	0
54.4196	39	0	1	LastDelay	0	0	1	0
54.4417	33	0	1	LastDelay	0.00111578	1115.78	1	1
54.4694	21	0	1	LastDelay	0.00196747	1967.47	1	1
54.5224	17	0	1	LastDelay	0	0	1	0
54.6066	29	0	1	LastDelay	0.00333005	3330.05	1	1
54.6158	13	0	1	LastDelay	0	0	1	0
54.6336	27	0	1	LastDelay	0.000249154	249.154	1	1
54.6577	38	0	1	LastDelay	0	0	1	0
54.6853	20	0	1	LastDelay	0.00124561	1245.61	1	1
54.7224	34	0	1	LastDelay	0.00333009	3330.09	1	1
54.7259	37	0	1	LastDelay	0	0	1	0
54.7286	23	0	1	LastDelay	0	0	1	0
54.76	48	0	1	LastDelay	0	0	1	0
54.7605	52	0	1	LastDelay	0	0	1	0
54.7631	45	0	1	LastDelay	0	0	1	0
54.774	36	0	1	LastDelay	0	0	1	0
54.7894	0	0	1	LastDelay	0.00333005	3330.05	1	1
54.9505	30	0	1	LastDelay	0	0	1	0
54.9536	7	0	1	LastDelay	0.00260435	2604.35	1	1
54.9536	82	0	1	LastDelay	0.0180976	18097.6	1	1
54.9731	3	0	1	LastDelay	0.00720309	7203.09	1	1
54.9806	35	0	1	LastDelay	0.00382928	3829.28	1	1
54.9837	31	0	1	LastDelay	0.00192996	1929.96	1	1
54.9868	4	0	1	LastDelay	0.00136674	1366.74	1	1
55.0203	24	0	1	LastDelay	0	0	1	0
55.0316	15	0	1	LastDelay	0	0	1	0
55.0374	41	0	1	LastDelay	0	0	1	0
55.0571	103	0	1	LastDelay	0.003343	3343	1	1
55.1485	16	0	1	LastDelay	0.00423384	4233.84	1	1
55.1768	43	0	1	LastDelay	0	0	1	0
55.1877	25	0	1	LastDelay	0	0	1	0
55.1984	11	0	1	LastDelay	0.00333011	3330.11	1	1
55.2128	99	0	1	LastDelay	0.00208632	2086.32	1	1
55.2389	86	0	1	LastDelay	0	0	1	0
55.2429	40	0	1	LastDelay	0.00642557	6425.57	1	1
55.2656	69	0	1	LastDelay	0	0	1	0
55.3469	44	0	1	LastDelay	0.0111143	11114.3	1	1
55.3595	78	0	1	LastDelay	0.00333	3330	1	1
55.4405	33	0	1	LastDelay	0	0	1	0
55.4674	21	0	1	LastDelay	0	0	1	0
55.5172	28	0	1	LastDelay	0.00335613	3356.13	1	1
55.5345	17	0	1	LastDelay	0.0120571	12057.1	1	1
55.6033	29	0	1	LastDelay	0	0	1	0
55.6334	27	0	1	LastDelay	0	0	1	0
55.6402	61	0	1	LastDelay	0.00965312	9653.12	1	1
55.6801	74	0	1	LastDelay	0.00333011	3330.11	1	1
55.6841	20	0	1	LastDelay	0	0	1	0
55.719	34	0	1	LastDelay	0	0	1	0
55.7292	23	0	1	LastDelay	0.000639216	639.216	1	1
55.7292	37	0	1	LastDelay	0.00333043	3330.43	1	1
55.7807	36	0	1	LastDelay	0.00666915	6669.15	1	1
55.7843	57	0	1	LastDelay	0.001563	1563	1	1
55.7861	0	0	1	LastDelay	0	0	1	0
55.9355	82	0	1	LastDelay	0	0	1	0
55.9464	112	0	1	LastDelay	0.00232638	2326.38	1	1
55.951	7	0	1	LastDelay	0	0	1	0
55.9659	3	0	1	LastDelay	0	0	1	0
55.9767	35	0	1	LastDelay	0	0	1	0
55.9817	31	0	1	LastDelay	0	0	1	0
55.9854	4	0	1	LastDelay	0	0	1	0
56.0538	103	0	1	LastDelay	0	0	1	0
56.1226	48	0	1	LastDelay	0.362664	362664	1	1
56.1442	16	0	1	LastDelay	0	0	1	0
56.195	11	0	1	LastDelay	0	0	1	0
56.2107	99	0	1	LastDelay	0	0	1	0
56.2364	40	0	1	LastDelay	0	0	1	0
56.3289	95	0	1	LastDelay	0.00333004	3330.04	1	1
56.3358	44	0	1	LastDelay	0	0	1	0
56.3562	78	0	1	LastDelay	0	0	1	0
56.4417	33	0	1	LastDelay	0.00111559	1115.59	1	1
56.5138	28	0	1	LastDelay	0	0	1	0
56.5224	17	0	1	LastDelay	0	0	1	0
56.6306	61	0	1	LastDelay	0	0	1	0
56.6367	27	0	1	LastDelay	0.00333002	3330.02	1	1
56.6768	74	0	1	LastDelay	0	0	1	0
56.7259	37	0	1	LastDelay	0	0	1	0
56.7286	23	0	1	LastDelay	0	0	1	0
56.76	48	0	1	LastDelay	0	0	1	0
56.7669	52	0	1	LastDelay	0.00643922	6439.22	1	1
56.774	36	0	1	LastDelay	0	0	1	0
56.7827	57	0	1	LastDelay	0	0	1	0
56.8168	108	0	1	LastDelay	0.003343	3343	1	1
56.9425	82	0	1	LastDelay	0.00695086	6950.86	1	1
56.944	112	0	1	LastDelay	0	0	1	0
56.9801	35	0	1	LastDelay	0.00334312	3343.12	1	1
56.9842	31	0	1	LastDelay	0.00247362	2473.62	1	1
56.9881	4	0	1	LastDelay	0.00271667	2716.67	1	1
57.0227	24	0	1	LastDelay	0.00235209	2352.09	1	1
57.0349	15	0	1	LastDelay	0.00333034	3330.34	1	1
57.1476	16	0	1	LastDelay	0.0033431	3343.1	1	1
57.2141	99	0	1	LastDelay	0.003343	3343	1	1
57.3256	95	0	1	LastDelay	0	0	1	0
57.3416	44	0	1	LastDelay	0.00582869	5828.69	1	1
57.4405	33	0	1	LastDelay	0	0	1	0
57.4707	21	0	1	LastDelay	0.0033302	3330.2	1	1
57.5171	28	0	1	LastDelay	0.00333002	3330.02	1	1
57.524	17	0	1	LastDelay	0.00163885	1638.85	1	1
57.6334	27	0	1	LastDelay	0	0	1	0
57.6884	20	0	1	LastDelay	0.00436565	4365.65	1	1
57.7277	37	0	1	LastDelay	0.00180534	1805.34	1	1
57.7346	23	0	1	LastDelay	0.00604288	6042.88	1	1
57.7605	52	0	1	LastDelay	0	0	1	0
57.766	45	0	1	LastDelay	0.00291198	2911.98	1	1
57.776	36	0	1	LastDelay	0.00194717	1947.17	1	1
57.7906	0	0	1	LastDelay	0.00448878	4488.78	1	1
57.8134	108	0	1	LastDelay	0	0	1	0
57.8295	48	0	1	LastDelay	0.0695192	69519.2	1	1
57.9355	82	0	1	LastDelay	0	0	1	0
57.9454	112	0	1	LastDelay	0.00138366	1383.66	1	1
57.9536	7	0	1	LastDelay	0.00263168	2631.68	1	1
57.9721	3	0	1	LastDelay	0.00628035	6280.35	1	1
57.9767	35	0	1	LastDelay	0	0	1	0
57.9817	31	0	1	LastDelay	0	0	1	0
57.9854	4	0	1	LastDelay	0	0	1	0
58.0203	24	0	1	LastDelay	0	0	1	0
58.0316	15	0	1	LastDelay	0	0	1	0
58.0407	41	0	1	LastDelay	0.00333032	3330.32	1	1
58.1442	16	0	1	LastDelay	0	0	1	0
58.1801	43	0	1	LastDelay	0.00333034	3330.34	1	1
58.1898	25	0	1	LastDelay	0.00209706	2097.06	1	1
58.2032	49	0	1	LastDelay	0.00153308	1533.08	1	1
58.2107	99	0	1	LastDelay	0	0	1	0
58.2479	40	0	1	LastDelay	0.0114525	11452.5	1	1
58.3221	12	0	1	LastDelay	0.00529726	5297.26	1	1
58.3358	44	0	1	LastDelay	0	0	1	0
58.351	42	0	1	LastDelay	0.00484673	4846.73	1	1
58.3595	78	0	1	LastDelay	0.00333	3330	1	1
58.4482	33	0	1	LastDelay	0.00763215	7632.15	1	1
58.4674	21	0	1	LastDelay	0	0	1	0
58.5138	28	0	1	LastDelay	0	0	1	0
58.5224	17	0	1	LastDelay	0	0	1	0
58.6361	27	0	1	LastDelay	0.00275109	2751.09	1	1
58.6841	20	0	1	LastDelay	0	0	1	0
58.7259	37	0	1	LastDelay	0	0	1	0
58.7286	23	0	1	LastDelay	0	0	1	0
58.76	48	0	1	LastDelay	0	0	1	0
58.7631	45	0	1	LastDelay	0	0	1	0
58.774	36	0	1	LastDelay	0	0	1	0
58.7861	0	0	1	LastDelay	0	0	1	0
58.9371	82	0	1	LastDelay	0.00159947	1599.47	1	1
58.9371	91	0	1	LastDelay	0.006545	6545	1	1
58.944	112	0	1	LastDelay	0	0	1	0
58.951	7	0	1	LastDelay	0	0	1	0
58.9659	3	0	1	LastDelay	0	0	1	0
58.9846	31	0	1	LastDelay	0.00284241	2842.41	1	1
58.9877	4	0	1	LastDelay	0.00227915	2279.15	1	1
59.0246	24	0	1	LastDelay	0.00422267	4222.67	1	1
59.0374	41	0	1	LastDelay	0	0	1	0
59.145	16	0	1	LastDelay	0.000808829	808.829	1	1
59.1768	43	0	1	LastDelay	0	0	1	0
59.1877	25	0	1	LastDelay	0	0	1	0
59.2017	49	0	1	LastDelay	0	0	1	0
59.2364	40	0	1	LastDelay	0	0	1	0
59.2881	32	0	1	LastDelay	0.00137894	1378.94	1	1
59.3168	12	0	1	LastDelay	0	0	1	0
59.3425	44	0	1	LastDelay	0.00676844	6768.44	1	1
59.3462	42	0	1	LastDelay	0	0	1	0
59.3562	78	0	1	LastDelay	0	0	1	0
59.4405	33	0	1	LastDelay	0	0	1	0
59.5272	17	0	1	LastDelay	0.00481145	4811.45	1	1
59.6334	27	0	1	LastDelay	0	0	1	0
59.6864	20	0	1	LastDelay	0.00229989	2299.89	1	1
59.7368	23	0	1	LastDelay	0.00820251	8202.51	1	1
59.7636	48	0	1	LastDelay	0.00367394	3673.94	1	1
59.7636	45	0	1	LastDelay	0.000556985	556.985	1	1
59.7802	36	0	1	LastDelay	0.00613846	6138.45	1	1
59.7874	0	0	1	LastDelay	0.00131473	1314.72	1	1
59.9306	91	0	1	LastDelay	0	0	1	0
59.9355	82	0	1	LastDelay	0	0	1	0
59.9801	35	0	1	LastDelay	0.00333007	3330.07	1	1
59.9817	31	0	1	LastDelay	0	0	1	0
59.9854	4	0	1	LastDelay	0	0	1	0
60.0203	24	0	1	LastDelay	0	0	1	0
60.1442	16	0	1	LastDelay	0	0	1	0
60.1467	52	0	1	LastDelay	0.386206	386206	1	1
60.2045	49	0	1	LastDelay	0.00286663	2866.63	1	1
60.2812	46	0	1	LastDelay	0.00441189	4411.89	1	1
60.2867	32	0	1	LastDelay	0	0	1	0
60.3201	12	0	1	LastDelay	0.00333027	3330.27	1	1
60.3201	47	0	1	LastDelay	0.274783	274783	1	1
60.3358	44	0	1	LastDelay	0	0	1	0
60.3477	42	0	1	LastDelay	0.00151025	1510.25	1	1
60.4229	39	0	1	LastDelay	0.00335639	3356.39	1	1
60.4439	33	0	1	LastDelay	0.0033302	3330.2	1	1
60.4684	21	0	1	LastDelay	0.000954405	954.405	1	1
60.5224	17	0	1	LastDelay	0	0	1	0
60.637	27	0	1	LastDelay	0.00365275	3652.75	1	1
60.6605	38	0	1	LastDelay	0.00277252	2772.52	1	1
60.6841	20	0	1	LastDelay	0	0	1	0
60.7286	23	0	1	LastDelay	0	0	1	0
60.7575	53	0	1	LastDelay	0.839543	839543	1	1
60.76	48	0	1	LastDelay	0	0	1	0
60.7605	52	0	1	LastDelay	0	0	1	0
60.7631	45	0	1	LastDelay	0	0	1	0
60.774	36	0	1	LastDelay	0	0	1	0
60.7861	0	0	1	LastDelay	0	0	1	0
60.918	53	0	1	LastDelay	0	0	1	0
60.9767	35	0	1	LastDelay	0	0	1	0
60.9865	4	0	1	LastDelay	0.00108329	1083.29	1	1
61.0334	24	0	1	LastDelay	0.0130614	13061.4	1	1
61.0396	41	0	1	LastDelay	0.00221025	2210.25	1	1
61.0453	47	0	1	LastDelay	0	0	1	0
61.1455	16	0	1	LastDelay	0.00121723	1217.23	1	1
61.183	43	0	1	LastDelay	0.00619158	6191.57	1	1
61.1895	25	0	1	LastDelay	0.00181339	1813.39	1	1
61.2017	49	0	1	LastDelay	0	0	1	0
61.2767	46	0	1	LastDelay	0	0	1	0
61.29	32	0	1	LastDelay	0.00333046	3330.46	1	1
61.3168	12	0	1	LastDelay	0	0	1	0
61.3462	42	0	1	LastDelay	0	0	1	0
61.4196	39	0	1	LastDelay	0	0	1	0
61.4405	33	0	1	LastDelay	0	0	1	0
61.4674	21	0	1	LastDelay	0	0	1	0
61.607	29	0	1	LastDelay	0.00367351	3673.51	1	1
61.6334	27	0	1	LastDelay	0	0	1	0
61.6406	58	0	1	LastDelay	0.00355098	3550.99	1	1
61.6577	38	0	1	LastDelay	0	0	1	0
61.7299	23	0	1	LastDelay	0.00132562	1325.62	1	1
61.7662	45	0	1	LastDelay	0.00313831	3138.31	1	1
61.7662	48	0	1	LastDelay	0.00625546	6255.46	1	1
61.7796	36	0	1	LastDelay	0.00559983	5599.83	1	1
61.7869	0	0	1	LastDelay	0.000763083	763.083	1	1
61.8081	52	0	1	LastDelay	0.04765	47650	1	1
61.9213	53	0	1	LastDelay	0.00334353	3343.53	1	1
61.9213	62	0	1	LastDelay	0.858786	858786	1	1
61.9832	31	0	1	LastDelay	0.00143094	1430.94	1	1
61.9832	35	0	1	LastDelay	0.00642526	6425.26	1	1
61.9854	4	0	1	LastDelay	0	0	1	0
62.0203	24	0	1	LastDelay	0	0	1	0
62.0374	41	0	1	LastDelay	0	0	1	0
62.0476	47	0	1	LastDelay	0.00231392	2313.91	1	1
62.0625	62	0	1	LastDelay	0	0	1	0
62.0676	109	0	1	LastDelay	0.00399672	3996.72	1	1
62.1285	8	0	1	LastDelay	0.00952041	9520.41	1	1
62.1442	16	0	1	LastDelay	0	0	1	0
62.1768	43	0	1	LastDelay	0	0	1	0
62.1877	25	0	1	LastDelay	0	0	1	0
62.205	49	0	1	LastDelay	0.00333033	3330.33	1	1
62.2398	40	0	1	LastDelay	0.00333002	3330.02	1	1
62.2867	32	0	1	LastDelay	0	0	1	0
62.3363	44	0	1	LastDelay	0.000528218	528.218	1	1
62.3531	42	0	1	LastDelay	0.00693888	6938.88	1	1
62.4439	33	0	1	LastDelay	0.0033304	3330.4	1	1
62.4766	21	0	1	LastDelay	0.00918526	9185.26	1	1
62.5165	28	0	1	LastDelay	0.00269986	2699.86	1	1
62.5298	17	0	1	LastDelay	0.00740846	7408.46	1	1
62.5543	83	0	1	LastDelay	0.00334355	3343.55	1	1
62.6033	29	0	1	LastDelay	0	0	1	0
62.637	58	0	1	LastDelay	0	0	1	0
62.6619	38	0	1	LastDelay	0.0041731	4173.1	1	1
62.7286	23	0	1	LastDelay	0	0	1	0
62.7292	37	0	1	LastDelay	0.0033301	3330.1	1	1
62.76	48	0	1	LastDelay	0	0	1	0
62.7605	52	0	1	LastDelay	0	0	1	0
62.7631	45	0	1	LastDelay	0	0	1	0
62.774	36	0	1	LastDelay	0	0	1	0
62.7861	0	0	1	LastDelay	0	0	1	0
62.918	53	0	1	LastDelay	0	0	1	0
62.9767	35	0	1	LastDelay	0	0	1	0
62.9817	31	0	1	LastDelay	0	0	1	0
62.9887	4	0	1	LastDelay	0.00333023	3330.23	1	1
63.0407	41	0	1	LastDelay	0.00326498	3264.98	1	1
63.0453	47	0	1	LastDelay	0	0	1	0
63.0636	109	0	1	LastDelay	0	0	1	0
63.119	8	0	1	LastDelay	0	0	1	0
63.1476	16	0	1	LastDelay	0.0033301	3330.1	1	1
63.1877	25	0	1	LastDelay	7.865e-06	7.865	1	1
63.2017	49	0	1	LastDelay	0	0	1	0
63.2364	40	0	1	LastDelay	0	0	1	0
63.27	10	0	1	LastDelay	0.00367334	3673.34	1	1
63.2801	46	0	1	LastDelay	0.00333009	3330.09	1	1
63.2916	32	0	1	LastDelay	0.00493356	4933.56	1	1
63.3027	50	0	1	LastDelay	0.0100824	10082.4	1	1
63.3224	12	0	1	LastDelay	0.0055884	5588.4	1	1
63.3358	44	0	1	LastDelay	0	0	1	0
63.3462	42	0	1	LastDelay	0	0	1	0
63.4405	33	0	1	LastDelay	0	0	1	0
63.4674	21	0	1	LastDelay	0	0	1	0
63.5138	28	0	1	LastDelay	0	0	1	0
63.5224	17	0	1	LastDelay	0	0	1	0
63.5509	83	0	1	LastDelay	0	0	1	0
63.6577	38	0	1	LastDelay	0	0	1	0
63.7259	37	0	1	LastDelay	0	0	1	0
63.7319	23	0	1	LastDelay	0.00333016	3330.16	1	1
63.764	45	0	1	LastDelay	0.000899628	899.628	1	1
63.764	52	0	1	LastDelay	0.00350171	3501.71	1	1
63.7815	36	0	1	LastDelay	0.00751077	7510.77	1	1
63.7884	0	0	1	LastDelay	0.0023202	2320.2	1	1
63.8893	2	0	1	LastDelay	0.00147314	1473.14	1	1
63.9832	31	0	1	LastDelay	0.00144401	1444.01	1	1
63.9832	35	0	1	LastDelay	0.00643832	6438.32	1	1
63.9854	4	0	1	LastDelay	0	0	1	0
64.0293	24	0	1	LastDelay	0.00897873	8978.73	1	1
64.0374	41	0	1	LastDelay	0	0	1	0
64.0527	47	0	1	LastDelay	0.00740191	7401.91	1	1
64.0715	62	0	1	LastDelay	0.00892436	8924.36	1	1
64.1115	58	0	1	LastDelay	0.474509	474509	1	1
64.1442	16	0	1	LastDelay	0	0	1	0
64.1801	43	0	1	LastDelay	0.00333059	3330.59	1	1
64.1877	25	0	1	LastDelay	0	0	1	0
64.205	49	0	1	LastDelay	0.00333006	3330.06	1	1
64.2384	40	0	1	LastDelay	0.00200763	2007.63	1	1
64.2663	10	0	1	LastDelay	0	0	1	0
64.2767	46	0	1	LastDelay	0	0	1	0
64.2867	32	0	1	LastDelay	0	0	1	0
64.2926	50	0	1	LastDelay	0	0	1	0
64.3168	12	0	1	LastDelay	0	0	1	0
64.3391	44	0	1	LastDelay	0.00333006	3330.06	1	1
64.3521	42	0	1	LastDelay	0.00595675	5956.74	1	1
64.423	55	0	1	LastDelay	0.702101	702101	1	1
64.447	33	0	1	LastDelay	0.00642546	6425.46	1	1
64.4724	21	0	1	LastDelay	0.00504611	5046.11	1	1
64.5151	28	0	1	LastDelay	0.00131351	1313.51	1	1
64.523	17	0	1	LastDelay	0.000637521	637.521	1	1
64.6362	27	0	1	LastDelay	0.00279092	2790.91	1	1
64.637	58	0	1	LastDelay	0	0	1	0
64.6561	54	0	1	LastDelay	0.0194483	19448.3	1	1
64.6623	38	0	1	LastDelay	0.00454826	4548.26	1	1
64.7209	55	0	1	LastDelay	0	0	1	0
64.7286	23	0	1	LastDelay	0	0	1	0
64.7292	37	0	1	LastDelay	0.00333013	3330.13	1	1
64.7513	51	0	1	LastDelay	0.473951	473951	1	1
64.7605	52	0	1	LastDelay	0	0	1	0
64.7609	48	0	1	LastDelay	0.000973812	973.812	1	1
64.7631	45	0	1	LastDelay	0	0	1	0
64.774	36	0	1	LastDelay	0	0	1	0
64.7861	0	0	1	LastDelay	0	0	1	0
64.8878	2	0	1	LastDelay	0	0	1	0
64.9213	53	0	1	LastDelay	0.0033303	3330.3	1	1
64.9767	35	0	1	LastDelay	0	0	1	0
64.9817	31	0	1	LastDelay	0	0	1	0
64.9887	4	0	1	LastDelay	0.00334307	3343.07	1	1
65.0203	24	0	1	LastDelay	0	0	1	0
65.0438	41	0	1	LastDelay	0.00642536	6425.36	1	1
65.0453	47	0	1	LastDelay	0	0	1	0
65.0625	62	0	1	LastDelay	0	0	1	0
65.1547	16	0	1	LastDelay	0.0104253	10425.3	1	1
65.1768	43	0	1	LastDelay	0	0	1	0
65.1943	25	0	1	LastDelay	0.00661501	6615.01	1	1
65.2017	49	0	1	LastDelay	0	0	1	0
65.2364	40	0	1	LastDelay	0	0	1	0
65.2774	51	0	1	LastDelay	0	0	1	0
65.2801	46	0	1	LastDelay	0.0033431	3343.1	1	1
65.2969	50	0	1	LastDelay	0.0043237	4323.7	1	1
65.2969	32	0	1	LastDelay	0.0102305	10230.5	1	1
65.323	12	0	1	LastDelay	0.00626145	6261.45	1	1
65.3358	44	0	1	LastDelay	0	0	1	0
65.3462	42	0	1	LastDelay	0	0	1	0
65.4405	33	0	1	LastDelay	0	0	1	0
65.4674	21	0	1	LastDelay	0	0	1	0
65.5138	28	0	1	LastDelay	0	0	1	0
65.5224	17	0	1	LastDelay	0	0	1	0
65.6097	29	0	1	LastDelay	0.00642564	6425.64	1	1
65.6334	27	0	1	LastDelay	0	0	1	0
65.6366	54	0	1	LastDelay	0	0	1	0
65.6577	38	0	1	LastDelay	0	0	1	0
65.7259	37	0	1	LastDelay	0	0	1	0
65.7324	23	0	1	LastDelay	0.0037932	3793.2	1	1
65.76	48	0	1	LastDelay	0	0	1	0
65.7637	45	0	1	LastDelay	0.000603354	603.354	1	1
65.7637	52	0	1	LastDelay	0.00320533	3205.33	1	1
65.7776	36	0	1	LastDelay	0.00356813	3568.13	1	1
65.7872	0	0	1	LastDelay	0.00114045	1140.45	1	1
65.918	53	0	1	LastDelay	0	0	1	0
65.9835	31	0	1	LastDelay	0.00180015	1800.15	1	1
65.9854	4	0	1	LastDelay	0	0	1	0
66.0286	24	0	1	LastDelay	0.00828801	8288.01	1	1
66.0374	41	0	1	LastDelay	0	0	1	0
66.0614	57	0	1	LastDelay	0.278635	278635	1	1
66.0914	47	0	1	LastDelay	0.0461146	46114.6	1	1
66.1442	16	0	1	LastDelay	0	0	1	0
66.1877	25	0	1	LastDelay	0	0	1	0
66.2398	40	0	1	LastDelay	0.00333005	3330.05	1	1
66.2767	46	0	1	LastDelay	0	0	1	0
66.2862	51	0	1	LastDelay	0.00888134	8881.34	1	1
66.2867	32	0	1	LastDelay	0	0	1	0
66.2926	50	0	1	LastDelay	0	0	1	0
66.3168	12	0	1	LastDelay	0	0	1	0
66.3533	42	0	1	LastDelay	0.00706698	7066.98	1	1
66.4439	33	0	1	LastDelay	0.0033301	3330.1	1	1
66.4677	21	0	1	LastDelay	0.000320001	320.001	1	1
66.5171	28	0	1	LastDelay	0.00333005	3330.05	1	1
66.524	17	0	1	LastDelay	0.00163789	1637.89	1	1
66.6033	29	0	1	LastDelay	0	0	1	0
66.634	27	0	1	LastDelay	0.000661626	661.626	1	1
66.6407	58	0	1	LastDelay	0.003659	3659	1	1
66.6531	54	0	1	LastDelay	0.0164315	16431.5	1	1
66.66	38	0	1	LastDelay	0.00224369	2243.69	1	1
66.7244	55	0	1	LastDelay	0.00349925	3499.25	1	1
66.7286	23	0	1	LastDelay	0	0	1	0
66.7605	52	0	1	LastDelay	0	0	1	0
66.7617	48	0	1	LastDelay	0.00168742	1687.42	1	1
66.7631	45	0	1	LastDelay	0	0	1	0
66.774	36	0	1	LastDelay	0	0	1	0
66.7827	57	0	1	LastDelay	0	0	1	0
66.7861	0	0	1	LastDelay	0	0	1	0
66.9817	31	0	1	LastDelay	0	0	1	0
66.9901	4	0	1	LastDelay	0.00466236	4662.36	1	1
67.0203	24	0	1	LastDelay	0	0	1	0
67.0408	41	0	1	LastDelay	0.0033643	3364.3	1	1
67.0453	47	0	1	LastDelay	0	0	1	0
67.1544	16	0	1	LastDelay	0.0101981	10198.1	1	1
67.1917	25	0	1	LastDelay	0.00401936	4019.36	1	1
67.2113	49	0	1	LastDelay	0.00960801	9608.01	1	1
67.2364	40	0	1	LastDelay	0	0	1	0
67.2774	51	0	1	LastDelay	0	0	1	0
67.2801	46	0	1	LastDelay	0.00334308	3343.08	1	1
67.2894	32	0	1	LastDelay	0.002654	2654	1	1
67.2963	50	0	1	LastDelay	0.003637	3637	1	1
67.3179	12	0	1	LastDelay	0.00115605	1156.05	1	1
67.3437	44	0	1	LastDelay	0.00793277	7932.77	1	1
67.3462	42	0	1	LastDelay	0	0	1	0
67.3889	62	0	1	LastDelay	0.326363	326363	1	1
67.4405	33	0	1	LastDelay	0	0	1	0
67.4674	21	0	1	LastDelay	0	0	1	0
67.5138	28	0	1	LastDelay	0	0	1	0
67.5224	17	0	1	LastDelay	0	0	1	0
67.6066	29	0	1	LastDelay	0.00333023	3330.23	1	1
67.6334	27	0	1	LastDelay	0	0	1	0
67.6366	54	0	1	LastDelay	0	0	1	0
67.637	58	0	1	LastDelay	0	0	1	0
67.6577	38	0	1	LastDelay	0	0	1	0
67.7209	55	0	1	LastDelay	0	0	1	0
67.7361	23	0	1	LastDelay	0.00754164	7541.64	1	1
67.76	48	0	1	LastDelay	0	0	1	0
67.7742	36	0	1	LastDelay	0.000132947	132.947	1	1
67.7742	45	0	1	LastDelay	0.0110822	11082.2	1	1
67.7887	0	0	1	LastDelay	0.00262054	2620.54	1	1
67.7928	57	0	1	LastDelay	0.0100934	10093.4	1	1
67.9244	53	0	1	LastDelay	0.00642546	6425.46	1	1
67.9835	31	0	1	LastDelay	0.00178753	1787.53	1	1
67.9854	4	0	1	LastDelay	0	0	1	0
68.0252	24	0	1	LastDelay	0.0048525	4852.5	1	1
68.0374	41	0	1	LastDelay	0	0	1	0
68.0625	62	0	1	LastDelay	0	0	1	0
68.1442	16	0	1	LastDelay	0	0	1	0
68.1877	25	0	1	LastDelay	0	0	1	0
68.2017	49	0	1	LastDelay	0	0	1	0
68.2429	40	0	1	LastDelay	0.00642526	6425.26	1	1
68.2767	46	0	1	LastDelay	0	0	1	0
68.2867	32	0	1	LastDelay	0	0	1	0
68.2926	50	0	1	LastDelay	0	0	1	0
68.3168	12	0	1	LastDelay	0	0	1	0
68.3358	44	0	1	LastDelay	0	0	1	0
68.4711	21	0	1	LastDelay	0.00369945	3699.45	1	1
68.5171	28	0	1	LastDelay	0.00333002	3330.02	1	1
68.5271	17	0	1	LastDelay	0.00472054	4720.55	1	1
68.6033	29	0	1	LastDelay	0	0	1	0
68.6343	27	0	1	LastDelay	0.000965892	965.892	1	1
68.6543	58	0	1	LastDelay	0.0172698	17269.8	1	1
68.6715	54	0	1	LastDelay	0.0349181	34918.1	1	1
68.7286	23	0	1	LastDelay	0	0	1	0
68.729	37	0	1	LastDelay	0.00307591	3075.91	1	1
68.7627	48	0	1	LastDelay	0.00275479	2754.79	1	1
68.7627	52	0	1	LastDelay	0.00223978	2239.78	1	1
68.7631	45	0	1	LastDelay	0	0	1	0
68.774	36	0	1	LastDelay	0	0	1	0
68.7827	57	0	1	LastDelay	0	0	1	0
68.7861	0	0	1	LastDelay	0	0	1	0
68.918	53	0	1	LastDelay	0	0	1	0
68.9817	31	0	1	LastDelay	0	0	1	0
68.9832	35	0	1	LastDelay	0.00642539	6425.39	1	1
68.9966	4	0	1	LastDelay	0.0112218	11221.8	1	1
69.0203	24	0	1	LastDelay	0	0	1	0
69.041	41	0	1	LastDelay	0.00362322	3623.22	1	1
69.0694	62	0	1	LastDelay	0.00691183	6911.83	1	1
69.1481	16	0	1	LastDelay	0.00390385	3903.85	1	1
69.191	25	0	1	LastDelay	0.00333019	3330.19	1	1
69.2017	49	0	1	LastDelay	5.2896e-05	52.896	1	1
69.2364	40	0	1	LastDelay	0	0	1	0
69.2808	51	0	1	LastDelay	0.00339325	3393.25	1	1
69.2911	32	0	1	LastDelay	0.00438496	4384.96	1	1
69.3083	50	0	1	LastDelay	0.0156834	15683.4	1	1
69.3238	12	0	1	LastDelay	0.00699872	6998.72	1	1
69.3368	44	0	1	LastDelay	0.00106432	1064.32	1	1
69.3681	42	0	1	LastDelay	0.0219449	21944.9	1	1
69.4439	33	0	1	LastDelay	0.0033301	3330.1	1	1
69.4594	56	0	1	LastDelay	0.39777	397770	1	1
69.4674	21	0	1	LastDelay	0	0	1	0
69.5138	28	0	1	LastDelay	0	0	1	0
69.5224	17	0	1	LastDelay	0	0	1	0
69.6098	29	0	1	LastDelay	0.00643854	6438.54	1	1
69.6334	27	0	1	LastDelay	0	0	1	0
69.6366	54	0	1	LastDelay	0	0	1	0
69.637	58	0	1	LastDelay	0	0	1	0
69.6391	61	0	1	LastDelay	0.00851257	8512.57	1	1
69.7242	55	0	1	LastDelay	0.00334338	3343.38	1	1
69.7259	37	0	1	LastDelay	0	0	1	0
69.7304	23	0	1	LastDelay	0.00181931	1819.31	1	1
69.76	48	0	1	LastDelay	0	0	1	0
69.7605	52	0	1	LastDelay	0	0	1	0
69.7661	45	0	1	LastDelay	0.00304664	3046.64	1	1
69.7792	36	0	1	LastDelay	0.00516437	5164.38	1	1
69.7902	0	0	1	LastDelay	0.00410846	4108.46	1	1
69.8067	57	0	1	LastDelay	0.0239859	23985.9	1	1
69.9213	53	0	1	LastDelay	0.0033301	3330.1	1	1
69.9767	35	0	1	LastDelay	0	0	1	0
69.9851	31	0	1	LastDelay	0.00333007	3330.07	1	1
69.9854	4	0	1	LastDelay	0	0	1	0
70.0213	24	0	1	LastDelay	0.000940083	940.083	1	1
70.0374	41	0	1	LastDelay	0	0	1	0
70.0616	56	0	1	LastDelay	0	0	1	0
70.0625	62	0	1	LastDelay	0	0	1	0
70.1223	8	0	1	LastDelay	0.00333005	3330.05	1	1
70.1442	16	0	1	LastDelay	0	0	1	0
70.1877	25	0	1	LastDelay	0	0	1	0
70.2017	49	0	1	LastDelay	0	0	1	0
70.2774	51	0	1	LastDelay	0	0	1	0
70.2801	46	0	1	LastDelay	0.00333025	3330.25	1	1
70.2867	32	0	1	LastDelay	0	0	1	0
70.2926	50	0	1	LastDelay	0	0	1	0
70.3168	12	0	1	LastDelay	0	0	1	0
70.3358	44	0	1	LastDelay	0	0	1	0
70.3462	42	0	1	LastDelay	0	0	1	0
70.4162	59	0	1	LastDelay	0.00339547	3395.47	1	1
70.4405	33	0	1	LastDelay	0	0	1	0
70.5251	17	0	1	LastDelay	0.0026546	2654.6	1	1
70.6033	29	0	1	LastDelay	0	0	1	0
70.6306	61	0	1	LastDelay	0	0	1	0
70.6401	58	0	1	LastDelay	0.00311339	3113.39	1	1
70.6401	54	0	1	LastDelay	0.00350549	3505.49	1	1
70.662	38	0	1	LastDelay	0.00423357	4233.57	1	1
70.7209	55	0	1	LastDelay	0	0	1	0
70.7286	23	0	1	LastDelay	0	0	1	0
70.7609	48	0	1	LastDelay	0.00092235	922.35	1	1
70.7609	52	0	1	LastDelay	0.000407322	407.322	1	1
70.7631	45	0	1	LastDelay	0	0	1	0
70.774	36	0	1	LastDelay	0	0	1	0
70.7827	57	0	1	LastDelay	0	0	1	0
70.7861	0	0	1	LastDelay	0	0	1	0
70.8248	63	0	1	LastDelay	0.0038298	3829.8	1	1
70.918	53	0	1	LastDelay	0	0	1	0
70.9817	31	0	1	LastDelay	0	0	1	0
71.0203	24	0	1	LastDelay	0	0	1	0
71.0881	62	0	1	LastDelay	0.0255813	25581.3	1	1
71.119	8	0	1	LastDelay	0	0	1	0
71.2089	49	0	1	LastDelay	0.00723349	7233.49	1	1
71.2365	40	0	1	LastDelay	6.4479e-05	64.479	1	1
71.2767	46	0	1	LastDelay	0	0	1	0
71.2807	67	0	1	LastDelay	0.664743	664743	1	1
71.2838	51	0	1	LastDelay	0.00646509	6465.09	1	1
71.2904	32	0	1	LastDelay	0.00371214	3712.14	1	1
71.2946	50	0	1	LastDelay	0.00195791	1957.91	1	1
71.3224	12	0	1	LastDelay	0.00566136	5661.36	1	1
71.3462	42	0	1	LastDelay	1.1251e-05	11.251	1	1
71.3462	44	0	1	LastDelay	0.0104388	10438.8	1	1
71.4128	59	0	1	LastDelay	0	0	1	0
71.4439	33	0	1	LastDelay	0.00334315	3343.15	1	1
71.4685	21	0	1	LastDelay	0.00105937	1059.37	1	1
71.5169	28	0	1	LastDelay	0.00304039	3040.39	1	1
71.5224	17	0	1	LastDelay	0	0	1	0
71.616	67	0	1	LastDelay	0	0	1	0
71.6366	54	0	1	LastDelay	0	0	1	0
71.637	27	0	1	LastDelay	0.00360943	3609.43	1	1
71.637	58	0	1	LastDelay	0	0	1	0
71.6432	61	0	1	LastDelay	0.0125988	12598.8	1	1
71.6577	38	0	1	LastDelay	0	0	1	0
71.7273	37	0	1	LastDelay	0.00140199	1401.99	1	1
71.7304	23	0	1	LastDelay	0.00180593	1805.93	1	1
71.76	48	0	1	LastDelay	0	0	1	0
71.7605	52	0	1	LastDelay	0	0	1	0
71.7656	45	0	1	LastDelay	0.0025614	2561.4	1	1
71.7822	36	0	1	LastDelay	0.00811765	8117.65	1	1
71.7859	57	0	1	LastDelay	0.0032151	3215.1	1	1
71.8031	0	0	1	LastDelay	0.0170363	17036.3	1	1
71.821	63	0	1	LastDelay	0	0	1	0
71.8888	65	0	1	LastDelay	0.0034214	3421.4	1	1
71.9279	53	0	1	LastDelay	0.00990269	9902.69	1	1
71.9832	31	0	1	LastDelay	0.00144428	1444.28	1	1
71.9832	35	0	1	LastDelay	0.00643858	6438.58	1	1
71.9928	4	0	1	LastDelay	0.00741418	7414.18	1	1
72.0224	24	0	1	LastDelay	0.00207068	2070.68	1	1
72.0386	41	0	1	LastDelay	0.00119585	1195.85	1	1
72.0625	62	0	1	LastDelay	0	0	1	0
72.0681	56	0	1	LastDelay	0.00648637	6486.37	1	1
72.1223	8	0	1	LastDelay	0.00333018	3330.18	1	1
72.1538	16	0	1	LastDelay	0.00959277	9592.77	1	1
72.1887	25	0	1	LastDelay	0.00102538	1025.38	1	1
72.2017	49	0	1	LastDelay	0	0	1	0
72.2364	40	0	1	LastDelay	0	0	1	0
72.2774	51	0	1	LastDelay	0	0	1	0
72.2801	46	0	1	LastDelay	0.00333021	3330.21	1	1
72.2867	32	0	1	LastDelay	0	0	1	0
72.2926	50	0	1	LastDelay	0	0	1	0
72.3168	12	0	1	LastDelay	0	0	1	0
72.3358	44	0	1	LastDelay	0	0	1	0
72.3462	42	0	1	LastDelay	0	0	1	0
72.4196	59	0	1	LastDelay	0.00678181	6781.81	1	1
72.4405	33	0	1	LastDelay	0	0	1	0
72.4674	21	0	1	LastDelay	0	0	1	0
72.5138	28	0	1	LastDelay	0	0	1	0
72.5257	17	0	1	LastDelay	0.0033301	3330.1	1	1
72.6306	61	0	1	LastDelay	0	0	1	0
72.6334	27	0	1	LastDelay	0	0	1	0
72.6387	58	0	1	LastDelay	0.00163764	1637.64	1	1
72.6387	54	0	1	LastDelay	0.00202976	2029.76	1	1
72.6588	38	0	1	LastDelay	0.00108347	1083.47	1	1
72.7259	37	0	1	LastDelay	0	0	1	0
72.7266	55	0	1	LastDelay	0.00575399	5753.99	1	1
72.7286	23	0	1	LastDelay	0	0	1	0
72.7541	66	0	1	LastDelay	0.023722	23722	1	1
72.7631	45	0	1	LastDelay	0	0	1	0
72.7637	48	0	1	LastDelay	0.00371556	3715.56	1	1
72.7637	52	0	1	LastDelay	0.00320053	3200.53	1	1
72.774	36	0	1	LastDelay	0	0	1	0
72.7827	57	0	1	LastDelay	0	0	1	0
72.7861	0	0	1	LastDelay	0	0	1	0
72.8854	65	0	1	LastDelay	0	0	1	0
72.918	53	0	1	LastDelay	0	0	1	0
72.9767	35	0	1	LastDelay	0	0	1	0
72.9817	31	0	1	LastDelay	0	0	1	0
72.9854	4	0	1	LastDelay	0	0	1	0
73.0203	24	0	1	LastDelay	0	0	1	0
73.0374	41	0	1	LastDelay	0	0	1	0
73.0616	56	0	1	LastDelay	0	0	1	0
73.119	8	0	1	LastDelay	0	0	1	0
73.1442	16	0	1	LastDelay	0	0	1	0
73.1877	25	0	1	LastDelay	0	0	1	0
73.2398	40	0	1	LastDelay	0.00333005	3330.05	1	1
73.2767	46	0	1	LastDelay	0	0	1	0
73.2935	50	0	1	LastDelay	0.000861909	861.909	1	1
73.3256	12	0	1	LastDelay	0.00881556	8815.56	1	1
73.3418	44	0	1	LastDelay	0.00603905	6039.05	1	1
73.3488	42	0	1	LastDelay	0.00258112	2581.12	1	1
73.4128	59	0	1	LastDelay	0	0	1	0
73.4676	21	0	1	LastDelay	0.000202933	202.933	1	1
73.5224	17	0	1	LastDelay	0	0	1	0
73.6066	29	0	1	LastDelay	0.00333035	3330.35	1	1
73.6366	54	0	1	LastDelay	0	0	1	0
73.637	58	0	1	LastDelay	0	0	1	0
73.6398	61	0	1	LastDelay	0.00924144	9241.44	1	1
73.6577	38	0	1	LastDelay	0	0	1	0
73.7209	55	0	1	LastDelay	0	0	1	0
73.7303	23	0	1	LastDelay	0.00166857	1668.57	1	1
73.7303	66	0	1	LastDelay	0	0	1	0
73.76	48	0	1	LastDelay	0	0	1	0
73.7605	52	0	1	LastDelay	0	0	1	0
73.7634	45	0	1	LastDelay	0.000354379	354.379	1	1
73.811	36	0	1	LastDelay	0.0369999	36999.9	1	1
73.9801	35	0	1	LastDelay	0.00333002	3330.02	1	1
73.9863	4	0	1	LastDelay	0.00086758	867.58	1	1
73.9863	31	0	1	LastDelay	0.00452609	4526.09	1	1
74.0738	56	0	1	LastDelay	0.0121802	12180.2	1	1
74.0738	62	0	1	LastDelay	0.0112399	11239.9	1	1
74.1223	8	0	1	LastDelay	0.00333007	3330.07	1	1
74.1516	16	0	1	LastDelay	0.00738181	7381.81	1	1
74.1516	60	0	1	LastDelay	0.00607672	6076.72	1	1
74.2012	64	0	1	LastDelay	0.357241	357241	1	1
74.2044	49	0	1	LastDelay	0.00277233	2772.33	1	1
74.2364	40	0	1	LastDelay	0	0	1	0
74.2869	32	0	1	LastDelay	0.000231606	231.606	1	1
74.2926	50	0	1	LastDelay	0	0	1	0
74.3168	12	0	1	LastDelay	0	0	1	0
74.3358	44	0	1	LastDelay	0	0	1	0
74.3462	42	0	1	LastDelay	0	0	1	0
74.446	33	0	1	LastDelay	0.00546825	5468.25	1	1
74.4674	21	0	1	LastDelay	0	0	1	0
74.5171	28	0	1	LastDelay	0.00333006	3330.06	1	1
74.5265	17	0	1	LastDelay	0.00405998	4059.98	1	1
74.6033	29	0	1	LastDelay	0	0	1	0
74.6306	61	0	1	LastDelay	0	0	1	0
74.6374	54	0	1	LastDelay	0.000753974	753.974	1	1
74.6439	58	0	1	LastDelay	0.0068952	6895.2	1	1
74.6725	38	0	1	LastDelay	0.014779	14779	1	1
74.7286	23	0	1	LastDelay	0	0	1	0
74.7382	37	0	1	LastDelay	0.0122577	12257.7	1	1
74.7413	66	0	1	LastDelay	0.010929	10929	1	1
74.7631	45	0	1	LastDelay	0	0	1	0
74.764	48	0	1	LastDelay	0.00404172	4041.72	1	1
74.764	52	0	1	LastDelay	0.00352669	3526.69	1	1
74.774	36	0	1	LastDelay	0	0	1	0
74.7867	0	0	1	LastDelay	0.000605734	605.734	1	1
74.7867	57	0	1	LastDelay	0.00397813	3978.13	1	1
74.828	63	0	1	LastDelay	0.00701208	7012.08	1	1
74.844	64	0	1	LastDelay	0	0	1	0
74.8918	65	0	1	LastDelay	0.0064261	6426.1	1	1
74.9212	53	0	1	LastDelay	0.00326261	3262.61	1	1
74.9619	69	0	1	LastDelay	0.696273	696273	1	1
74.9767	35	0	1	LastDelay	0	0	1	0
74.9817	31	0	1	LastDelay	0	0	1	0
74.9854	4	0	1	LastDelay	0	0	1	0
75.0409	41	0	1	LastDelay	0.0034676	3467.6	1	1
75.0616	56	0	1	LastDelay	0	0	1	0
75.0625	62	0	1	LastDelay	0	0	1	0
75.119	8	0	1	LastDelay	0	0	1	0
75.1442	16	0	1	LastDelay	0	0	1	0
75.1455	60	0	1	LastDelay	0	0	1	0
75.2017	49	0	1	LastDelay	0	0	1	0
75.2429	40	0	1	LastDelay	0.00647741	6477.41	1	1
75.2656	69	0	1	LastDelay	0	0	1	0
75.2867	32	0	1	LastDelay	0	0	1	0
75.2985	50	0	1	LastDelay	0.00588752	5887.52	1	1
75.3205	12	0	1	LastDelay	0.00373757	3737.57	1	1
75.3469	44	0	1	LastDelay	0.0111207	11120.7	1	1
75.3469	42	0	1	LastDelay	0.000693561	693.561	1	1
75.4158	59	0	1	LastDelay	0.00303275	3032.75	1	1
75.4405	33	0	1	LastDelay	0	0	1	0
75.4707	21	0	1	LastDelay	0.00333015	3330.15	1	1
75.5138	28	0	1	LastDelay	0	0	1	0
75.5224	17	0	1	LastDelay	0	0	1	0
75.6366	54	0	1	LastDelay	0	0	1	0
75.637	58	0	1	LastDelay	0	0	1	0
75.6383	27	0	1	LastDelay	0.0049363	4936.3	1	1
75.6383	61	0	1	LastDelay	0.00773547	7735.47	1	1
75.6577	38	0	1	LastDelay	0	0	1	0
75.6628	67	0	1	LastDelay	0.0468468	46846.8	1	1
75.7242	55	0	1	LastDelay	0.00333015	3330.15	1	1
75.7259	37	0	1	LastDelay	0	0	1	0
75.7303	66	0	1	LastDelay	0	0	1	0
75.74	23	0	1	LastDelay	0.0114353	11435.3	1	1
75.76	48	0	1	LastDelay	0	0	1	0
75.7605	52	0	1	LastDelay	0	0	1	0
75.7762	36	0	1	LastDelay	0.00219172	2191.72	1	1
75.7827	57	0	1	LastDelay	0	0	1	0
75.7861	0	0	1	LastDelay	0	0	1	0
75.821	63	0	1	LastDelay	0	0	1	0
75.8854	65	0	1	LastDelay	0	0	1	0
75.918	53	0	1	LastDelay	0	0	1	0
75.9839	31	0	1	LastDelay	0.00211758	2117.57	1	1
75.9935	4	0	1	LastDelay	0.00807661	8076.61	1	1
76.0227	24	0	1	LastDelay	0.00237612	2376.12	1	1
76.0374	41	0	1	LastDelay	0	0	1	0
76.0633	62	0	1	LastDelay	0.000734353	734.353	1	1
76.085	56	0	1	LastDelay	0.0233728	23372.8	1	1
76.1223	8	0	1	LastDelay	0.00333005	3330.05	1	1
76.1457	16	0	1	LastDelay	0.00148193	1481.93	1	1
76.1457	60	0	1	LastDelay	0.000176683	176.683	1	1
76.188	25	0	1	LastDelay	0.000358504	358.504	1	1
76.2019	49	0	1	LastDelay	0.000255736	255.736	1	1
76.2364	40	0	1	LastDelay	0	0	1	0
76.2801	46	0	1	LastDelay	0.00333005	3330.05	1	1
76.2894	32	0	1	LastDelay	0.00264069	2640.69	1	1
76.2926	50	0	1	LastDelay	0	0	1	0
76.3168	12	0	1	LastDelay	0	0	1	0
76.3358	44	0	1	LastDelay	0	0	1	0
76.3462	42	0	1	LastDelay	0	0	1	0
76.4128	59	0	1	LastDelay	0	0	1	0
76.4674	21	0	1	LastDelay	0	0	1	0
76.5171	28	0	1	LastDelay	0.00333002	3330.02	1	1
76.5247	17	0	1	LastDelay	0.00231118	2311.18	1	1
76.616	67	0	1	LastDelay	0	0	1	0
76.6306	61	0	1	LastDelay	0	0	1	0
76.6334	27	0	1	LastDelay	0	0	1	0
76.64	58	0	1	LastDelay	0.00302205	3022.05	1	1
76.6471	54	0	1	LastDelay	0.0104787	10478.7	1	1
76.6729	38	0	1	LastDelay	0.0151822	15182.2	1	1
76.7209	55	0	1	LastDelay	0	0	1	0
76.7259	37	0	1	LastDelay	3.8458e-05	38.458	1	1
76.7286	23	0	1	LastDelay	0	0	1	0
76.7359	66	0	1	LastDelay	0.00559996	5599.96	1	1
76.7635	45	0	1	LastDelay	0.000407956	407.956	1	1
76.7635	48	0	1	LastDelay	0.00352506	3525.06	1	1
76.7635	52	0	1	LastDelay	0.00301002	3010.02	1	1
76.774	36	0	1	LastDelay	0	0	1	0
76.7827	57	0	1	LastDelay	8.222e-06	8.222	1	1
76.8023	0	0	1	LastDelay	0.01625	16250	1	1
76.8471	64	0	1	LastDelay	0.00314749	3147.49	1	1
76.9219	53	0	1	LastDelay	0.00388244	3882.45	1	1
76.9801	35	0	1	LastDelay	0.0033303	3330.3	1	1
76.9817	31	0	1	LastDelay	0	0	1	0
76.9854	4	0	1	LastDelay	0	0	1	0
77.0203	24	0	1	LastDelay	0	0	1	0
77.0407	41	0	1	LastDelay	0.00333006	3330.06	1	1
77.0616	56	0	1	LastDelay	0	0	1	0
77.0625	62	0	1	LastDelay	0	0	1	0
77.119	8	0	1	LastDelay	0	0	1	0
77.1442	16	0	1	LastDelay	0	0	1	0
77.1455	60	0	1	LastDelay	0	0	1	0
77.1877	25	0	1	LastDelay	0	0	1	0
77.2017	49	0	1	LastDelay	0	0	1	0
77.2398	40	0	1	LastDelay	0.00333026	3330.26	1	1
77.2695	69	0	1	LastDelay	0.00386986	3869.86	1	1
77.2767	46	0	1	LastDelay	0	0	1	0
77.2867	32	0	1	LastDelay	0	0	1	0
77.2981	50	0	1	LastDelay	0.00544133	5441.33	1	1
77.3363	44	0	1	LastDelay	0.000555246	555.246	1	1
77.3501	42	0	1	LastDelay	0.00389519	3895.19	1	1
77.4425	33	0	1	LastDelay	0.00193765	1937.65	1	1
77.468	21	0	1	LastDelay	0.000558536	558.536	1	1
77.5138	28	0	1	LastDelay	0	0	1	0
77.5224	17	0	1	LastDelay	0	0	1	0
77.6066	29	0	1	LastDelay	0.00333015	3330.15	1	1
77.6164	67	0	1	LastDelay	0.000367615	367.615	1	1
77.6355	27	0	1	LastDelay	0.00218149	2181.49	1	1
77.6355	61	0	1	LastDelay	0.00498065	4980.65	1	1
77.6366	54	0	1	LastDelay	0	0	1	0
77.637	58	0	1	LastDelay	0	0	1	0
77.6577	38	0	1	LastDelay	0	0	1	0
77.7259	37	0	1	LastDelay	0	0	1	0
77.7303	66	0	1	LastDelay	0	0	1	0
77.7311	23	0	1	LastDelay	0.0025051	2505.1	1	1
77.76	48	0	1	LastDelay	0	0	1	0
77.7605	52	0	1	LastDelay	0	0	1	0
77.7631	45	0	1	LastDelay	0	0	1	0
77.782	36	0	1	LastDelay	0.00794385	7943.85	1	1
77.7827	57	0	1	LastDelay	0	0	1	0
77.7861	0	0	1	LastDelay	0	0	1	0
77.844	64	0	1	LastDelay	0	0	1	0
77.8887	65	0	1	LastDelay	0.00333022	3330.22	1	1
77.918	53	0	1	LastDelay	0	0	1	0
77.9767	35	0	1	LastDelay	0	0	1	0
77.9913	4	0	1	LastDelay	0.0058619	5861.9	1	1
78.031	24	0	1	LastDelay	0.0106271	10627.1	1	1
78.0374	41	0	1	LastDelay	0	0	1	0
78.0664	62	0	1	LastDelay	0.00386076	3860.76	1	1
78.1445	16	0	1	LastDelay	0.000236242	236.242	1	1
78.1514	60	0	1	LastDelay	0.0058465	5846.5	1	1
78.1904	25	0	1	LastDelay	0.0027268	2726.8	1	1
78.2036	49	0	1	LastDelay	0.00193863	1938.63	1	1
78.2364	40	0	1	LastDelay	0	0	1	0
78.254	71	0	1	LastDelay	0.00333048	3330.48	1	1
78.2656	69	0	1	LastDelay	0	0	1	0
78.2801	46	0	1	LastDelay	0.0033302	3330.2	1	1
78.2869	32	0	1	LastDelay	0.000231713	231.713	1	1
78.2926	50	0	1	LastDelay	0	0	1	0
78.3204	12	0	1	LastDelay	0.00358378	3583.78	1	1
78.3358	44	0	1	LastDelay	0	0	1	0
78.3462	42	0	1	LastDelay	0	0	1	0
78.4161	59	0	1	LastDelay	0.00333045	3330.45	1	1
78.4405	33	0	1	LastDelay	0	0	1	0
78.4674	21	0	1	LastDelay	0	0	1	0
78.5171	28	0	1	LastDelay	0.0033301	3330.1	1	1
78.5237	17	0	1	LastDelay	0.00129495	1294.95	1	1
78.6033	29	0	1	LastDelay	0	0	1	0
78.616	67	0	1	LastDelay	0	0	1	0
78.6306	61	0	1	LastDelay	0	0	1	0
78.6334	27	0	1	LastDelay	0	0	1	0
78.64	58	0	1	LastDelay	0.00293824	2938.24	1	1
78.6773	38	0	1	LastDelay	0.0195738	19573.8	1	1
78.6773	70	0	1	LastDelay	0.0256474	25647.4	1	1
78.7286	23	0	1	LastDelay	0	0	1	0
78.7304	37	0	1	LastDelay	0.00451002	4510.02	1	1
78.7304	55	0	1	LastDelay	0.00953358	9533.58	1	1
78.7335	66	0	1	LastDelay	0.00318083	3180.83	1	1
78.7659	48	0	1	LastDelay	0.00590957	5909.57	1	1
78.7659	52	0	1	LastDelay	0.00539453	5394.53	1	1
78.7659	45	0	1	LastDelay	0.00279267	2792.67	1	1
78.774	36	0	1	LastDelay	0	0	1	0
78.7892	0	0	1	LastDelay	0.00314569	3145.69	1	1
78.7892	57	0	1	LastDelay	0.00651806	6518.06	1	1
78.825	63	0	1	LastDelay	0.00402011	4020.11	1	1
78.8474	64	0	1	LastDelay	0.00340034	3400.34	1	1
78.8854	65	0	1	LastDelay	0	0	1	0
78.9213	53	0	1	LastDelay	0.00333029	3330.29	1	1
78.9832	31	0	1	LastDelay	0.00143118	1431.18	1	1
78.9854	4	0	1	LastDelay	0	0	1	0
79.0203	24	0	1	LastDelay	0	0	1	0
79.0411	41	0	1	LastDelay	0.00365319	3653.19	1	1
79.0625	62	0	1	LastDelay	0	0	1	0
79.1223	8	0	1	LastDelay	0.00333006	3330.06	1	1
79.1254	68	0	1	LastDelay	0.465962	465962	1	1
79.1442	16	0	1	LastDelay	0	0	1	0
79.1455	60	0	1	LastDelay	0	0	1	0
79.1877	25	0	1	LastDelay	0	0	1	0
79.2017	49	0	1	LastDelay	0	0	1	0
79.2398	40	0	1	LastDelay	0.00333005	3330.05	1	1
79.2507	71	0	1	LastDelay	0	0	1	0
79.2714	69	0	1	LastDelay	0.00576604	5766.04	1	1
79.2767	46	0	1	LastDelay	0	0	1	0
79.2867	32	0	1	LastDelay	0	0	1	0
79.3014	50	0	1	LastDelay	0.00879859	8798.59	1	1
79.3168	12	0	1	LastDelay	0	0	1	0
79.3362	44	0	1	LastDelay	0.000421827	421.827	1	1
79.3489	42	0	1	LastDelay	0.00273187	2731.87	1	1
79.4128	59	0	1	LastDelay	0	0	1	0
79.4442	33	0	1	LastDelay	0.00362414	3624.14	1	1
79.4707	21	0	1	LastDelay	0.0033401	3340.1	1	1
79.5138	28	0	1	LastDelay	0	0	1	0
79.5224	17	0	1	LastDelay	0	0	1	0
79.6066	29	0	1	LastDelay	0.0033301	3330.1	1	1
79.6283	67	0	1	LastDelay	0.0123278	12327.8	1	1
79.6314	61	0	1	LastDelay	0.000845573	845.573	1	1
79.6355	27	0	1	LastDelay	0.00217124	2171.24	1	1
79.637	58	0	1	LastDelay	0	0	1	0
79.6486	54	0	1	LastDelay	0.0120148	12014.8	1	1
79.6516	70	0	1	LastDelay	0	0	1	0
79.6577	38	0	1	LastDelay	0	0	1	0
79.6594	68	0	1	LastDelay	0	0	1	0
79.7209	55	0	1	LastDelay	0	0	1	0
79.7259	37	0	1	LastDelay	0	0	1	0
79.7303	66	0	1	LastDelay	0	0	1	0
79.76	48	0	1	LastDelay	0	0	1	0
79.7605	52	0	1	LastDelay	0	0	1	0
79.7631	45	0	1	LastDelay	0	0	1	0
79.777	36	0	1	LastDelay	0.00297135	2971.35	1	1
79.7827	57	0	1	LastDelay	0	0	1	0
79.7861	0	0	1	LastDelay	0	0	1	0
79.821	63	0	1	LastDelay	0	0	1	0
79.844	64	0	1	LastDelay	0	0	1	0
79.918	53	0	1	LastDelay	0	0	1	0
79.9817	31	0	1	LastDelay	0	0	1	0
79.988	4	0	1	LastDelay	0.00259609	2596.09	1	1
80.0303	24	0	1	LastDelay	0.00995441	9954.41	1	1
80.0374	41	0	1	LastDelay	0	0	1	0
80.119	8	0	1	LastDelay	0	0	1	0
80.1552	60	0	1	LastDelay	0.0096142	9614.2	1	1
80.203	49	0	1	LastDelay	0.00136098	1360.98	1	1
80.2364	40	0	1	LastDelay	0	0	1	0
80.2656	69	0	1	LastDelay	0	0	1	0
80.2801	46	0	1	LastDelay	0.00333016	3330.16	1	1
80.2883	32	0	1	LastDelay	0.00160505	1605.06	1	1
80.2926	50	0	1	LastDelay	0	0	1	0
80.3189	12	0	1	LastDelay	0.00214596	2145.96	1	1
80.3358	44	0	1	LastDelay	0	0	1	0
80.3462	42	0	1	LastDelay	0	0	1	0
80.4405	33	0	1	LastDelay	0	0	1	0
80.4674	21	0	1	LastDelay	0	0	1	0
80.5171	28	0	1	LastDelay	0.00333002	3330.02	1	1
80.524	17	0	1	LastDelay	0.00163806	1638.07	1	1
80.6033	29	0	1	LastDelay	0	0	1	0
80.616	67	0	1	LastDelay	0	0	1	0
80.6306	61	0	1	LastDelay	0	0	1	0
80.6334	27	0	1	LastDelay	0	0	1	0
80.6366	54	0	1	LastDelay	0	0	1	0
80.6689	38	0	1	LastDelay	0.0112085	11208.5	1	1
80.6689	70	0	1	LastDelay	0.0172822	17282.2	1	1
80.7023	68	0	1	LastDelay	0.042862	42862	1	1
80.7023	75	0	1	LastDelay	0.284362	284362	1	1
80.7311	37	0	1	LastDelay	0.00518316	5183.16	1	1
80.7383	66	0	1	LastDelay	0.00797911	7979.11	1	1
80.7479	23	0	1	LastDelay	0.0193409	19340.9	1	1
80.7645	48	0	1	LastDelay	0.00449092	4490.93	1	1
80.7645	52	0	1	LastDelay	0.00397589	3975.89	1	1
80.7721	45	0	1	LastDelay	0.0089778	8977.8	1	1
80.774	36	0	1	LastDelay	0	0	1	0
80.7948	0	0	1	LastDelay	0.00868279	8682.79	1	1
80.8137	57	0	1	LastDelay	0.0309949	30994.9	1	1
80.8458	64	0	1	LastDelay	0.0018525	1852.51	1	1
80.9302	53	0	1	LastDelay	0.0121922	12192.2	1	1
80.9771	35	0	1	LastDelay	0.000325612	325.612	1	1
80.9854	4	0	1	LastDelay	0	0	1	0
80.9906	31	0	1	LastDelay	0.00887347	8873.47	1	1
81.0203	24	0	1	LastDelay	0	0	1	0
81.0467	41	0	1	LastDelay	0.00927527	9275.27	1	1
81.0628	62	0	1	LastDelay	0.000310149	310.149	1	1
81.1247	8	0	1	LastDelay	0.00579075	5790.75	1	1
81.1455	60	0	1	LastDelay	0	0	1	0
81.147	16	0	1	LastDelay	0.00272861	2728.61	1	1
81.19	25	0	1	LastDelay	0.00235834	2358.34	1	1
81.2017	49	0	1	LastDelay	0	0	1	0
81.2398	40	0	1	LastDelay	0.0033301	3330.1	1	1
81.2594	71	0	1	LastDelay	0.0087122	8712.2	1	1
81.2718	69	0	1	LastDelay	0.00613475	6134.75	1	1
81.2767	46	0	1	LastDelay	0	0	1	0
81.2867	32	0	1	LastDelay	0	0	1	0
81.2979	50	0	1	LastDelay	0.00531032	5310.31	1	1
81.3168	12	0	1	LastDelay	0	0	1	0
81.3465	44	0	1	LastDelay	0.0107775	10777.5	1	1
81.3558	42	0	1	LastDelay	0.00963581	9635.81	1	1
81.4161	59	0	1	LastDelay	0.0033302	3330.2	1	1
81.4179	75	0	1	LastDelay	0	0	1	0
81.4409	33	0	1	LastDelay	0.000339579	339.579	1	1
81.4691	21	0	1	LastDelay	0.00171304	1713.04	1	1
81.5138	28	0	1	LastDelay	0	0	1	0
81.5224	17	0	1	LastDelay	0	0	1	0
81.6066	29	0	1	LastDelay	0.00333024	3330.24	1	1
81.6287	67	0	1	LastDelay	0.0126964	12696.4	1	1
81.6318	61	0	1	LastDelay	0.00121416	1214.16	1	1
81.6349	27	0	1	LastDelay	0.00151003	1510.03	1	1
81.638	58	0	1	LastDelay	0.000950358	950.358	1	1
81.638	54	0	1	LastDelay	0.00134264	1342.64	1	1
81.6516	70	0	1	LastDelay	0	0	1	0
81.6577	38	0	1	LastDelay	0	0	1	0
81.6594	68	0	1	LastDelay	0	0	1	0
81.7013	74	0	1	LastDelay	0.0244534	24453.4	1	1
81.7259	37	0	1	LastDelay	0	0	1	0
81.7286	23	0	1	LastDelay	0	0	1	0
81.7295	55	0	1	LastDelay	0.00860629	8606.29	1	1
81.7303	66	0	1	LastDelay	0	0	1	0
81.76	48	0	1	LastDelay	0	0	1	0
81.7605	52	0	1	LastDelay	0	0	1	0
81.7631	45	0	1	LastDelay	0	0	1	0
81.7777	36	0	1	LastDelay	0.00368008	3680.08	1	1
81.7827	57	0	1	LastDelay	0	0	1	0
81.7861	0	0	1	LastDelay	0	0	1	0
81.844	64	0	1	LastDelay	0	0	1	0
81.918	53	0	1	LastDelay	0	0	1	0
81.9767	35	0	1	LastDelay	0	0	1	0
81.9817	31	0	1	LastDelay	0	0	1	0
82.0228	24	0	1	LastDelay	0.00249962	2499.62	1	1
82.0374	41	0	1	LastDelay	0	0	1	0
82.0625	62	0	1	LastDelay	0	0	1	0
82.119	8	0	1	LastDelay	0	0	1	0
82.1442	16	0	1	LastDelay	0	0	1	0
82.1489	60	0	1	LastDelay	0.0033304	3330.4	1	1
82.1877	25	0	1	LastDelay	0	0	1	0
82.2364	40	0	1	LastDelay	0	0	1	0
82.2507	71	0	1	LastDelay	0	0	1	0
82.2656	69	0	1	LastDelay	0	0	1	0
82.2801	46	0	1	LastDelay	0.00333023	3330.23	1	1
82.2926	50	0	1	LastDelay	0	0	1	0
82.2935	32	0	1	LastDelay	0.00677843	6778.43	1	1
82.3173	12	0	1	LastDelay	0.000489699	489.699	1	1
82.3358	44	0	1	LastDelay	0	0	1	0
82.3462	42	0	1	LastDelay	0	0	1	0
82.4128	59	0	1	LastDelay	0	0	1	0
82.4405	33	0	1	LastDelay	0	0	1	0
82.4674	21	0	1	LastDelay	0	0	1	0
82.5171	28	0	1	LastDelay	0.00333024	3330.24	1	1
82.5264	17	0	1	LastDelay	0.00403404	4034.04	1	1
82.6033	29	0	1	LastDelay	0	0	1	0
82.616	67	0	1	LastDelay	0	0	1	0
82.6306	61	0	1	LastDelay	0	0	1	0
82.6334	27	0	1	LastDelay	0	0	1	0
82.6366	54	0	1	LastDelay	0	0	1	0
82.637	58	0	1	LastDelay	0	0	1	0
82.6615	38	0	1	LastDelay	0.00379033	3790.33	1	1
82.6768	74	0	1	LastDelay	0	0	1	0
82.6861	68	0	1	LastDelay	0.0266493	26649.3	1	1
82.7209	55	0	1	LastDelay	0	0	1	0
82.7296	23	0	1	LastDelay	0.000982496	982.496	1	1
82.733	66	0	1	LastDelay	0.0026878	2687.8	1	1
82.772	48	0	1	LastDelay	0.0120529	12052.9	1	1
82.772	52	0	1	LastDelay	0.0115378	11537.8	1	1
82.774	36	0	1	LastDelay	0	0	1	0
82.7758	45	0	1	LastDelay	0.0127172	12717.2	1	1
82.7925	57	0	1	LastDelay	0.00974807	9748.07	1	1
82.8129	0	0	1	LastDelay	0.0267686	26768.6	1	1
82.8235	63	0	1	LastDelay	0.00252599	2525.99	1	1
82.8862	65	0	1	LastDelay	0.00078814	788.14	1	1
82.918	53	0	1	LastDelay	4.228e-06	4.228	1	1
82.977	35	0	1	LastDelay	0.000247402	247.402	1	1
82.9901	31	0	1	LastDelay	0.00834827	8348.27	1	1
82.9936	4	0	1	LastDelay	0.00818067	8180.67	1	1
83.0203	24	0	1	LastDelay	0	0	1	0
83.0393	73	0	1	LastDelay	0.0656592	65659.2	1	1
83.0424	41	0	1	LastDelay	0.00498201	4982.01	1	1
83.0649	62	0	1	LastDelay	0.00231665	2316.65	1	1
83.12	8	0	1	LastDelay	0.000996012	996.012	1	1
83.1455	60	0	1	LastDelay	0	0	1	0
83.146	16	0	1	LastDelay	0.0017982	1798.2	1	1
83.1885	25	0	1	LastDelay	0.000872499	872.499	1	1
83.2029	49	0	1	LastDelay	0.00126114	1261.14	1	1
83.2382	40	0	1	LastDelay	0.00177824	1778.24	1	1
83.2713	69	0	1	LastDelay	0.00561627	5616.27	1	1
83.2767	46	0	1	LastDelay	0	0	1	0
83.2867	32	0	1	LastDelay	0	0	1	0
83.2998	50	0	1	LastDelay	0.00718369	7183.69	1	1
83.3132	72	0	1	LastDelay	0.00790263	7902.63	1	1
83.3168	12	0	1	LastDelay	0	0	1	0
83.3363	44	0	1	LastDelay	0.000509648	509.648	1	1
83.3784	42	0	1	LastDelay	0.0322484	32248.4	1	1
83.4134	59	0	1	LastDelay	0.0005906	590.6	1	1
83.4226	75	0	1	LastDelay	0.00472521	4725.22	1	1
83.4475	33	0	1	LastDelay	0.00699134	6991.34	1	1
83.4815	21	0	1	LastDelay	0.0141399	14139.9	1	1
83.5138	28	0	1	LastDelay	0	0	1	0
83.5224	17	0	1	LastDelay	0	0	1	0
83.6066	29	0	1	LastDelay	0.00333036	3330.36	1	1
83.6163	67	0	1	LastDelay	0.000302281	302.281	1	1
83.6388	58	0	1	LastDelay	0.00179579	1795.79	1	1
83.6388	27	0	1	LastDelay	0.00545102	5451.02	1	1
83.6419	61	0	1	LastDelay	0.0113452	11345.2	1	1
83.6419	54	0	1	LastDelay	0.00528313	5283.13	1	1
83.6547	70	0	1	LastDelay	0.00304277	3042.77	1	1
83.6577	38	0	1	LastDelay	0	0	1	0
83.6594	68	0	1	LastDelay	0	0	1	0
83.6801	74	0	1	LastDelay	0.00330016	3300.16	1	1
83.7238	55	0	1	LastDelay	0.00292695	2926.95	1	1
83.7269	37	0	1	LastDelay	0.000998372	998.372	1	1
83.7286	23	0	1	LastDelay	0	0	1	0
83.7303	66	0	1	LastDelay	0	0	1	0
83.76	48	0	1	LastDelay	0	0	1	0
83.7605	52	0	1	LastDelay	0	0	1	0
83.7631	45	0	1	LastDelay	0	0	1	0
83.7767	36	0	1	LastDelay	0.00271552	2715.52	1	1
83.7827	57	0	1	LastDelay	0	0	1	0
83.7861	0	0	1	LastDelay	0	0	1	0
83.821	63	0	1	LastDelay	0	0	1	0
83.8854	65	0	1	LastDelay	0	0	1	0
83.918	53	0	1	LastDelay	0	0	1	0
83.9736	73	0	1	LastDelay	0	0	1	0
83.9767	35	0	1	LastDelay	0	0	1	0
83.9817	31	0	1	LastDelay	0	0	1	0
83.9854	4	0	1	LastDelay	0	0	1	0
84.0237	24	0	1	LastDelay	0.00333061	3330.61	1	1
84.0374	41	0	1	LastDelay	0	0	1	0
84.0625	62	0	1	LastDelay	0	0	1	0
84.119	8	0	1	LastDelay	0	0	1	0
84.1442	16	0	1	LastDelay	0	0	1	0
84.152	60	0	1	LastDelay	0.00642551	6425.51	1	1
84.1877	25	0	1	LastDelay	0	0	1	0
84.2017	49	0	1	LastDelay	0	0	1	0
84.2364	40	0	1	LastDelay	0	0	1	0
84.2571	71	0	1	LastDelay	0.0064258	6425.81	1	1
84.2656	69	0	1	LastDelay	0	0	1	0
84.2788	46	0	1	LastDelay	0.00203897	2038.97	1	1
84.2926	50	0	1	LastDelay	0	0	1	0
84.2953	32	0	1	LastDelay	0.0085694	8569.4	1	1
84.3053	72	0	1	LastDelay	0	0	1	0
84.3273	12	0	1	LastDelay	0.0105494	10549.4	1	1
84.3358	44	0	1	LastDelay	0	0	1	0
84.3462	42	0	1	LastDelay	0	0	1	0
84.4128	59	0	1	LastDelay	0	0	1	0
84.4179	75	0	1	LastDelay	0	0	1	0
84.4405	33	0	1	LastDelay	0	0	1	0
84.4674	21	0	1	LastDelay	0	0	1	0
84.5333	17	0	1	LastDelay	0.0109105	10910.5	1	1
84.6033	29	0	1	LastDelay	0	0	1	0
84.616	67	0	1	LastDelay	0	0	1	0
84.6306	61	0	1	LastDelay	0	0	1	0
84.6334	27	0	1	LastDelay	0	0	1	0
84.6366	54	0	1	LastDelay	0	0	1	0
84.637	58	0	1	LastDelay	0	0	1	0
84.6516	70	0	1	LastDelay	0	0	1	0
84.6649	68	0	1	LastDelay	0.00543537	5435.37	1	1
84.6768	74	0	1	LastDelay	0	0	1	0
84.7209	55	0	1	LastDelay	0	0	1	0
84.7259	37	0	1	LastDelay	0	0	1	0
84.735	66	0	1	LastDelay	0.00469215	4692.15	1	1
84.7696	45	0	1	LastDelay	0.00647349	6473.49	1	1
84.7696	48	0	1	LastDelay	0.00959046	9590.46	1	1
84.7696	52	0	1	LastDelay	0.00907543	9075.43	1	1
84.774	36	0	1	LastDelay	0	0	1	0
84.7905	0	0	1	LastDelay	0.00440396	4403.96	1	1
84.8287	63	0	1	LastDelay	0.00768269	7682.69	1	1
84.8555	64	0	1	LastDelay	0.0115577	11557.7	1	1
84.8869	65	0	1	LastDelay	0.00151697	1516.97	1	1
84.921	53	0	1	LastDelay	0.0029953	2995.3	1	1
84.9752	73	0	1	LastDelay	0.0015748	1574.8	1	1
84.9786	35	0	1	LastDelay	0.00189057	1890.57	1	1
84.9853	31	0	1	LastDelay	0.00354982	3549.82	1	1
84.9918	4	0	1	LastDelay	0.00640078	6400.78	1	1
85.0203	24	0	1	LastDelay	0	0	1	0
85.0404	41	0	1	LastDelay	0.00297334	2973.34	1	1
85.1454	16	0	1	LastDelay	0.00112611	1126.11	1	1
85.1455	60	0	1	LastDelay	0	0	1	0
85.1888	25	0	1	LastDelay	0.00117712	1177.12	1	1
85.2054	49	0	1	LastDelay	0.00369629	3696.29	1	1
85.2504	40	0	1	LastDelay	0.0139657	13965.7	1	1
85.2507	71	0	1	LastDelay	0	0	1	0
85.2731	69	0	1	LastDelay	0.00744498	7444.98	1	1
85.2767	46	0	1	LastDelay	0	0	1	0
85.2867	32	0	1	LastDelay	0	0	1	0
85.2951	50	0	1	LastDelay	0.00250379	2503.79	1	1
85.3168	12	0	1	LastDelay	0	0	1	0
85.3372	44	0	1	LastDelay	0.00141255	1412.55	1	1
85.3483	42	0	1	LastDelay	0.00209041	2090.41	1	1
85.3913	78	0	1	LastDelay	0.0350987	35098.7	1	1
85.4205	75	0	1	LastDelay	0.00253588	2535.88	1	1
85.4487	33	0	1	LastDelay	0.00812106	8121.06	1	1
85.4935	79	0	1	LastDelay	0.0535241	53524.1	1	1
85.5155	28	0	1	LastDelay	0.00171626	1716.26	1	1
85.5224	17	0	1	LastDelay	0	0	1	0
85.6066	29	0	1	LastDelay	0.00333038	3330.38	1	1
85.6325	61	0	1	LastDelay	0.00191388	1913.88	1	1
85.639	27	0	1	LastDelay	0.00564873	5648.73	1	1
85.6456	58	0	1	LastDelay	0.00854021	8540.21	1	1
85.6487	54	0	1	LastDelay	0.0120276	12027.6	1	1
85.6583	70	0	1	LastDelay	0.00661609	6616.09	1	1
85.6594	68	0	1	LastDelay	0	0	1	0
85.6737	38	0	1	LastDelay	0.0160188	16018.8	1	1
85.6768	74	0	1	LastDelay	2.2796e-05	22.796	1	1
85.7279	37	0	1	LastDelay	0.00203102	2031.02	1	1
85.7303	66	0	1	LastDelay	0	0	1	0
85.7379	23	0	1	LastDelay	0.00931165	9311.65	1	1
85.7596	55	0	1	LastDelay	0.0386928	38692.8	1	1
85.76	48	0	1	LastDelay	0	0	1	0
85.7605	52	0	1	LastDelay	0	0	1	0
85.7631	45	0	1	LastDelay	0	0	1	0
85.7751	36	0	1	LastDelay	0.00104617	1046.17	1	1
85.7861	0	0	1	LastDelay	0	0	1	0
85.7906	57	0	1	LastDelay	0.00785173	7851.73	1	1
85.821	63	0	1	LastDelay	0	0	1	0
85.844	64	0	1	LastDelay	0	0	1	0
85.8854	65	0	1	LastDelay	0	0	1	0
85.918	53	0	1	LastDelay	0	0	1	0
85.9736	73	0	1	LastDelay	0	0	1	0
85.9767	35	0	1	LastDelay	0	0	1	0
85.9817	31	0	1	LastDelay	0	0	1	0
85.9854	4	0	1	LastDelay	0	0	1	0
86.0237	24	0	1	LastDelay	0.00333011	3330.11	1	1
86.0374	41	0	1	LastDelay	0	0	1	0
86.0626	62	0	1	LastDelay	4.671e-05	46.71	1	1
86.1442	16	0	1	LastDelay	0	0	1	0
86.1567	60	0	1	LastDelay	0.0111854	11185.4	1	1
86.1877	25	0	1	LastDelay	0	0	1	0
86.2017	49	0	1	LastDelay	0	0	1	0
86.2364	40	0	1	LastDelay	0	0	1	0
86.2656	69	0	1	LastDelay	0	0	1	0
86.2874	32	0	1	LastDelay	0.000708781	708.781	1	1
86.2874	46	0	1	LastDelay	0.0106838	10683.8	1	1
86.2926	50	0	1	LastDelay	0	0	1	0
86.3232	12	0	1	LastDelay	0.00645146	6451.46	1	1
86.3358	44	0	1	LastDelay	0	0	1	0
86.3462	42	0	1	LastDelay	0	0	1	0
86.3562	78	0	1	LastDelay	0	0	1	0
86.4179	75	0	1	LastDelay	0	0	1	0
86.44	79	0	1	LastDelay	0	0	1	0
86.4405	33	0	1	LastDelay	0	0	1	0
86.4707	21	0	1	LastDelay	0.00333024	3330.24	1	1
86.5138	28	0	1	LastDelay	0	0	1	0
86.6033	29	0	1	LastDelay	0	0	1	0
86.6224	67	0	1	LastDelay	0.00642546	6425.46	1	1
86.6306	61	0	1	LastDelay	0	0	1	0
86.6334	27	0	1	LastDelay	0	0	1	0
86.6366	54	0	1	LastDelay	0	0	1	0
86.637	58	0	1	LastDelay	0	0	1	0
86.6516	70	0	1	LastDelay	0	0	1	0
86.6577	38	0	1	LastDelay	0	0	1	0
86.6623	68	0	1	LastDelay	0.00291987	2919.87	1	1
86.6768	74	0	1	LastDelay	0	0	1	0
86.7209	55	0	1	LastDelay	0	0	1	0
86.7259	37	0	1	LastDelay	0	0	1	0
86.7286	23	0	1	LastDelay	0	0	1	0
86.7605	52	0	1	LastDelay	2.6718e-05	26.718	1	1
86.7605	48	0	1	LastDelay	0.000541761	541.761	1	1
86.774	36	0	1	LastDelay	0	0	1	0
86.7827	57	0	1	LastDelay	0	0	1	0
86.7994	0	0	1	LastDelay	0.0132793	13279.3	1	1
86.8252	63	0	1	LastDelay	0.00420247	4202.47	1	1
86.8494	64	0	1	LastDelay	0.00540449	5404.49	1	1
86.8958	65	0	1	LastDelay	0.0103497	10349.7	1	1
86.9213	53	0	1	LastDelay	0.00333024	3330.24	1	1
86.977	35	0	1	LastDelay	0.000208102	208.102	1	1
86.977	73	0	1	LastDelay	0.00333029	3330.29	1	1
86.9907	31	0	1	LastDelay	0.00899265	8992.65	1	1
87	4	0	1	LastDelay	0.0146459	14645.9	1	1
87.0203	24	0	1	LastDelay	0	0	1	0
87.0375	41	0	1	LastDelay	0.000117945	117.945	1	1
87.0625	62	0	1	LastDelay	0	0	1	0
87.1455	60	0	1	LastDelay	0	0	1	0
87.1458	16	0	1	LastDelay	0.00153449	1534.49	1	1
87.1972	25	0	1	LastDelay	0.0095209	9520.9	1	1
87.2086	49	0	1	LastDelay	0.00689104	6891.04	1	1
87.2454	40	0	1	LastDelay	0.00898354	8983.53	1	1
87.2761	69	0	1	LastDelay	0.0104505	10450.5	1	1
87.2767	46	0	1	LastDelay	0	0	1	0
87.2867	32	0	1	LastDelay	0	0	1	0
87.2984	50	0	1	LastDelay	0.00578939	5789.39	1	1
87.3084	72	0	1	LastDelay	0.00307013	3070.13	1	1
87.3168	12	0	1	LastDelay	0	0	1	0
87.3416	44	0	1	LastDelay	0.00588854	5888.54	1	1
87.3496	42	0	1	LastDelay	0.00339323	3393.23	1	1
87.3595	78	0	1	LastDelay	0.00336062	3360.62	1	1
87.4138	59	0	1	LastDelay	0.00106083	1060.83	1	1
87.4238	75	0	1	LastDelay	0.00590762	5907.62	1	1
87.4455	33	0	1	LastDelay	0.00499425	4994.25	1	1
87.4486	79	0	1	LastDelay	0.00865336	8653.36	1	1
87.4674	21	0	1	LastDelay	0	0	1	0
87.5189	28	0	1	LastDelay	0.0050791	5079.1	1	1
87.5251	17	0	1	LastDelay	0.00268777	2687.77	1	1
87.6066	29	0	1	LastDelay	0.00333037	3330.37	1	1
87.616	67	0	1	LastDelay	0	0	1	0
87.626	76	0	1	LastDelay	0.0002286	228.6	1	1
87.6326	61	0	1	LastDelay	0.00201817	2018.16	1	1
87.6364	27	0	1	LastDelay	0.00300057	3000.57	1	1
87.6395	58	0	1	LastDelay	0.00244038	2440.38	1	1
87.6518	54	0	1	LastDelay	0.0152133	15213.3	1	1
87.658	38	0	1	LastDelay	0.000313813	313.813	1	1
87.6594	68	0	1	LastDelay	0	0	1	0
87.6615	70	0	1	LastDelay	0.00982647	9826.47	1	1
87.6773	74	0	1	LastDelay	0.000519159	519.159	1	1
87.7251	55	0	1	LastDelay	0.00425886	4258.86	1	1
87.7282	37	0	1	LastDelay	0.00233044	2330.44	1	1
87.7344	23	0	1	LastDelay	0.0058297	5829.7	1	1
87.75	66	0	1	LastDelay	0.0197054	19705.4	1	1
87.76	48	0	1	LastDelay	0	0	1	0
87.7605	52	0	1	LastDelay	0	0	1	0
87.7659	45	0	1	LastDelay	0.00278546	2785.46	1	1
87.7752	36	0	1	LastDelay	0.00113505	1135.05	1	1
87.7861	0	0	1	LastDelay	0	0	1	0
87.7977	57	0	1	LastDelay	0.0149504	14950.4	1	1
87.821	63	0	1	LastDelay	0	0	1	0
87.844	64	0	1	LastDelay	0	0	1	0
87.8854	65	0	1	LastDelay	0	0	1	0
87.918	53	0	1	LastDelay	0	0	1	0
87.9389	82	0	1	LastDelay	0.00333045	3330.45	1	1
87.9736	73	0	1	LastDelay	0	0	1	0
87.9767	35	0	1	LastDelay	0	0	1	0
87.9817	31	0	1	LastDelay	0	0	1	0
87.9854	4	0	1	LastDelay	0	0	1	0
88.0271	24	0	1	LastDelay	0.00678167	6781.67	1	1
88.0374	41	0	1	LastDelay	0	0	1	0
88.065	62	0	1	LastDelay	0.00242842	2428.42	1	1
88.1341	8	0	1	LastDelay	0.0151069	15106.9	1	1
88.1442	16	0	1	LastDelay	0	0	1	0
88.1468	60	0	1	LastDelay	0.00124355	1243.56	1	1
88.1877	25	0	1	LastDelay	0	0	1	0
88.2017	49	0	1	LastDelay	0	0	1	0
88.2364	40	0	1	LastDelay	0	0	1	0
88.2656	69	0	1	LastDelay	0	0	1	0
88.2858	46	0	1	LastDelay	0.0090194	9019.4	1	1
88.2923	32	0	1	LastDelay	0.00557823	5578.23	1	1
88.2926	50	0	1	LastDelay	0	0	1	0
88.3053	72	0	1	LastDelay	0	0	1	0
88.3202	12	0	1	LastDelay	0.00340682	3406.82	1	1
88.3358	44	0	1	LastDelay	0	0	1	0
88.3462	42	0	1	LastDelay	0	0	1	0
88.3562	78	0	1	LastDelay	0	0	1	0
88.4128	59	0	1	LastDelay	0	0	1	0
88.4179	75	0	1	LastDelay	0	0	1	0
88.44	79	0	1	LastDelay	0	0	1	0
88.4405	33	0	1	LastDelay	0	0	1	0
88.5138	28	0	1	LastDelay	0	0	1	0
88.5224	17	0	1	LastDelay	0	0	1	0
88.6033	29	0	1	LastDelay	0	0	1	0
88.6224	67	0	1	LastDelay	0.00642536	6425.36	1	1
88.6258	76	0	1	LastDelay	0	0	1	0
88.6306	61	0	1	LastDelay	0	0	1	0
88.6334	27	0	1	LastDelay	0	0	1	0
88.6366	54	0	1	LastDelay	0	0	1	0
88.637	58	0	1	LastDelay	0	0	1	0
88.6516	70	0	1	LastDelay	0	0	1	0
88.6577	38	0	1	LastDelay	0	0	1	0
88.6621	68	0	1	LastDelay	0.00268116	2681.16	1	1
88.6768	74	0	1	LastDelay	0	0	1	0
88.7209	55	0	1	LastDelay	0	0	1	0
88.7259	37	0	1	LastDelay	0	0	1	0
88.7286	23	0	1	LastDelay	0	0	1	0
88.7303	66	0	1	LastDelay	0	0	1	0
88.7631	45	0	1	LastDelay	0	0	1	0
88.7733	52	0	1	LastDelay	0.0127875	12787.5	1	1
88.774	36	0	1	LastDelay	0	0	1	0
88.7827	57	0	1	LastDelay	0	0	1	0
88.8252	63	0	1	LastDelay	0.00421243	4212.44	1	1
88.8443	64	0	1	LastDelay	0.000295938	295.938	1	1
88.8571	77	0	1	LastDelay	0	0	1	1
88.8912	65	0	1	LastDelay	0.00573522	5735.22	1	1
88.9142	81	0	1	LastDelay	0	0	1	2
88.9213	53	0	1	LastDelay	0.00333028	3330.28	1	1
88.9355	82	0	1	LastDelay	0	0	1	0
88.9773	73	0	1	LastDelay	0.00367366	3673.66	1	1
88.9773	35	0	1	LastDelay	0.000551572	551.572	1	1
89.0151	31	0	1	LastDelay	0.0333944	33394.4	1	1
89.0203	24	0	1	LastDelay	0	0	1	0
89.0625	62	0	1	LastDelay	0	0	1	0
89.119	8	0	1	LastDelay	0	0	1	0
89.1455	60	0	1	LastDelay	0	0	1	0
89.2082	49	0	1	LastDelay	0.00654694	6546.94	1	1
89.2388	40	0	1	LastDelay	0.00234274	2342.74	1	1
89.2667	69	0	1	LastDelay	0.00109562	1095.62	1	1
89.2767	46	0	1	LastDelay	0	0	1	0
89.2867	32	0	1	LastDelay	0	0	1	0
89.2988	50	0	1	LastDelay	0.00617454	6174.54	1	1
89.3168	12	0	1	LastDelay	0	0	1	0
89.3249	72	0	1	LastDelay	0.0196285	19628.5	1	1
89.3509	42	0	1	LastDelay	0.00468375	4683.75	1	1
89.3574	78	0	1	LastDelay	0.00126251	1262.51	1	1
89.4237	75	0	1	LastDelay	0.00574248	5742.48	1	1
89.453	33	0	1	LastDelay	0.0124775	12477.5	1	1
89.4702	21	0	1	LastDelay	0.00281715	2817.14	1	1
89.5171	28	0	1	LastDelay	0.00333016	3330.16	1	1
89.5235	17	0	1	LastDelay	0.00106922	1069.22	1	1
89.5571	83	0	1	LastDelay	0.00622938	6229.38	1	1
89.6067	29	0	1	LastDelay	0.00333844	3338.44	1	1
89.616	67	0	1	LastDelay	0	0	1	0
89.6322	61	0	1	LastDelay	0.00160444	1604.44	1	1
89.6322	76	0	1	LastDelay	0.00636143	6361.43	1	1
89.6422	27	0	1	LastDelay	0.00880509	8805.09	1	1
89.6484	58	0	1	LastDelay	0.0113532	11353.2	1	1
89.6484	54	0	1	LastDelay	0.0117454	11745.4	1	1
89.6584	38	0	1	LastDelay	0.000653245	653.245	1	1
89.6584	70	0	1	LastDelay	0.00672687	6726.87	1	1
89.6594	68	0	1	LastDelay	0	0	1	0
89.6649	80	0	1	LastDelay	0.0157415	15741.5	1	1
89.6838	74	0	1	LastDelay	0.00701263	7012.63	1	1
89.7225	55	0	1	LastDelay	0.0015705	1570.5	1	1
89.7321	23	0	1	LastDelay	0.00347182	3471.82	1	1
89.7448	66	0	1	LastDelay	0.0144769	14476.9	1	1
89.7603	48	0	1	LastDelay	0.000369296	369.296	1	1
89.7605	52	0	1	LastDelay	0	0	1	0
89.7645	45	0	1	LastDelay	0.00137724	1377.24	1	1
89.7755	36	0	1	LastDelay	0.00144584	1445.84	1	1
89.7851	57	0	1	LastDelay	0.00239091	2390.91	1	1
89.8199	0	0	1	LastDelay	0.0337656	33765.6	1	1
89.821	63	0	1	LastDelay	0	0	1	0
89.844	64	0	1	LastDelay	0	0	1	0
89.8617	77	0	1	LastDelay	0.00462486	4624.86	1	1
89.8854	65	0	1	LastDelay	0	0	1	0
89.918	53	0	1	LastDelay	0	0	1	0
89.9736	73	0	1	LastDelay	0	0	1	0
89.9767	35	0	1	LastDelay	0	0	1	0
89.9817	31	0	1	LastDelay	0	0	1	0
89.9934	81	0	1	LastDelay	0.0791526	79152.6	1	1
89.9934	4	0	1	LastDelay	0.00797239	7972.39	1	1
90.0268	24	0	1	LastDelay	0.00643861	6438.61	1	1
90.0391	41	0	1	LastDelay	0.00175205	1752.05	1	1
90.0687	62	0	1	LastDelay	0.00619811	6198.11	1	1
90.1285	8	0	1	LastDelay	0.00952102	9521.02	1	1
90.1474	60	0	1	LastDelay	0.00187388	1873.88	1	1
90.1754	16	0	1	LastDelay	0.0311791	31179.1	1	1
90.1979	25	0	1	LastDelay	0.0102734	10273.4	1	1
90.2017	49	0	1	LastDelay	0	0	1	0
90.2364	40	0	1	LastDelay	0	0	1	0
90.2513	71	0	1	LastDelay	0.00059372	593.72	1	1
90.2656	69	0	1	LastDelay	0	0	1	0
90.2802	46	0	1	LastDelay	0.00350917	3509.18	1	1
90.2872	32	0	1	LastDelay	0.000437027	437.027	1	1
90.2926	50	0	1	LastDelay	0	0	1	0
90.3053	72	0	1	LastDelay	0	0	1	0
90.3185	12	0	1	LastDelay	0.00167895	1678.95	1	1
90.3462	42	0	1	LastDelay	0	0	1	0
90.3474	44	0	1	LastDelay	0.0116018	11601.8	1	1
90.3562	78	0	1	LastDelay	0	0	1	0
90.4179	75	0	1	LastDelay	0	0	1	0
90.4405	33	0	1	LastDelay	0	0	1	0
90.449	79	0	1	LastDelay	0.00904172	9041.72	1	1
90.4674	21	0	1	LastDelay	0	0	1	0
90.5138	28	0	1	LastDelay	0	0	1	0
90.5224	17	0	1	LastDelay	0	0	1	0
90.5509	83	0	1	LastDelay	0	0	1	0
90.6033	29	0	1	LastDelay	0	0	1	0
90.6193	67	0	1	LastDelay	0.00333022	3330.22	1	1
90.6258	76	0	1	LastDelay	0	0	1	0
90.6306	61	0	1	LastDelay	0	0	1	0
90.6334	27	0	1	LastDelay	0	0	1	0
90.6366	54	0	1	LastDelay	0	0	1	0
90.637	58	0	1	LastDelay	0	0	1	0
90.6492	80	0	1	LastDelay	0	0	1	0
90.6516	70	0	1	LastDelay	0	0	1	0
90.6577	38	0	1	LastDelay	0	0	1	0
90.6601	68	0	1	LastDelay	0.000707321	707.321	1	1
90.6768	74	0	1	LastDelay	0	0	1	0
90.7209	55	0	1	LastDelay	0	0	1	0
90.7286	23	0	1	LastDelay	0	0	1	0
90.7292	37	0	1	LastDelay	0.00333033	3330.33	1	1
90.7303	66	0	1	LastDelay	0	0	1	0
90.7323	85	0	1	LastDelay	0.0849005	84900.5	1	1
90.76	48	0	1	LastDelay	0	0	1	0
90.7619	52	0	1	LastDelay	0.00143835	1438.35	1	1
90.7631	45	0	1	LastDelay	0	0	1	0
90.774	36	0	1	LastDelay	0	0	1	0
90.7827	57	0	1	LastDelay	0	0	1	0
90.7861	0	0	1	LastDelay	0	0	1	0
90.8247	63	0	1	LastDelay	0.00367378	3673.78	1	1
90.8463	64	0	1	LastDelay	0.00236174	2361.74	1	1
90.8571	77	0	1	LastDelay	0	0	1	0
90.8899	65	0	1	LastDelay	0.00448597	4485.98	1	1
90.9142	81	0	1	LastDelay	0	0	1	0
90.919	53	0	1	LastDelay	0.00101908	1019.08	1	1
90.947	82	0	1	LastDelay	0.0114355	11435.5	1	1
90.9801	73	0	1	LastDelay	0.00647153	6471.53	1	1
90.9801	35	0	1	LastDelay	0.00334945	3349.45	1	1
90.9854	4	0	1	LastDelay	0	0	1	0
90.9863	31	0	1	LastDelay	0.00454534	4545.34	1	1
91.0203	24	0	1	LastDelay	0	0	1	0
91.0374	41	0	1	LastDelay	0	0	1	0
91.0625	62	0	1	LastDelay	0	0	1	0
91.119	8	0	1	LastDelay	0	0	1	0
91.1442	16	0	1	LastDelay	0	0	1	0
91.1455	60	0	1	LastDelay	0	0	1	0
91.1877	25	0	1	LastDelay	0	0	1	0
91.205	49	0	1	LastDelay	0.0033301	3330.1	1	1
91.243	40	0	1	LastDelay	0.00656046	6560.46	1	1
91.2507	71	0	1	LastDelay	0	0	1	0
91.2726	69	0	1	LastDelay	0.00694399	6943.99	1	1
91.2767	46	0	1	LastDelay	0	0	1	0
91.2867	32	0	1	LastDelay	0	0	1	0
91.3091	50	0	1	LastDelay	0.016435	16435	1	1
91.3168	12	0	1	LastDelay	0	0	1	0
91.3358	44	0	1	LastDelay	0	0	1	0
91.3503	42	0	1	LastDelay	0.00414527	4145.27	1	1
91.3573	78	0	1	LastDelay	0.00114767	1147.67	1	1
91.4233	75	0	1	LastDelay	0.00539951	5399.51	1	1
91.44	79	0	1	LastDelay	0	0	1	0
91.446	33	0	1	LastDelay	0.00546837	5468.37	1	1
91.4706	21	0	1	LastDelay	0.00324137	3241.38	1	1
91.5443	17	0	1	LastDelay	0.021913	21913	1	1
91.5567	83	0	1	LastDelay	0.00578179	5781.79	1	1
91.616	67	0	1	LastDelay	0	0	1	0
91.6282	76	0	1	LastDelay	0.00239549	2395.49	1	1
91.6344	27	0	1	LastDelay	0.00102974	1029.74	1	1
91.6344	61	0	1	LastDelay	0.00382887	3828.87	1	1
91.6437	58	0	1	LastDelay	0.00665991	6659.91	1	1
91.6437	54	0	1	LastDelay	0.00705214	7052.14	1	1
91.6474	85	0	1	LastDelay	0	0	1	0
91.6533	80	0	1	LastDelay	0.00410582	4105.82	1	1
91.6594	68	0	1	LastDelay	0	0	1	0
91.6595	70	0	1	LastDelay	0.00781765	7817.65	1	1
91.6595	87	0	1	LastDelay	0.0261077	26107.7	1	1
91.6718	38	0	1	LastDelay	0.0141249	14124.9	1	1
91.6815	74	0	1	LastDelay	0.00467615	4676.15	1	1
91.7259	37	0	1	LastDelay	0	0	1	0
91.73	23	0	1	LastDelay	0.00138884	1388.84	1	1
91.7331	66	0	1	LastDelay	0.00275135	2751.35	1	1
91.7397	55	0	1	LastDelay	0.0187977	18797.7	1	1
91.7605	52	0	1	LastDelay	0	0	1	0
91.7652	48	0	1	LastDelay	0.00520181	5201.81	1	1
91.7652	45	0	1	LastDelay	0.00208486	2084.86	1	1
91.7807	36	0	1	LastDelay	0.00665136	6651.36	1	1
91.7838	57	0	1	LastDelay	0.0010623	1062.3	1	1
91.821	63	0	1	LastDelay	0	0	1	0
91.8423	84	0	1	LastDelay	0.00501435	5014.35	1	1
91.844	64	0	1	LastDelay	0	0	1	0
91.8587	77	0	1	LastDelay	0.0015737	1573.7	1	1
91.8854	65	0	1	LastDelay	0	0	1	0
91.918	53	0	1	LastDelay	0	0	1	0
91.9299	81	0	1	LastDelay	0.0157144	15714.4	1	1
91.9355	82	0	1	LastDelay	0	0	1	0
91.9736	73	0	1	LastDelay	0	0	1	0
91.9767	35	0	1	LastDelay	0	0	1	0
91.9817	31	0	1	LastDelay	0	0	1	0
92.0237	24	0	1	LastDelay	0.00333026	3330.26	1	1
92.0422	41	0	1	LastDelay	0.00483443	4834.43	1	1
92.067	62	0	1	LastDelay	0.00448183	4481.83	1	1
92.1223	8	0	1	LastDelay	0.00333027	3330.27	1	1
92.1459	60	0	1	LastDelay	0.000345111	345.111	1	1
92.191	25	0	1	LastDelay	0.00333069	3330.69	1	1
92.2017	49	0	1	LastDelay	0	0	1	0
92.2364	40	0	1	LastDelay	0	0	1	0
92.2454	86	0	1	LastDelay	0.00642574	6425.73	1	1
92.255	71	0	1	LastDelay	0.00430766	4307.66	1	1
92.2656	69	0	1	LastDelay	0	0	1	0
92.2781	46	0	1	LastDelay	0.00134458	1344.58	1	1
92.2926	50	0	1	LastDelay	0	0	1	0
92.2983	32	0	1	LastDelay	0.0115916	11591.6	1	1
92.3289	12	0	1	LastDelay	0.0121158	12115.8	1	1
92.3462	42	0	1	LastDelay	0	0	1	0
92.3487	44	0	1	LastDelay	0.0128989	12898.9	1	1
92.3562	78	0	1	LastDelay	0	0	1	0
92.4155	59	0	1	LastDelay	0.00277814	2778.14	1	1
92.4179	75	0	1	LastDelay	0	0	1	0
92.4405	33	0	1	LastDelay	0	0	1	0
92.4433	79	0	1	LastDelay	0.0033301	3330.1	1	1
92.4674	21	0	1	LastDelay	0	0	1	0
92.5171	28	0	1	LastDelay	0.00333015	3330.15	1	1
92.5224	17	0	1	LastDelay	0	0	1	0
92.5509	83	0	1	LastDelay	0	0	1	0
92.6236	67	0	1	LastDelay	0.00756242	7562.42	1	1
92.6258	76	0	1	LastDelay	0	0	1	0
92.6306	61	0	1	LastDelay	0	0	1	0
92.6334	87	0	1	LastDelay	0	0	1	0
92.6334	27	0	1	LastDelay	0	0	1	0
92.6366	54	0	1	LastDelay	0	0	1	0
92.637	58	0	1	LastDelay	0	0	1	0
92.6492	80	0	1	LastDelay	0	0	1	0
92.6516	70	0	1	LastDelay	0	0	1	0
92.6577	38	0	1	LastDelay	0	0	1	0
92.6611	68	0	1	LastDelay	0.0016691	1669.1	1	1
92.6768	74	0	1	LastDelay	0	0	1	0
92.7209	55	0	1	LastDelay	0	0	1	0
92.7279	37	0	1	LastDelay	0.00201762	2017.62	1	1
92.7286	23	0	1	LastDelay	0	0	1	0
92.7303	66	0	1	LastDelay	0	0	1	0
92.76	48	0	1	LastDelay	0	0	1	0
92.7631	45	0	1	LastDelay	0	0	1	0
92.7638	52	0	1	LastDelay	0.00333002	3330.02	1	1
92.774	36	0	1	LastDelay	0	0	1	0
92.7827	57	0	1	LastDelay	0	0	1	0
92.8373	84	0	1	LastDelay	0	0	1	0
92.8553	64	0	1	LastDelay	0.0113574	11357.4	1	1
92.8571	77	0	1	LastDelay	0	0	1	0
92.8887	65	0	1	LastDelay	0.00333042	3330.42	1	1
92.9142	81	0	1	LastDelay	0	0	1	0
92.9235	53	0	1	LastDelay	0.005513	5513	1	1
92.9618	82	0	1	LastDelay	0.0262613	26261.3	1	1
92.9747	73	0	1	LastDelay	0.00107895	1078.95	1	1
92.9818	31	0	1	LastDelay	1.1202e-05	11.202	1	1
92.9818	35	0	1	LastDelay	0.0050055	5005.5	1	1
93.0203	24	0	1	LastDelay	0	0	1	0
93.0374	41	0	1	LastDelay	0	0	1	0
93.0625	62	0	1	LastDelay	0	0	1	0
93.119	8	0	1	LastDelay	0	0	1	0
93.1455	60	0	1	LastDelay	0	0	1	0
93.1476	16	0	1	LastDelay	0.00336941	3369.41	1	1
93.1877	25	0	1	LastDelay	0	0	1	0
93.2382	40	0	1	LastDelay	0.00181199	1811.99	1	1
93.2389	86	0	1	LastDelay	0	0	1	0
93.2507	71	0	1	LastDelay	0	0	1	0
93.2758	69	0	1	LastDelay	0.0101819	10181.9	1	1
93.2767	46	0	1	LastDelay	0	0	1	0
93.2867	32	0	1	LastDelay	0	0	1	0
93.2937	50	0	1	LastDelay	0.00108545	1085.45	1	1
93.3157	72	0	1	LastDelay	0.0104155	10415.5	1	1
93.3168	12	0	1	LastDelay	0	0	1	0
93.3358	44	0	1	LastDelay	0	0	1	0
93.3581	42	0	1	LastDelay	0.0119564	11956.4	1	1
93.3581	78	0	1	LastDelay	0.00198916	1989.16	1	1
93.4128	59	0	1	LastDelay	0	0	1	0
93.4212	75	0	1	LastDelay	0.00332297	3322.97	1	1
93.44	79	0	1	LastDelay	0	0	1	0
93.4415	33	0	1	LastDelay	0.00098547	985.47	1	1
93.4712	21	0	1	LastDelay	0.00376488	3764.88	1	1
93.5138	28	0	1	LastDelay	0	0	1	0
93.5543	83	0	1	LastDelay	0.0034131	3413.1	1	1
93.6135	29	0	1	LastDelay	0.0102182	10218.2	1	1
93.616	67	0	1	LastDelay	0	0	1	0
93.6338	76	0	1	LastDelay	0.00801658	8016.58	1	1
93.6404	27	0	1	LastDelay	0.00699396	6993.96	1	1
93.6442	61	0	1	LastDelay	0.0136417	13641.7	1	1
93.6444	54	0	1	LastDelay	0.00780373	7803.73	1	1
93.6507	58	0	1	LastDelay	0.0137189	13718.9	1	1
93.6507	80	0	1	LastDelay	0.00157318	1573.18	1	1
93.6507	87	0	1	LastDelay	0.0173843	17384.3	1	1
93.6538	70	0	1	LastDelay	0.00217642	2176.42	1	1
93.6594	68	0	1	LastDelay	0	0	1	0
93.6631	38	0	1	LastDelay	0.0053885	5388.5	1	1
93.7016	74	0	1	LastDelay	0.0248271	24827.1	1	1
93.7259	37	0	1	LastDelay	0	0	1	0
93.7336	23	0	1	LastDelay	0.00503246	5032.46	1	1
93.7336	66	0	1	LastDelay	0.00329951	3299.51	1	1
93.7336	55	0	1	LastDelay	0.0127473	12747.3	1	1
93.7605	52	0	1	LastDelay	0	0	1	0
93.7607	48	0	1	LastDelay	0.000709592	709.592	1	1
93.771	45	0	1	LastDelay	0.00788326	7883.26	1	1
93.7837	57	0	1	LastDelay	0.000987153	987.153	1	1
93.7868	36	0	1	LastDelay	0.0127664	12766.4	1	1
93.844	64	0	1	LastDelay	0	0	1	0
93.8605	77	0	1	LastDelay	0.00339347	3393.47	1	1
93.8854	65	0	1	LastDelay	0	0	1	0
93.9146	81	0	1	LastDelay	0.000396374	396.374	1	1
93.918	53	0	1	LastDelay	0	0	1	0
93.9355	82	0	1	LastDelay	0	0	1	0
93.9475	90	0	1	LastDelay	0.00335622	3356.22	1	1
93.9736	73	0	1	LastDelay	0	0	1	0
93.9767	35	0	1	LastDelay	0	0	1	0
93.9817	31	0	1	LastDelay	0	0	1	0
94.0391	41	0	1	LastDelay	0.00173946	1739.46	1	1
94.0704	62	0	1	LastDelay	0.00790766	7907.66	1	1
94.1252	8	0	1	LastDelay	0.00627395	6273.95	1	1
94.1442	16	0	1	LastDelay	0	0	1	0
94.157	60	0	1	LastDelay	0.0114733	11473.3	1	1
94.205	49	0	1	LastDelay	0.00333004	3330.04	1	1
94.2364	40	0	1	LastDelay	0	0	1	0
94.2494	86	0	1	LastDelay	0.0104285	10428.5	1	1
94.2556	71	0	1	LastDelay	0.00487227	4872.27	1	1
94.2656	69	0	1	LastDelay	0	0	1	0
94.2926	50	0	1	LastDelay	0	0	1	0
94.2969	32	0	1	LastDelay	0.0102047	10204.7	1	1
94.3053	72	0	1	LastDelay	0	0	1	0
94.3197	12	0	1	LastDelay	0.00292495	2924.95	1	1
94.3386	44	0	1	LastDelay	0.00287403	2874.03	1	1
94.3462	42	0	1	LastDelay	0	0	1	0
94.3562	78	0	1	LastDelay	0	0	1	0
94.4104	92	0	1	LastDelay	0.0065036	6503.6	1	1
94.4138	59	0	1	LastDelay	0.00107935	1079.35	1	1
94.4179	75	0	1	LastDelay	0	0	1	0
94.4405	33	0	1	LastDelay	0	0	1	0
94.4452	79	0	1	LastDelay	0.00521476	5214.77	1	1
94.4674	21	0	1	LastDelay	0	0	1	0
94.526	28	0	1	LastDelay	0.0122221	12222.1	1	1
94.526	17	0	1	LastDelay	0.00364052	3640.52	1	1
94.5509	83	0	1	LastDelay	0	0	1	0
94.6033	29	0	1	LastDelay	0	0	1	0
94.6193	67	0	1	LastDelay	0.00333024	3330.24	1	1
94.6258	76	0	1	LastDelay	0	0	1	0
94.6306	61	0	1	LastDelay	0	0	1	0
94.6334	87	0	1	LastDelay	0	0	1	0
94.6334	27	0	1	LastDelay	0	0	1	0
94.6366	54	0	1	LastDelay	0	0	1	0
94.637	58	0	1	LastDelay	0	0	1	0
94.6492	80	0	1	LastDelay	0	0	1	0
94.6516	70	0	1	LastDelay	0	0	1	0
94.6577	38	0	1	LastDelay	0	0	1	0
94.6643	68	0	1	LastDelay	0.00483187	4831.87	1	1
94.6704	85	0	1	LastDelay	0.02301	23010	1	1
94.6768	74	0	1	LastDelay	0	0	1	0
94.7209	55	0	1	LastDelay	0	0	1	0
94.7286	23	0	1	LastDelay	0	0	1	0
94.7303	66	0	1	LastDelay	0	0	1	0
94.76	48	0	1	LastDelay	0	0	1	0
94.7631	45	0	1	LastDelay	0	0	1	0
94.774	36	0	1	LastDelay	0	0	1	0
94.7827	57	0	1	LastDelay	0	0	1	0
94.8243	63	0	1	LastDelay	0.00333008	3330.08	1	1
94.8474	84	0	1	LastDelay	0.0100668	10066.8	1	1
94.8536	64	0	1	LastDelay	0.00960067	9600.67	1	1
94.8571	77	0	1	LastDelay	0	0	1	0
94.8978	65	0	1	LastDelay	0.012352	12352	1	1
94.9142	81	0	1	LastDelay	0	0	1	0
94.9242	53	0	1	LastDelay	0.00624059	6240.59	1	1
94.9442	90	0	1	LastDelay	0	0	1	0
94.9469	82	0	1	LastDelay	0.0113965	11396.5	1	1
94.9812	73	0	1	LastDelay	0.00754228	7542.28	1	1
94.9812	35	0	1	LastDelay	0.00442018	4420.18	1	1
94.9884	31	0	1	LastDelay	0.00665892	6658.92	1	1
95.0243	24	0	1	LastDelay	0.00393127	3931.27	1	1
95.0374	41	0	1	LastDelay	0	0	1	0
95.0625	62	0	1	LastDelay	0	0	1	0
95.119	8	0	1	LastDelay	0	0	1	0
95.1455	60	0	1	LastDelay	0	0	1	0
95.2017	49	0	1	LastDelay	0	0	1	0
95.2389	86	0	1	LastDelay	0	0	1	0
95.2507	71	0	1	LastDelay	0	0	1	0
95.2867	32	0	1	LastDelay	0	0	1	0
95.2873	69	0	1	LastDelay	0.0216714	21671.4	1	1
95.2977	50	0	1	LastDelay	0.00509033	5090.33	1	1
95.3101	72	0	1	LastDelay	0.00477913	4779.13	1	1
95.3168	12	0	1	LastDelay	0	0	1	0
95.3358	44	0	1	LastDelay	0	0	1	0
95.366	78	0	1	LastDelay	0.00986875	9868.75	1	1
95.4039	92	0	1	LastDelay	0	0	1	0
95.4128	59	0	1	LastDelay	0	0	1	0
95.4199	75	0	1	LastDelay	0.0020204	2020.4	1	1
95.44	79	0	1	LastDelay	0	0	1	0
95.4504	33	0	1	LastDelay	0.00982699	9826.99	1	1
95.47	21	0	1	LastDelay	0.00260022	2600.22	1	1
95.5138	28	0	1	LastDelay	0	0	1	0
95.5224	17	0	1	LastDelay	0	0	1	0
95.5542	83	0	1	LastDelay	0.00333044	3330.44	1	1
95.616	67	0	1	LastDelay	0	0	1	0
95.6332	61	0	1	LastDelay	0.00260053	2600.53	1	1
95.6469	76	0	1	LastDelay	0.0210876	21087.6	1	1
95.6474	85	0	1	LastDelay	0	0	1	0
95.6569	27	0	1	LastDelay	0.0235169	23516.9	1	1
95.6569	58	0	1	LastDelay	0.0198618	19861.8	1	1
95.6594	68	0	1	LastDelay	0	0	1	0
95.6603	70	0	1	LastDelay	0.00867625	8676.25	1	1
95.6603	38	0	1	LastDelay	0.00260273	2602.73	1	1
95.6603	87	0	1	LastDelay	0.0269661	26966.1	1	1
95.6672	80	0	1	LastDelay	0.0180451	18045.1	1	1
95.6789	74	0	1	LastDelay	0.00211694	2116.94	1	1
95.7333	66	0	1	LastDelay	0.00295497	2954.97	1	1
95.7333	23	0	1	LastDelay	0.00468811	4688.11	1	1
95.7623	48	0	1	LastDelay	0.00228453	2284.53	1	1
95.7623	52	0	1	LastDelay	0.0017695	1769.49	1	1
95.7691	45	0	1	LastDelay	0.00603082	6030.82	1	1
95.776	36	0	1	LastDelay	0.00193451	1934.52	1	1
95.7883	57	0	1	LastDelay	0.00563112	5631.12	1	1
95.821	63	0	1	LastDelay	0	0	1	0
95.8373	84	0	1	LastDelay	0	0	1	0
95.844	64	0	1	LastDelay	0	0	1	0
95.8602	77	0	1	LastDelay	0.0031547	3154.7	1	1
95.8854	65	0	1	LastDelay	0	0	1	0
95.9176	81	0	1	LastDelay	0.00333023	3330.23	1	1
95.918	53	0	1	LastDelay	0	0	1	0
95.9355	82	0	1	LastDelay	0	0	1	0
95.9642	91	0	1	LastDelay	0.0335878	33587.8	1	1
95.9736	73	0	1	LastDelay	0	0	1	0
95.9767	35	0	1	LastDelay	0	0	1	0
95.9817	31	0	1	LastDelay	0	0	1	0
96.0203	24	0	1	LastDelay	0	0	1	0
96.0407	41	0	1	LastDelay	0.00333002	3330.02	1	1
96.0634	62	0	1	LastDelay	0.000886343	886.343	1	1
96.2432	40	0	1	LastDelay	0.00672314	6723.14	1	1
96.25	86	0	1	LastDelay	0.011089	11089	1	1
96.2656	69	0	1	LastDelay	0	0	1	0
96.2728	71	0	1	LastDelay	0.0220902	22090.2	1	1
96.2898	32	0	1	LastDelay	0.00305876	3058.76	1	1
96.2926	50	0	1	LastDelay	0	0	1	0
96.3053	72	0	1	LastDelay	0	0	1	0
96.3383	44	0	1	LastDelay	0.00254124	2541.24	1	1
96.3476	42	0	1	LastDelay	0.00139962	1399.62	1	1
96.3562	78	0	1	LastDelay	0	0	1	0
96.3734	12	0	1	LastDelay	0.0566102	56610.2	1	1
96.4174	59	0	1	LastDelay	0.00461696	4616.96	1	1
96.4179	75	0	1	LastDelay	0	0	1	0
96.4405	33	0	1	LastDelay	0	0	1	0
96.4484	79	0	1	LastDelay	0.00843343	8433.43	1	1
96.4674	21	0	1	LastDelay	0	0	1	0
96.5233	28	0	1	LastDelay	0.00952083	9520.83	1	1
96.5233	17	0	1	LastDelay	0.000939432	939.432	1	1
96.5509	83	0	1	LastDelay	0	0	1	0
96.6066	29	0	1	LastDelay	0.00333041	3330.41	1	1
96.6258	76	0	1	LastDelay	0	0	1	0
96.6306	61	0	1	LastDelay	0	0	1	0
96.6334	87	0	1	LastDelay	0	0	1	0
96.6334	27	0	1	LastDelay	0	0	1	0
96.637	58	0	1	LastDelay	0	0	1	0
96.6379	54	0	1	LastDelay	0.00131637	1316.37	1	1
96.641	67	0	1	LastDelay	0.0250509	25050.9	1	1
96.6492	80	0	1	LastDelay	0	0	1	0
96.6516	70	0	1	LastDelay	0	0	1	0
96.6577	38	0	1	LastDelay	0	0	1	0
96.6603	68	0	1	LastDelay	0.000875756	875.756	1	1
96.6691	85	0	1	LastDelay	0.0216846	21684.6	1	1
96.6768	74	0	1	LastDelay	0	0	1	0
96.6869	88	0	1	LastDelay	0.00889142	8891.42	1	1
96.7275	55	0	1	LastDelay	0.00656864	6568.64	1	1
96.7286	23	0	1	LastDelay	0	0	1	0
96.7303	66	0	1	LastDelay	0	0	1	0
96.76	48	0	1	LastDelay	0	0	1	0
96.7605	52	0	1	LastDelay	0	0	1	0
96.7631	45	0	1	LastDelay	0	0	1	0
96.774	36	0	1	LastDelay	0	0	1	0
96.7827	57	0	1	LastDelay	0	0	1	0
96.8453	64	0	1	LastDelay	0.00135729	1357.29	1	1
96.8484	84	0	1	LastDelay	0.0111092	11109.2	1	1
96.8571	77	0	1	LastDelay	0	0	1	0
96.9142	81	0	1	LastDelay	0	0	1	0
96.9199	53	0	1	LastDelay	0.00189203	1892.03	1	1
96.9306	91	0	1	LastDelay	0	0	1	0
96.9409	82	0	1	LastDelay	0.00535359	5353.59	1	1
96.9758	73	0	1	LastDelay	0.00213512	2135.12	1	1
96.9826	31	0	1	LastDelay	0.000845406	845.406	1	1
96.9826	35	0	1	LastDelay	0.00583972	5839.72	1	1
97.0211	24	0	1	LastDelay	0.000777768	777.768	1	1
97.0374	41	0	1	LastDelay	0	0	1	0
97.0625	62	0	1	LastDelay	0	0	1	0
97.2364	40	0	1	LastDelay	0	0	1	0
97.2389	86	0	1	LastDelay	0	0	1	0
97.2507	71	0	1	LastDelay	0	0	1	0
97.2867	32	0	1	LastDelay	0	0	1	0
97.2927	50	0	1	LastDelay	9.2296e-05	92.296	1	1
97.3168	12	0	1	LastDelay	0	0	1	0
97.3216	72	0	1	LastDelay	0.0163026	16302.6	1	1
97.3358	44	0	1	LastDelay	0	0	1	0
97.3462	42	0	1	LastDelay	0	0	1	0
97.4128	59	0	1	LastDelay	0	0	1	0
97.4141	92	0	1	LastDelay	0.0101975	10197.5	1	1
97.4273	78	0	1	LastDelay	0.0711363	71136.3	1	1
97.4273	75	0	1	LastDelay	0.00936778	9367.78	1	1
97.44	79	0	1	LastDelay	0	0	1	0
97.4593	33	0	1	LastDelay	0.018735	18735	1	1
97.4857	21	0	1	LastDelay	0.0183489	18348.9	1	1
97.5138	28	0	1	LastDelay	0	0	1	0
97.5224	17	0	1	LastDelay	0	0	1	0
97.6033	29	0	1	LastDelay	0	0	1	0
97.616	67	0	1	LastDelay	0	0	1	0
97.6364	87	0	1	LastDelay	0.00300423	3004.23	1	1
97.6366	54	0	1	LastDelay	0	0	1	0
97.6398	61	0	1	LastDelay	0.00924451	9244.51	1	1
97.6463	58	0	1	LastDelay	0.00932447	9324.47	1	1
97.6474	85	0	1	LastDelay	0	0	1	0
97.6532	80	0	1	LastDelay	0.00401847	4018.47	1	1
97.6594	38	0	1	LastDelay	0.0016565	1656.5	1	1
97.6594	27	0	1	LastDelay	0.0260098	26009.8	1	1
97.6594	70	0	1	LastDelay	0.0077302	7730.2	1	1
97.6594	68	0	1	LastDelay	0	0	1	0
97.678	88	0	1	LastDelay	0	0	1	0
97.6824	74	0	1	LastDelay	0.00563088	5630.88	1	1
97.7209	55	0	1	LastDelay	0	0	1	0
97.7299	23	0	1	LastDelay	0.00127458	1274.58	1	1
97.7364	66	0	1	LastDelay	0.00607542	6075.42	1	1
97.7601	48	0	1	LastDelay	0.00015536	155.36	1	1
97.7632	45	0	1	LastDelay	0.000133442	133.442	1	1
97.7663	52	0	1	LastDelay	0.00583067	5830.67	1	1
97.7759	36	0	1	LastDelay	0.00190838	1908.38	1	1
97.7856	57	0	1	LastDelay	0.00287903	2879.03	1	1
97.8238	63	0	1	LastDelay	0.00276618	2766.18	1	1
97.8373	84	0	1	LastDelay	0	0	1	0
97.844	64	0	1	LastDelay	0	0	1	0
97.8626	77	0	1	LastDelay	0.00554501	5545.01	1	1
97.888	65	0	1	LastDelay	0.00262381	2623.81	1	1
97.9166	81	0	1	LastDelay	0.00238933	2389.33	1	1
97.918	53	0	1	LastDelay	0	0	1	0
97.9324	91	0	1	LastDelay	0.00183949	1839.49	1	1
97.9355	82	0	1	LastDelay	0	0	1	0
97.9736	73	0	1	LastDelay	0	0	1	0
97.9767	35	0	1	LastDelay	0	0	1	0
97.9817	31	0	1	LastDelay	0	0	1	0
98.0203	24	0	1	LastDelay	0	0	1	0
98.0628	62	0	1	LastDelay	0.000212728	212.728	1	1
98.2367	40	0	1	LastDelay	0.000235365	235.365	1	1
98.2401	86	0	1	LastDelay	0.00117571	1175.71	1	1
98.2601	71	0	1	LastDelay	0.00942766	9427.66	1	1
98.2663	69	0	1	LastDelay	0.000659612	659.612	1	1
98.2914	32	0	1	LastDelay	0.00469434	4694.34	1	1
98.2926	50	0	1	LastDelay	0	0	1	0
98.3053	72	0	1	LastDelay	0	0	1	0
98.3485	44	0	1	LastDelay	0.0127667	12766.7	1	1
98.3547	42	0	1	LastDelay	0.00852997	8529.97	1	1
98.3562	78	0	1	LastDelay	0	0	1	0
98.4039	92	0	1	LastDelay	0	0	1	0
98.4179	75	0	1	LastDelay	0	0	1	0
98.4405	33	0	1	LastDelay	0	0	1	0
98.4423	79	0	1	LastDelay	0.00231574	2315.74	1	1
98.4674	21	0	1	LastDelay	0	0	1	0
98.5192	28	0	1	LastDelay	0.00541149	5411.49	1	1
98.5523	83	0	1	LastDelay	0.00143495	1434.95	1	1
98.6168	29	0	1	LastDelay	0.0135068	13506.8	1	1
98.6306	61	0	1	LastDelay	0	0	1	0
98.6334	87	0	1	LastDelay	0	0	1	0
98.6334	27	0	1	LastDelay	0	0	1	0
98.637	58	0	1	LastDelay	0	0	1	0
98.6452	76	0	1	LastDelay	0.0193475	19347.5	1	1
98.6492	80	0	1	LastDelay	0	0	1	0
98.6516	70	0	1	LastDelay	0	0	1	0
98.6524	85	0	1	LastDelay	0.0049947	4994.7	1	1
98.6555	54	0	1	LastDelay	0.0188957	18895.7	1	1
98.6577	38	0	1	LastDelay	0	0	1	0
98.6617	68	0	1	LastDelay	0.00229307	2293.07	1	1
98.6768	74	0	1	LastDelay	0	0	1	0
98.6789	88	0	1	LastDelay	0.000862553	862.553	1	1
98.7286	23	0	1	LastDelay	0	0	1	0
98.7303	66	0	1	LastDelay	0	0	1	0
98.76	48	0	1	LastDelay	0	0	1	0
98.7605	52	0	1	LastDelay	0	0	1	0
98.7631	45	0	1	LastDelay	0	0	1	0
98.774	36	0	1	LastDelay	0	0	1	0
98.7827	57	0	1	LastDelay	0	0	1	0
98.821	63	0	1	LastDelay	0	0	1	0
98.8571	77	0	1	LastDelay	0	0	1	0
98.8854	65	0	1	LastDelay	0	0	1	0
98.9142	81	0	1	LastDelay	0	0	1	0
98.9247	53	0	1	LastDelay	0.00676865	6768.65	1	1
98.9306	91	0	1	LastDelay	0	0	1	0
98.9385	82	0	1	LastDelay	0.00299483	2994.83	1	1
98.9451	90	0	1	LastDelay	0.0009039	903.9	1	1
98.977	73	0	1	LastDelay	0.00333022	3330.22	1	1
98.9801	35	0	1	LastDelay	0.00330315	3303.15	1	1
98.9831	31	0	1	LastDelay	0.00140416	1404.16	1	1
99.051	24	0	1	LastDelay	0.0306813	30681.3	1	1
99.051	41	0	1	LastDelay	0.013614	13614	1	1
99.0625	62	0	1	LastDelay	0	0	1	0
99.1489	60	0	1	LastDelay	0.00333018	3330.18	1	1
99.2081	49	0	1	LastDelay	0.00642542	6425.42	1	1
99.2364	40	0	1	LastDelay	0	0	1	0
99.2389	86	0	1	LastDelay	0	0	1	0
99.2507	71	0	1	LastDelay	0	0	1	0
99.2656	69	0	1	LastDelay	0	0	1	0
99.2867	32	0	1	LastDelay	0	0	1	0
99.3087	50	0	1	LastDelay	0.0160806	16080.6	1	1
99.3358	44	0	1	LastDelay	0	0	1	0
99.3462	42	0	1	LastDelay	0	0	1	0
99.3574	78	0	1	LastDelay	0.00125369	1253.69	1	1
99.4195	75	0	1	LastDelay	0.00157689	1576.89	1	1
99.4257	59	0	1	LastDelay	0.0129188	12918.8	1	1
99.44	79	0	1	LastDelay	0	0	1	0
99.4419	33	0	1	LastDelay	0.001302	1302	1	1
99.4707	21	0	1	LastDelay	0.00333008	3330.08	1	1
99.5138	28	0	1	LastDelay	0	0	1	0
99.5509	83	0	1	LastDelay	0	0	1	0
99.6033	29	0	1	LastDelay	0	0	1	0
99.6258	76	0	1	LastDelay	0	0	1	0
99.6366	54	0	1	LastDelay	0	0	1	0
99.6443	27	0	1	LastDelay	0.0108866	10886.6	1	1
99.6443	58	0	1	LastDelay	0.0072316	7231.6	1	1
99.6443	87	0	1	LastDelay	0.0108968	10896.8	1	1
99.6474	85	0	1	LastDelay	0	0	1	0
99.6581	38	0	1	LastDelay	0.000339093	339.093	1	1
99.6581	70	0	1	LastDelay	0.00641277	6412.77	1	1
99.6594	68	0	1	LastDelay	0	0	1	0
99.678	88	0	1	LastDelay	0	0	1	0
99.6804	74	0	1	LastDelay	0.00360031	3600.31	1	1
99.735	66	0	1	LastDelay	0.00469211	4692.11	1	1
99.7615	48	0	1	LastDelay	0.00157488	1574.88	1	1
99.7615	52	0	1	LastDelay	0.00105985	1059.85	1	1
99.7677	45	0	1	LastDelay	0.00463515	4635.15	1	1
99.777	36	0	1	LastDelay	0.00297125	2971.25	1	1
99.7959	57	0	1	LastDelay	0.0132026	13202.6	1	1
99.8248	63	0	1	LastDelay	0.00379119	3791.19	1	1
99.8451	64	0	1	LastDelay	0.00110681	1106.81	1	1
99.8544	84	0	1	LastDelay	0.0170495	17049.5	1	1
99.8609	77	0	1	LastDelay	0.00382007	3820.07	1	1
99.8874	65	0	1	LastDelay	0.00198022	1980.22	1	1
99.918	53	0	1	LastDelay	0	0	1	0
99.9198	81	0	1	LastDelay	0.00560519	5605.19	1	1
99.9355	82	0	1	LastDelay	0	0	1	0
99.936	91	0	1	LastDelay	0.00537467	5374.67	1	1
99.9442	90	0	1	LastDelay	0	0	1	0
99.9736	73	0	1	LastDelay	0	0	1	0
99.9767	35	0	1	LastDelay	0	0	1	0
99.9817	31	0	1	LastDelay	0	0	1	0
