Time	Node	AppId	SeqNo	Type	DelayS	DelayUS	RetxCount	HopCount
17.8913	3	0	1	LastDelay	0.925414	925414	1	1
17.8913	2	0	1	LastDelay	0.00347369	3473.69	1	1
17.9544	7	0	1	LastDelay	0.00342166	3421.66	1	1
17.9659	3	0	1	LastDelay	0	0	1	0
18.8878	2	0	1	LastDelay	0	0	1	0
18.951	7	0	1	LastDelay	0	0	1	0
18.9693	3	0	1	LastDelay	0.00348641	3486.41	1	1
18.9693	1	0	1	LastDelay	0.887553	887553	1	1
19.0818	1	0	1	LastDelay	0	0	1	0
19.8911	2	0	1	LastDelay	0.00335663	3356.63	1	1
19.9659	3	0	1	LastDelay	0	0	1	0
20.0851	1	0	1	LastDelay	0.00333058	3330.58	1	1
20.8878	2	0	1	LastDelay	0	0	1	0
20.9727	7	0	1	LastDelay	0.0217229	21722.9	1	1
20.9727	6	0	1	LastDelay	0.66979	669790	1	1
21.0818	1	0	1	LastDelay	0	0	1	0
21.3029	6	0	1	LastDelay	0	0	1	0
21.7895	11	0	1	LastDelay	0.594474	594474	1	1
21.951	7	0	1	LastDelay	0	0	1	0
21.9758	10	0	1	LastDelay	0.709487	709487	1	1
22.0851	1	0	1	LastDelay	0.00334332	3343.32	1	1
22.195	11	0	1	LastDelay	0	0	1	0
22.2663	10	0	1	LastDelay	0	0	1	0
22.3104	6	0	1	LastDelay	0.00746831	7468.31	1	1
22.7861	0	0	1	LastDelay	0	0	1	1
22.8663	5	0	1	LastDelay	0.0033567	3356.7	1	1
22.9544	7	0	1	LastDelay	0.00338224	3382.24	1	1
22.9692	3	0	1	LastDelay	0.00336926	3369.26	1	1
22.9854	4	0	1	LastDelay	0	0	1	2
23.0818	1	0	1	LastDelay	0	0	1	0
23.2734	10	0	1	LastDelay	0.00704114	7041.14	1	1
23.3029	6	0	1	LastDelay	0	0	1	0
23.863	5	0	1	LastDelay	0	0	1	0
23.951	7	0	1	LastDelay	0	0	1	0
23.9659	3	0	1	LastDelay	0	0	1	0
24.119	8	0	1	LastDelay	0	0	1	3
24.2457	110	0	1	LastDelay	0	0	1	7
24.2663	10	0	1	LastDelay	0	0	1	0
24.2767	46	0	1	LastDelay	0	0	1	7
24.2926	50	0	1	LastDelay	0	0	1	7
24.3053	72	0	1	LastDelay	0	0	1	7
24.3068	6	0	1	LastDelay	0.00380669	3806.69	1	1
24.3168	12	0	1	LastDelay	0	0	1	4
24.3462	42	0	1	LastDelay	0	0	1	7
24.4003	89	0	1	LastDelay	0	0	1	7
24.4128	59	0	1	LastDelay	0	0	1	7
24.4405	33	0	1	LastDelay	0	0	1	7
24.4674	21	0	1	LastDelay	0	0	1	6
24.5224	17	0	1	LastDelay	0	0	1	6
24.6033	29	0	1	LastDelay	0	0	1	7
24.616	67	0	1	LastDelay	0	0	1	7
24.6258	76	0	1	LastDelay	0	0	1	7
24.6366	54	0	1	LastDelay	0	0	1	7
24.6492	80	0	1	LastDelay	0	0	1	7
24.6577	38	0	1	LastDelay	0	0	1	7
24.678	88	0	1	LastDelay	0	0	1	7
24.6844	101	0	1	LastDelay	0	0	1	7
24.7209	55	0	1	LastDelay	0	0	1	7
24.7259	37	0	1	LastDelay	0	0	1	7
24.7894	0	0	1	LastDelay	0.0033434	3343.4	1	1
24.821	63	0	1	LastDelay	0	0	1	7
24.8373	84	0	1	LastDelay	0	0	1	7
24.8663	5	0	1	LastDelay	0.00333053	3330.53	1	1
24.9267	93	0	1	LastDelay	0	0	1	7
24.9544	7	0	1	LastDelay	0.00334329	3343.29	1	1
24.9888	4	0	1	LastDelay	0.00335661	3356.61	1	1
25.1151	97	0	1	LastDelay	0	0	1	7
25.1255	8	0	1	LastDelay	0.00655577	6555.77	1	1
25.1442	16	0	1	LastDelay	0	0	1	5
25.1877	25	0	1	LastDelay	0	0	1	7
25.2012	106	0	1	LastDelay	0	0	1	7
25.2015	11	0	1	LastDelay	0.00646485	6464.85	1	1
25.2278	105	0	1	LastDelay	0	0	1	7
25.2697	10	0	1	LastDelay	0.00335642	3356.42	1	1
25.279	9	0	1	LastDelay	0.841763	841763	1	1
25.3029	6	0	1	LastDelay	0	0	1	0
25.4373	9	0	1	LastDelay	0	0	1	0
25.7861	0	0	1	LastDelay	0	0	1	0
25.863	5	0	1	LastDelay	0	0	1	0
25.951	7	0	1	LastDelay	0	0	1	0
25.9854	4	0	1	LastDelay	0	0	1	0
26.119	8	0	1	LastDelay	0	0	1	0
26.195	11	0	1	LastDelay	0	0	1	0
26.2663	10	0	1	LastDelay	0	0	1	0
26.3063	6	0	1	LastDelay	0.00333069	3330.69	1	1
27.1984	11	0	1	LastDelay	0.00335606	3356.06	1	1
27.3029	6	0	1	LastDelay	0	0	1	0
28.0601	14	0	1	LastDelay	0	0	1	1
28.195	11	0	1	LastDelay	0	0	1	0
28.2697	10	0	1	LastDelay	0.00334336	3343.36	1	1
28.441	9	0	1	LastDelay	0.00369988	3699.88	1	1
28.6193	13	0	1	LastDelay	0.00351267	3512.67	1	1
28.9887	4	0	1	LastDelay	0.00334361	3343.61	1	1
29.0316	15	0	1	LastDelay	0	0	1	1
29.0635	14	0	1	LastDelay	0.0033696	3369.6	1	1
29.0851	1	0	1	LastDelay	0.0033565	3356.5	1	1
29.1074	19	0	1	LastDelay	0	0	1	2
29.1254	8	0	1	LastDelay	0.00645146	6451.46	1	1
29.1984	11	0	1	LastDelay	0.00339512	3395.12	1	1
29.2663	10	0	1	LastDelay	0	0	1	0
29.3201	12	0	1	LastDelay	0.00334342	3343.42	1	1
29.3358	44	0	1	LastDelay	0	0	1	4
29.3562	78	0	1	LastDelay	0	0	1	4
29.4179	75	0	1	LastDelay	0	0	1	4
29.4373	9	0	1	LastDelay	0	0	1	0
29.44	79	0	1	LastDelay	0	0	1	4
29.5138	28	0	1	LastDelay	0	0	1	4
29.5509	83	0	1	LastDelay	0	0	1	4
29.5663	104	0	1	LastDelay	0	0	1	4
29.6158	13	0	1	LastDelay	0	0	1	0
29.6306	61	0	1	LastDelay	0	0	1	4
29.6334	87	0	1	LastDelay	0	0	1	4
29.637	58	0	1	LastDelay	0	0	1	4
29.6516	70	0	1	LastDelay	0	0	1	4
29.6768	74	0	1	LastDelay	0	0	1	4
29.6841	20	0	1	LastDelay	0	0	1	2
29.7286	23	0	1	LastDelay	0	0	1	3
29.7303	66	0	1	LastDelay	0	0	1	4
29.76	48	0	1	LastDelay	0	0	1	4
29.7605	52	0	1	LastDelay	0	0	1	4
29.7631	45	0	1	LastDelay	0	0	1	4
29.774	36	0	1	LastDelay	0	0	1	4
29.7827	57	0	1	LastDelay	0	0	1	4
29.796	16	0	1	LastDelay	0.651805	651805	1	1
29.8134	108	0	1	LastDelay	0	0	1	4
29.8663	5	0	1	LastDelay	0.00334338	3343.38	1	1
29.8822	100	0	1	LastDelay	0	0	1	4
29.8854	65	0	1	LastDelay	0	0	1	4
29.918	53	0	1	LastDelay	0	0	1	4
29.9306	91	0	1	LastDelay	0	0	1	4
29.9355	82	0	1	LastDelay	0	0	1	4
29.944	112	0	1	LastDelay	0	0	1	4
29.9767	35	0	1	LastDelay	0	0	1	4
29.9854	4	0	1	LastDelay	0	0	1	0
30.0203	24	0	1	LastDelay	0	0	1	3
30.0349	15	0	1	LastDelay	0.00333042	3330.42	1	1
30.0374	41	0	1	LastDelay	0	0	1	4
30.0538	103	0	1	LastDelay	0	0	1	4
30.0601	14	0	1	LastDelay	0	0	1	0
30.0625	62	0	1	LastDelay	0	0	1	4
30.0636	109	0	1	LastDelay	0	0	1	4
30.0818	1	0	1	LastDelay	0	0	1	0
30.1113	19	0	1	LastDelay	0.00394683	3946.83	1	1
30.119	8	0	1	LastDelay	0	0	1	0
30.1442	16	0	1	LastDelay	0	0	1	0
30.1609	96	0	1	LastDelay	0	0	1	4
30.195	11	0	1	LastDelay	0	0	1	0
30.2017	49	0	1	LastDelay	0	0	1	4
30.2107	99	0	1	LastDelay	0	0	1	4
30.2364	40	0	1	LastDelay	0	0	1	4
30.2389	86	0	1	LastDelay	0	0	1	4
30.2656	69	0	1	LastDelay	0	0	1	4
30.2867	32	0	1	LastDelay	0	0	1	4
30.3168	12	0	1	LastDelay	0	0	1	0
30.3256	95	0	1	LastDelay	0	0	1	4
30.4039	92	0	1	LastDelay	0	0	1	4
30.6222	13	0	1	LastDelay	0.00647781	6477.81	1	1
30.863	5	0	1	LastDelay	0	0	1	0
30.9887	4	0	1	LastDelay	0.00334321	3343.21	1	1
31.0316	15	0	1	LastDelay	0	0	1	0
31.1074	19	0	1	LastDelay	0	0	1	0
31.3201	12	0	1	LastDelay	0.00334335	3343.35	1	1
31.4406	9	0	1	LastDelay	0.00333033	3330.33	1	1
31.6158	13	0	1	LastDelay	0	0	1	0
31.8663	5	0	1	LastDelay	0.00333021	3330.21	1	1
31.9854	4	0	1	LastDelay	0	0	1	0
32.0851	1	0	1	LastDelay	0.00333013	3330.13	1	1
32.1208	8	0	1	LastDelay	0.0018666	1866.6	1	1
32.1511	16	0	1	LastDelay	0.00683385	6833.85	1	1
32.3168	12	0	1	LastDelay	0	0	1	0
32.4373	9	0	1	LastDelay	0	0	1	0
32.8036	17	0	1	LastDelay	0.281238	281238	1	1
32.863	5	0	1	LastDelay	0	0	1	0
33.035	15	0	1	LastDelay	0.00334341	3343.41	1	1
33.0635	14	0	1	LastDelay	0.00333045	3330.45	1	1
33.0818	1	0	1	LastDelay	0	0	1	0
33.119	8	0	1	LastDelay	0	0	1	0
33.1442	16	0	1	LastDelay	0	0	1	0
33.3201	12	0	1	LastDelay	0.00333059	3330.59	1	1
33.4708	21	0	1	LastDelay	0.00340851	3408.51	1	1
33.5224	17	0	1	LastDelay	0	0	1	0
33.732	23	0	1	LastDelay	0.00336952	3369.52	1	1
34.0238	24	0	1	LastDelay	0.00342143	3421.43	1	1
34.0316	15	0	1	LastDelay	0	0	1	0
34.0601	14	0	1	LastDelay	0	0	1	0
34.1111	19	0	1	LastDelay	0.00372546	3725.46	1	1
34.3168	12	0	1	LastDelay	0	0	1	0
34.4674	21	0	1	LastDelay	0	0	1	0
34.6906	20	0	1	LastDelay	0.00653015	6530.15	1	1
34.7286	23	0	1	LastDelay	0	0	1	0
34.8743	18	0	1	LastDelay	0.770716	770716	1	1
34.9887	4	0	1	LastDelay	0.00333011	3330.11	1	1
35.0203	24	0	1	LastDelay	0	0	1	0
35.0851	1	0	1	LastDelay	0.00333072	3330.72	1	1
35.1036	18	0	1	LastDelay	0	0	1	0
35.1074	19	0	1	LastDelay	0	0	1	0
35.1476	16	0	1	LastDelay	0.0033303	3330.3	1	1
35.3201	12	0	1	LastDelay	0.00334311	3343.11	1	1
35.4406	9	0	1	LastDelay	0.00336911	3369.11	1	1
35.6841	20	0	1	LastDelay	0	0	1	0
35.9854	4	0	1	LastDelay	0	0	1	0
36.0247	24	0	1	LastDelay	0.00437301	4373.01	1	1
36.0818	1	0	1	LastDelay	0	0	1	0
36.1083	19	0	1	LastDelay	0.000952478	952.478	1	1
36.1253	8	0	1	LastDelay	0.00629257	6292.57	1	1
36.1442	16	0	1	LastDelay	0	0	1	0
36.3168	12	0	1	LastDelay	0	0	1	0
36.4373	9	0	1	LastDelay	0	0	1	0
36.8663	5	0	1	LastDelay	0.00334354	3343.54	1	1
37.0203	24	0	1	LastDelay	0	0	1	0
37.1074	19	0	1	LastDelay	0	0	1	0
37.119	8	0	1	LastDelay	0	0	1	0
37.863	5	0	1	LastDelay	0	0	1	0
38.024	24	0	1	LastDelay	0.0036871	3687.1	1	1
38.4406	9	0	1	LastDelay	0.00333011	3330.11	1	1
38.7319	23	0	1	LastDelay	0.00334329	3343.29	1	1
39.0069	22	0	1	LastDelay	0.00496301	4963.01	1	1
39.0203	24	0	1	LastDelay	0	0	1	0
39.4373	9	0	1	LastDelay	0	0	1	0
39.7286	23	0	1	LastDelay	0	0	1	0
40.0019	22	0	1	LastDelay	0	0	1	1
41.5171	28	0	1	LastDelay	0.00333046	3330.46	1	1
42.3267	32	0	1	LastDelay	0.040015	40015	1	1
42.5138	28	0	1	LastDelay	0	0	1	0
42.732	23	0	1	LastDelay	0.00336908	3369.08	1	1
42.9887	4	0	1	LastDelay	0.0033301	3330.1	1	1
43.0211	24	0	1	LastDelay	0.000783817	783.817	1	1
43.0242	26	0	1	LastDelay	0.00642583	6425.83	1	1
43.09	30	0	1	LastDelay	0.139538	139538	1	1
43.1069	18	0	1	LastDelay	0.00333023	3330.23	1	1
43.1211	8	0	1	LastDelay	0.00213691	2136.91	1	1
43.2867	32	0	1	LastDelay	0	0	1	0
43.4406	9	0	1	LastDelay	0.00333008	3330.08	1	1
43.5172	28	0	1	LastDelay	0.00334328	3343.28	1	1
43.5248	17	0	1	LastDelay	0.0024149	2414.9	1	1
43.6191	13	0	1	LastDelay	0.00333006	3330.06	1	1
43.6373	27	0	1	LastDelay	0.00391289	3912.89	1	1
43.7286	23	0	1	LastDelay	0	0	1	0
43.7894	0	0	1	LastDelay	0.0033301	3330.1	1	1
43.9505	30	0	1	LastDelay	0	0	1	0
43.9851	31	0	1	LastDelay	0.00333074	3330.74	1	1
43.9854	4	0	1	LastDelay	0	0	1	0
44.002	22	0	1	LastDelay	4.2936e-05	42.936	1	1
44.0178	26	0	1	LastDelay	0	0	1	0
44.0203	24	0	1	LastDelay	0	0	1	0
44.1036	18	0	1	LastDelay	0	0	1	0
44.119	8	0	1	LastDelay	0	0	1	0
44.1476	16	0	1	LastDelay	0.00334335	3343.35	1	1
44.4373	9	0	1	LastDelay	0	0	1	0
44.5138	28	0	1	LastDelay	0	0	1	0
44.5224	17	0	1	LastDelay	0	0	1	0
44.6158	13	0	1	LastDelay	0	0	1	0
44.6334	27	0	1	LastDelay	0	0	1	0
44.7861	0	0	1	LastDelay	0	0	1	0
44.9817	31	0	1	LastDelay	0	0	1	0
44.9887	4	0	1	LastDelay	0.00333002	3330.02	1	1
45.0019	22	0	1	LastDelay	0	0	1	0
45.1442	16	0	1	LastDelay	0	0	1	0
45.5172	28	0	1	LastDelay	0.00335616	3356.16	1	1
45.5227	17	0	1	LastDelay	0.000337179	337.179	1	1
45.618	13	0	1	LastDelay	0.00227515	2275.15	1	1
45.7319	23	0	1	LastDelay	0.00333019	3330.19	1	1
45.8663	5	0	1	LastDelay	0.00333012	3330.12	1	1
45.9851	31	0	1	LastDelay	0.00333047	3330.47	1	1
45.9854	4	0	1	LastDelay	0	0	1	0
46.0019	22	0	1	LastDelay	3.072e-05	30.72	1	1
46.0237	24	0	1	LastDelay	0.00333501	3335.01	1	1
46.0237	26	0	1	LastDelay	0.00588187	5881.87	1	1
46.0882	1	0	1	LastDelay	0.00643813	6438.13	1	1
46.1058	18	0	1	LastDelay	0.00223351	2233.51	1	1
46.12	8	0	1	LastDelay	0.00102851	1028.51	1	1
46.1467	16	0	1	LastDelay	0.00250171	2501.71	1	1
46.1887	25	0	1	LastDelay	0.00103646	1036.46	1	1
46.319	12	0	1	LastDelay	0.00218825	2188.24	1	1
46.4534	33	0	1	LastDelay	0.0128098	12809.8	1	1
46.4692	21	0	1	LastDelay	0.00177575	1775.75	1	1
46.5138	28	0	1	LastDelay	0	0	1	0
46.5224	17	0	1	LastDelay	0	0	1	0
46.6066	29	0	1	LastDelay	0.00333046	3330.46	1	1
46.6158	13	0	1	LastDelay	0	0	1	0
46.6395	27	0	1	LastDelay	0.00615033	6150.33	1	1
46.7286	23	0	1	LastDelay	0	0	1	0
46.7293	37	0	1	LastDelay	0.0034087	3408.7	1	1
46.7894	0	0	1	LastDelay	0.00333012	3330.12	1	1
46.863	5	0	1	LastDelay	0	0	1	0
46.9538	30	0	1	LastDelay	0.00333071	3330.71	1	1
46.9817	31	0	1	LastDelay	0	0	1	0
46.9887	4	0	1	LastDelay	0.00333011	3330.11	1	1
47.0019	22	0	1	LastDelay	0	0	1	0
47.0178	26	0	1	LastDelay	0	0	1	0
47.0203	24	0	1	LastDelay	0	0	1	0
47.0818	1	0	1	LastDelay	0	0	1	0
47.1036	18	0	1	LastDelay	0	0	1	0
47.119	8	0	1	LastDelay	0	0	1	0
47.1442	16	0	1	LastDelay	0	0	1	0
47.1877	25	0	1	LastDelay	0	0	1	0
47.29	32	0	1	LastDelay	0.00333068	3330.68	1	1
47.3168	12	0	1	LastDelay	0	0	1	0
47.4405	33	0	1	LastDelay	0	0	1	0
47.4406	9	0	1	LastDelay	0.00333018	3330.18	1	1
47.4674	21	0	1	LastDelay	0	0	1	0
47.5276	17	0	1	LastDelay	0.00518065	5180.65	1	1
47.539	36	0	1	LastDelay	0.764968	764968	1	1
47.6033	29	0	1	LastDelay	0	0	1	0
47.6191	13	0	1	LastDelay	0.00334334	3343.34	1	1
47.6334	27	0	1	LastDelay	0	0	1	0
47.7259	37	0	1	LastDelay	0	0	1	0
47.7323	23	0	1	LastDelay	0.00367322	3673.22	1	1
47.774	36	0	1	LastDelay	0	0	1	0
47.7861	0	0	1	LastDelay	0	0	1	0
47.9505	30	0	1	LastDelay	0	0	1	0
47.9854	4	0	1	LastDelay	0	0	1	0
48.003	22	0	1	LastDelay	0.00109859	1098.59	1	1
48.0213	26	0	1	LastDelay	0.00349606	3496.06	1	1
48.0213	24	0	1	LastDelay	0.000949398	949.398	1	1
48.0851	1	0	1	LastDelay	0.00335638	3356.38	1	1
48.1055	18	0	1	LastDelay	0.00185174	1851.74	1	1
48.1223	8	0	1	LastDelay	0.00333003	3330.03	1	1
48.1454	16	0	1	LastDelay	0.00117724	1177.24	1	1
48.195	25	0	1	LastDelay	0.00730731	7307.31	1	1
48.2867	32	0	1	LastDelay	0	0	1	0
48.3201	12	0	1	LastDelay	0.00333005	3330.05	1	1
48.4373	9	0	1	LastDelay	0	0	1	0
48.5224	17	0	1	LastDelay	0	0	1	0
48.6158	13	0	1	LastDelay	0	0	1	0
48.6359	27	0	1	LastDelay	0.00252643	2526.43	1	1
48.7286	23	0	1	LastDelay	0	0	1	0
48.7774	36	0	1	LastDelay	0.00333055	3330.55	1	1
48.7901	0	0	1	LastDelay	0.00404978	4049.78	1	1
48.9538	30	0	1	LastDelay	0.00333056	3330.56	1	1
48.9773	37	0	1	LastDelay	0.251401	251401	1	1
48.9878	31	0	1	LastDelay	0.00609503	6095.03	1	1
48.9947	4	0	1	LastDelay	0.00932608	9326.08	1	1
48.9978	34	0	1	LastDelay	0.278801	278801	1	1
49.0019	22	0	1	LastDelay	0	0	1	0
49.0178	26	0	1	LastDelay	0	0	1	0
49.0203	24	0	1	LastDelay	0	0	1	0
49.0818	1	0	1	LastDelay	0	0	1	0
49.1036	18	0	1	LastDelay	0	0	1	0
49.119	8	0	1	LastDelay	0	0	1	0
49.1442	16	0	1	LastDelay	0	0	1	0
49.1877	25	0	1	LastDelay	0	0	1	0
49.3168	12	0	1	LastDelay	0	0	1	0
49.6209	13	0	1	LastDelay	0.00510632	5106.32	1	1
49.6334	27	0	1	LastDelay	0	0	1	0
49.719	34	0	1	LastDelay	0	0	1	0
49.7259	37	0	1	LastDelay	0	0	1	0
49.7319	23	0	1	LastDelay	0.00333008	3330.08	1	1
49.774	36	0	1	LastDelay	0	0	1	0
49.7861	0	0	1	LastDelay	0	0	1	0
49.9505	30	0	1	LastDelay	0	0	1	0
49.9817	31	0	1	LastDelay	0	0	1	0
49.9854	4	0	1	LastDelay	0	0	1	0
50.0066	22	0	1	LastDelay	0.00467	4670	1	1
50.0253	24	0	1	LastDelay	0.00499964	4999.64	1	1
50.1069	18	0	1	LastDelay	0.00333003	3330.03	1	1
50.191	25	0	1	LastDelay	0.00334344	3343.44	1	1
50.4413	33	0	1	LastDelay	0.000772145	772.145	1	1
50.4413	9	0	1	LastDelay	0.00405584	4055.84	1	1
50.4686	21	0	1	LastDelay	0.00121602	1216.02	1	1
50.5244	17	0	1	LastDelay	0.00199477	1994.77	1	1
50.6066	29	0	1	LastDelay	0.00333017	3330.17	1	1
50.6158	13	0	1	LastDelay	0	0	1	0
50.6396	27	0	1	LastDelay	0.00623255	6232.55	1	1
50.7255	34	0	1	LastDelay	0.00643882	6438.82	1	1
50.7286	23	0	1	LastDelay	0	0	1	0
50.7883	0	0	1	LastDelay	0.002248	2248.01	1	1
50.7977	37	0	1	LastDelay	0.0717539	71753.9	1	1
50.8663	5	0	1	LastDelay	0.00333079	3330.79	1	1
50.9538	30	0	1	LastDelay	0.00333025	3330.25	1	1
50.978	35	0	1	LastDelay	0.00130134	1301.34	1	1
50.9842	31	0	1	LastDelay	0.00249706	2497.06	1	1
50.9876	4	0	1	LastDelay	0.00222693	2226.93	1	1
51.0019	22	0	1	LastDelay	0	0	1	0
51.0203	24	0	1	LastDelay	0	0	1	0
51.0237	26	0	1	LastDelay	0.00596281	5962.81	1	1
51.1036	18	0	1	LastDelay	0	0	1	0
51.1223	8	0	1	LastDelay	0.00333015	3330.15	1	1
51.1458	16	0	1	LastDelay	0.00153383	1533.83	1	1
51.1877	25	0	1	LastDelay	0	0	1	0
51.2398	40	0	1	LastDelay	0.00335648	3356.48	1	1
51.3222	12	0	1	LastDelay	0.00545548	5455.48	1	1
51.4373	9	0	1	LastDelay	0	0	1	0
51.4405	33	0	1	LastDelay	0	0	1	0
51.4674	21	0	1	LastDelay	0	0	1	0
51.5224	17	0	1	LastDelay	0	0	1	0
51.6033	29	0	1	LastDelay	0	0	1	0
51.6334	27	0	1	LastDelay	0	0	1	0
51.719	34	0	1	LastDelay	0	0	1	0
51.7259	37	0	1	LastDelay	0	0	1	0
51.7861	0	0	1	LastDelay	0	0	1	0
51.863	5	0	1	LastDelay	0	0	1	0
51.9505	30	0	1	LastDelay	0	0	1	0
51.9767	35	0	1	LastDelay	0	0	1	0
51.9817	31	0	1	LastDelay	0	0	1	0
51.9854	4	0	1	LastDelay	0	0	1	0
52.0178	26	0	1	LastDelay	0	0	1	0
52.022	24	0	1	LastDelay	0.00167424	1674.24	1	1
52.0935	41	0	1	LastDelay	0.0561238	56123.8	1	1
52.119	8	0	1	LastDelay	0	0	1	0
52.1442	16	0	1	LastDelay	0	0	1	0
52.2364	40	0	1	LastDelay	0	0	1	0
52.29	32	0	1	LastDelay	0.00333013	3330.13	1	1
52.3168	12	0	1	LastDelay	0	0	1	0
52.5231	17	0	1	LastDelay	0.000748411	748.411	1	1
52.7307	23	0	1	LastDelay	0.00206656	2066.56	1	1
52.7307	37	0	1	LastDelay	0.00475778	4757.78	1	1
52.7669	45	0	1	LastDelay	0.00385614	3856.14	1	1
52.7884	0	0	1	LastDelay	0.00234157	2341.57	1	1
52.9538	30	0	1	LastDelay	0.00334305	3343.05	1	1
52.9873	31	0	1	LastDelay	0.00555626	5556.26	1	1
52.9873	4	0	1	LastDelay	0.00189783	1897.83	1	1
53.0203	24	0	1	LastDelay	0	0	1	0
53.0235	26	0	1	LastDelay	0.00571266	5712.66	1	1
53.0374	41	0	1	LastDelay	0	0	1	0
53.1069	18	0	1	LastDelay	0.00333049	3330.49	1	1
53.1208	8	0	1	LastDelay	0.00179434	1794.34	1	1
53.1496	16	0	1	LastDelay	0.00540027	5400.27	1	1
53.191	25	0	1	LastDelay	0.00333002	3330.02	1	1
53.2398	40	0	1	LastDelay	0.00333054	3330.54	1	1
53.2867	32	0	1	LastDelay	0	0	1	0
53.3201	12	0	1	LastDelay	0.0033301	3330.1	1	1
53.4414	33	0	1	LastDelay	0.000811284	811.284	1	1
53.4679	21	0	1	LastDelay	0.000541689	541.689	1	1
53.5224	17	0	1	LastDelay	0	0	1	0
53.5237	28	0	1	LastDelay	0.00989016	9890.16	1	1
53.6226	13	0	1	LastDelay	0.00685749	6857.49	1	1
53.6357	27	0	1	LastDelay	0.00230635	2306.35	1	1
53.6711	38	0	1	LastDelay	0.0134129	13412.9	1	1
53.7259	37	0	1	LastDelay	0	0	1	0
53.7286	34	0	1	LastDelay	0.00954677	9546.77	1	1
53.7286	23	0	1	LastDelay	0	0	1	0
53.7631	45	0	1	LastDelay	0	0	1	0
53.7806	36	0	1	LastDelay	0.00654224	6542.24	1	1
53.7861	0	0	1	LastDelay	0	0	1	0
53.8663	5	0	1	LastDelay	0.0033435	3343.5	1	1
53.9505	30	0	1	LastDelay	0	0	1	0
53.9817	31	0	1	LastDelay	0	0	1	0
53.9854	4	0	1	LastDelay	0	0	1	0
54.0059	22	0	1	LastDelay	0.00402996	4029.96	1	1
54.0178	26	0	1	LastDelay	0	0	1	0
54.0224	24	0	1	LastDelay	0.00211103	2111.03	1	1
54.039	41	0	1	LastDelay	0.00158901	1589.01	1	1
54.0856	1	0	1	LastDelay	0.00383505	3835.05	1	1
54.1036	18	0	1	LastDelay	0	0	1	0
54.119	8	0	1	LastDelay	0	0	1	0
54.1442	16	0	1	LastDelay	0	0	1	0
54.1877	25	0	1	LastDelay	0	0	1	0
54.2364	40	0	1	LastDelay	0	0	1	0
54.29	32	0	1	LastDelay	0.00333031	3330.31	1	1
54.3168	12	0	1	LastDelay	0	0	1	0
54.3495	42	0	1	LastDelay	0.00335628	3356.28	1	1
54.426	39	0	1	LastDelay	0.00645179	6451.79	1	1
54.4405	33	0	1	LastDelay	0	0	1	0
54.4426	9	0	1	LastDelay	0.00536216	5362.15	1	1
54.4674	21	0	1	LastDelay	0	0	1	0
54.5138	28	0	1	LastDelay	0	0	1	0
54.6158	13	0	1	LastDelay	0	0	1	0
54.6334	27	0	1	LastDelay	0	0	1	0
54.6577	38	0	1	LastDelay	0	0	1	0
54.719	34	0	1	LastDelay	0	0	1	0
54.7337	23	0	1	LastDelay	0.00512011	5120.11	1	1
54.7635	45	0	1	LastDelay	0.000416269	416.269	1	1
54.774	36	0	1	LastDelay	0	0	1	0
54.787	0	0	1	LastDelay	0.000865841	865.841	1	1
54.8145	49	0	1	LastDelay	0.612856	612856	1	1
54.863	5	0	1	LastDelay	0	0	1	0
54.9803	35	0	1	LastDelay	0.00357545	3575.45	1	1
54.9834	31	0	1	LastDelay	0.00167649	1676.49	1	1
54.9927	4	0	1	LastDelay	0.00730323	7303.23	1	1
55.0019	22	0	1	LastDelay	0	0	1	0
55.0188	26	0	1	LastDelay	0.00101886	1018.86	1	1
55.0203	24	0	1	LastDelay	0	0	1	0
55.0374	41	0	1	LastDelay	0	0	1	0
55.0818	1	0	1	LastDelay	0	0	1	0
55.1802	43	0	1	LastDelay	0.00343458	3434.58	1	1
55.2017	49	0	1	LastDelay	0	0	1	0
55.2432	40	0	1	LastDelay	0.00676849	6768.49	1	1
55.2867	32	0	1	LastDelay	0	0	1	0
55.3398	44	0	1	LastDelay	0.00399285	3992.85	1	1
55.3462	42	0	1	LastDelay	0	0	1	0
55.4196	39	0	1	LastDelay	0	0	1	0
55.4373	9	0	1	LastDelay	0	0	1	0
55.4707	21	0	1	LastDelay	0.00334321	3343.21	1	1
55.5244	17	0	1	LastDelay	0.00202073	2020.73	1	1
55.6066	29	0	1	LastDelay	0.00333005	3330.05	1	1
55.6339	27	0	1	LastDelay	0.000514654	514.654	1	1
55.6604	38	0	1	LastDelay	0.00268071	2680.71	1	1
55.7286	23	0	1	LastDelay	0	0	1	0
55.7358	37	0	1	LastDelay	0.00991879	9918.8	1	1
55.7631	45	0	1	LastDelay	0	0	1	0
55.7861	0	0	1	LastDelay	0	0	1	0
55.9767	35	0	1	LastDelay	0	0	1	0
55.9817	31	0	1	LastDelay	0	0	1	0
55.9854	4	0	1	LastDelay	0	0	1	0
56.0065	22	0	1	LastDelay	0.00457926	4579.26	1	1
56.0178	26	0	1	LastDelay	0	0	1	0
56.0409	41	0	1	LastDelay	0.00346773	3467.73	1	1
56.1768	43	0	1	LastDelay	0	0	1	0
56.191	25	0	1	LastDelay	0.00333018	3330.18	1	1
56.2364	40	0	1	LastDelay	0	0	1	0
56.3358	44	0	1	LastDelay	0	0	1	0
56.4408	33	0	1	LastDelay	0.00024965	249.65	1	1
56.4674	21	0	1	LastDelay	0	0	1	0
56.5224	17	0	1	LastDelay	0	0	1	0
56.6033	29	0	1	LastDelay	0	0	1	0
56.6334	27	0	1	LastDelay	0	0	1	0
56.6577	38	0	1	LastDelay	0	0	1	0
56.7259	37	0	1	LastDelay	0	0	1	0
56.7689	23	0	1	LastDelay	0.0402824	40282.4	1	1
56.7766	36	0	1	LastDelay	0.00253096	2530.96	1	1
56.9836	31	0	1	LastDelay	0.00183896	1838.96	1	1
56.9878	4	0	1	LastDelay	0.00237073	2370.73	1	1
56.9909	49	0	1	LastDelay	0.789206	789206	1	1
57.0019	22	0	1	LastDelay	0	0	1	0
57.0211	24	0	1	LastDelay	0.00079688	796.88	1	1
57.0374	41	0	1	LastDelay	0	0	1	0
57.1877	25	0	1	LastDelay	0	0	1	0
57.2017	49	0	1	LastDelay	0	0	1	0
57.3201	12	0	1	LastDelay	0.0033302	3330.2	1	1
57.3377	44	0	1	LastDelay	0.00191437	1914.37	1	1
57.4353	48	0	1	LastDelay	0.675353	675353	1	1
57.4405	33	0	1	LastDelay	0	0	1	0
57.5287	17	0	1	LastDelay	0.00627754	6277.54	1	1
57.6367	27	0	1	LastDelay	0.00333002	3330.02	1	1
57.7286	23	0	1	LastDelay	0	0	1	0
57.7289	37	0	1	LastDelay	0.00297649	2976.49	1	1
57.76	48	0	1	LastDelay	0	0	1	0
57.7674	45	0	1	LastDelay	0.00431269	4312.69	1	1
57.774	36	0	1	LastDelay	0	0	1	0
57.7898	0	0	1	LastDelay	0.00372379	3723.79	1	1
57.8242	52	0	1	LastDelay	0.0637292	63729.2	1	1
57.9817	31	0	1	LastDelay	0	0	1	0
57.9854	4	0	1	LastDelay	0	0	1	0
58.0203	24	0	1	LastDelay	0	0	1	0
58.1226	8	0	1	LastDelay	0.00367394	3673.94	1	1
58.1495	16	0	1	LastDelay	0.00523776	5237.76	1	1
58.1883	25	0	1	LastDelay	0.000661406	661.406	1	1
58.2018	49	0	1	LastDelay	0.000109973	109.973	1	1
58.2387	40	0	1	LastDelay	0.00229327	2293.27	1	1
58.3168	12	0	1	LastDelay	0	0	1	0
58.3358	44	0	1	LastDelay	0	0	1	0
58.4409	33	0	1	LastDelay	0.000329052	329.052	1	1
58.4714	21	0	1	LastDelay	0.00404488	4044.88	1	1
58.5224	17	0	1	LastDelay	0	0	1	0
58.6066	29	0	1	LastDelay	0.00333014	3330.14	1	1
58.6334	27	0	1	LastDelay	0	0	1	0
58.7259	37	0	1	LastDelay	0	0	1	0
58.73	23	0	1	LastDelay	0.00135468	1354.68	1	1
58.7605	52	0	1	LastDelay	0	0	1	0
58.7631	45	0	1	LastDelay	0	0	1	0
58.7695	48	0	1	LastDelay	0.00952103	9521.03	1	1
58.7764	36	0	1	LastDelay	0.00236996	2369.96	1	1
58.7861	0	0	1	LastDelay	0	0	1	0
58.9801	35	0	1	LastDelay	0.00333007	3330.07	1	1
58.9871	31	0	1	LastDelay	0.00538462	5384.62	1	1
58.9871	4	0	1	LastDelay	0.00172618	1726.18	1	1
59.0253	24	0	1	LastDelay	0.0049517	4951.7	1	1
59.0384	41	0	1	LastDelay	0.00101609	1016.09	1	1
59.119	8	0	1	LastDelay	0	0	1	0
59.1442	16	0	1	LastDelay	0	0	1	0
59.1801	43	0	1	LastDelay	0.0033432	3343.2	1	1
59.1877	25	0	1	LastDelay	0	0	1	0
59.2017	49	0	1	LastDelay	0	0	1	0
59.2364	40	0	1	LastDelay	0	0	1	0
59.29	32	0	1	LastDelay	0.0033301	3330.1	1	1
59.317	12	0	1	LastDelay	0.000187316	187.316	1	1
59.3367	44	0	1	LastDelay	0.00090352	903.52	1	1
59.3494	42	0	1	LastDelay	0.00325202	3252.02	1	1
59.4225	39	0	1	LastDelay	0.00289258	2892.58	1	1
59.4405	33	0	1	LastDelay	0	0	1	0
59.4674	21	0	1	LastDelay	0	0	1	0
59.5171	28	0	1	LastDelay	0.00333006	3330.06	1	1
59.5268	17	0	1	LastDelay	0.00436437	4364.37	1	1
59.6033	29	0	1	LastDelay	0	0	1	0
59.6625	38	0	1	LastDelay	0.00480723	4807.23	1	1
59.7224	34	0	1	LastDelay	0.00333055	3330.55	1	1
59.7286	23	0	1	LastDelay	0	0	1	0
59.7289	37	0	1	LastDelay	0.00304117	3041.16	1	1
59.76	48	0	1	LastDelay	0	0	1	0
59.7679	45	0	1	LastDelay	0.00485073	4850.73	1	1
59.774	36	0	1	LastDelay	0	0	1	0
59.7927	0	0	1	LastDelay	0.00660749	6607.49	1	1
59.9767	35	0	1	LastDelay	0	0	1	0
59.9817	31	0	1	LastDelay	0	0	1	0
59.9854	4	0	1	LastDelay	0	0	1	0
60.0203	24	0	1	LastDelay	0	0	1	0
60.0374	41	0	1	LastDelay	0	0	1	0
60.1223	8	0	1	LastDelay	0.00333005	3330.05	1	1
60.1768	43	0	1	LastDelay	0	0	1	0
60.191	25	0	1	LastDelay	0.00333006	3330.06	1	1
60.2037	49	0	1	LastDelay	0.00205319	2053.2	1	1
60.2367	40	0	1	LastDelay	0.000267728	267.728	1	1
60.2801	46	0	1	LastDelay	0.00333041	3330.41	1	1
60.2867	32	0	1	LastDelay	0	0	1	0
60.2995	50	0	1	LastDelay	0.00686174	6861.74	1	1
60.3168	12	0	1	LastDelay	0	0	1	0
60.3358	44	0	1	LastDelay	0	0	1	0
60.3462	42	0	1	LastDelay	0	0	1	0
60.4196	39	0	1	LastDelay	0	0	1	0
60.4704	21	0	1	LastDelay	0.00302011	3020.11	1	1
60.5138	28	0	1	LastDelay	0	0	1	0
60.5224	17	0	1	LastDelay	0	0	1	0
60.6066	29	0	1	LastDelay	0.00333035	3330.35	1	1
60.6406	27	0	1	LastDelay	0.00720666	7206.66	1	1
60.6577	38	0	1	LastDelay	0	0	1	0
60.719	34	0	1	LastDelay	0	0	1	0
60.7259	37	0	1	LastDelay	0	0	1	0
60.7319	23	0	1	LastDelay	0.00333026	3330.26	1	1
60.7631	45	0	1	LastDelay	0	0	1	0
60.7633	48	0	1	LastDelay	0.00333027	3330.27	1	1
60.776	36	0	1	LastDelay	0.00198773	1987.73	1	1
60.7861	0	0	1	LastDelay	0	0	1	0
60.99	4	0	1	LastDelay	0.00464927	4649.27	1	1
60.9966	31	0	1	LastDelay	0.0148416	14841.6	1	1
61.0291	52	0	1	LastDelay	0.268597	268597	1	1
61.0353	24	0	1	LastDelay	0.0149446	14944.6	1	1
61.0387	41	0	1	LastDelay	0.00130285	1302.85	1	1
61.0387	53	0	1	LastDelay	0.12072	120720	1	1
61.119	8	0	1	LastDelay	0	0	1	0
61.1776	43	0	1	LastDelay	0.000843259	843.259	1	1
61.1877	25	0	1	LastDelay	0	0	1	0
61.2017	49	0	1	LastDelay	0	0	1	0
61.2364	40	0	1	LastDelay	0	0	1	0
61.2767	46	0	1	LastDelay	0	0	1	0
61.2926	50	0	1	LastDelay	0	0	1	0
61.3176	12	0	1	LastDelay	0.000782765	782.765	1	1
61.3337	47	0	1	LastDelay	0.288413	288413	1	1
61.3399	44	0	1	LastDelay	0.00418525	4185.25	1	1
61.3465	42	0	1	LastDelay	0.000304325	304.325	1	1
61.4229	39	0	1	LastDelay	0.00335642	3356.42	1	1
61.4674	21	0	1	LastDelay	0	0	1	0
61.5247	17	0	1	LastDelay	0.00235028	2350.28	1	1
61.6033	29	0	1	LastDelay	0	0	1	0
61.6334	27	0	1	LastDelay	0	0	1	0
61.661	38	0	1	LastDelay	0.00333025	3330.25	1	1
61.7286	23	0	1	LastDelay	0	0	1	0
61.7292	37	0	1	LastDelay	0.0033302	3330.2	1	1
61.76	48	0	1	LastDelay	0	0	1	0
61.7605	52	0	1	LastDelay	0	0	1	0
61.7664	45	0	1	LastDelay	0.00333027	3330.27	1	1
61.7697	58	0	1	LastDelay	0.132672	132672	1	1
61.774	36	0	1	LastDelay	0	0	1	0
61.7914	0	0	1	LastDelay	0.00528132	5281.32	1	1
61.918	53	0	1	LastDelay	0	0	1	0
61.9817	31	0	1	LastDelay	0	0	1	0
61.9854	4	0	1	LastDelay	0	0	1	0
62.0203	24	0	1	LastDelay	0	0	1	0
62.0374	41	0	1	LastDelay	0	0	1	0
62.0453	47	0	1	LastDelay	0	0	1	0
62.0683	62	0	1	LastDelay	0.00578669	5786.69	1	1
62.1223	8	0	1	LastDelay	0.00333015	3330.15	1	1
62.1768	43	0	1	LastDelay	0	0	1	0
62.1941	25	0	1	LastDelay	0.00643878	6438.78	1	1
62.2401	40	0	1	LastDelay	0.00364047	3640.47	1	1
62.3168	12	0	1	LastDelay	0	0	1	0
62.3358	44	0	1	LastDelay	0	0	1	0
62.3462	42	0	1	LastDelay	0	0	1	0
62.4196	39	0	1	LastDelay	0	0	1	0
62.4442	33	0	1	LastDelay	0.00369948	3699.48	1	1
62.4681	21	0	1	LastDelay	0.000728589	728.589	1	1
62.5224	17	0	1	LastDelay	0	0	1	0
62.6066	29	0	1	LastDelay	0.00333016	3330.16	1	1
62.637	58	0	1	LastDelay	0	0	1	0
62.6577	38	0	1	LastDelay	0	0	1	0
62.7259	37	0	1	LastDelay	0	0	1	0
62.7631	45	0	1	LastDelay	0	0	1	0
62.7706	52	0	1	LastDelay	0.0100747	10074.7	1	1
62.7744	36	0	1	LastDelay	0.000343629	343.629	1	1
62.7861	0	0	1	LastDelay	0	0	1	0
62.8889	2	0	1	LastDelay	0.00113081	1130.81	1	1
62.9938	4	0	1	LastDelay	0.00843132	8431.32	1	1
62.9938	31	0	1	LastDelay	0.0120898	12089.8	1	1
63.0398	41	0	1	LastDelay	0.00241308	2413.08	1	1
63.0467	47	0	1	LastDelay	0.00139872	1398.71	1	1
63.0625	62	0	1	LastDelay	0	0	1	0
63.1107	19	0	1	LastDelay	0.00334311	3343.11	1	1
63.119	8	0	1	LastDelay	0	0	1	0
63.1877	25	0	1	LastDelay	0	0	1	0
63.205	49	0	1	LastDelay	0.00333044	3330.44	1	1
63.2364	40	0	1	LastDelay	0	0	1	0
63.2908	32	0	1	LastDelay	0.00403958	4039.58	1	1
63.2938	50	0	1	LastDelay	0.00122817	1228.17	1	1
63.3172	12	0	1	LastDelay	0.000451646	451.646	1	1
63.3451	44	0	1	LastDelay	0.00932815	9328.15	1	1
63.3544	42	0	1	LastDelay	0.0081993	8199.3	1	1
63.4213	75	0	1	LastDelay	0.00333018	3330.18	1	1
63.4223	39	0	1	LastDelay	0.00270648	2706.48	1	1
63.4405	33	0	1	LastDelay	0	0	1	0
63.4674	21	0	1	LastDelay	0	0	1	0
63.5171	28	0	1	LastDelay	0.00333031	3330.31	1	1
63.524	17	0	1	LastDelay	0.00162495	1624.94	1	1
63.5542	83	0	1	LastDelay	0.00333	3330	1	1
63.5697	104	0	1	LastDelay	0.00335611	3356.11	1	1
63.6033	29	0	1	LastDelay	0	0	1	0
63.6367	27	0	1	LastDelay	0.0033303	3330.3	1	1
63.6367	87	0	1	LastDelay	0.003369	3369	1	1
63.6601	38	0	1	LastDelay	0.00241148	2411.48	1	1
63.7361	23	0	1	LastDelay	0.00752862	7528.62	1	1
63.7605	52	0	1	LastDelay	0	0	1	0
63.7648	48	0	1	LastDelay	0.00484973	4849.73	1	1
63.7648	45	0	1	LastDelay	0.00173287	1732.87	1	1
63.774	36	0	1	LastDelay	0	0	1	0
63.7942	0	0	1	LastDelay	0.00808794	8087.94	1	1
63.8878	2	0	1	LastDelay	0	0	1	0
63.9275	53	0	1	LastDelay	0.00953428	9534.28	1	1
63.9801	35	0	1	LastDelay	0.00334305	3343.05	1	1
63.9817	31	0	1	LastDelay	0	0	1	0
63.9854	4	0	1	LastDelay	0	0	1	0
64.0029	58	0	1	LastDelay	0.365911	365911	1	1
64.0374	41	0	1	LastDelay	0	0	1	0
64.0453	47	0	1	LastDelay	0	0	1	0
64.0641	109	0	1	LastDelay	0.000551913	551.913	1	1
64.0711	62	0	1	LastDelay	0.0085307	8530.7	1	1
64.1074	19	0	1	LastDelay	0	0	1	0
64.1223	8	0	1	LastDelay	0.00333005	3330.05	1	1
64.1451	16	0	1	LastDelay	0.000886212	886.212	1	1
64.1779	43	0	1	LastDelay	0.00116798	1167.98	1	1
64.1882	25	0	1	LastDelay	0.000545548	545.548	1	1
64.2017	49	0	1	LastDelay	0	0	1	0
64.2793	46	0	1	LastDelay	0.00252243	2522.43	1	1
64.2867	32	0	1	LastDelay	0	0	1	0
64.2926	50	0	1	LastDelay	0	0	1	0
64.3063	6	0	1	LastDelay	0.00334317	3343.17	1	1
64.3168	12	0	1	LastDelay	0	0	1	0
64.3358	44	0	1	LastDelay	0	0	1	0
64.3462	42	0	1	LastDelay	0	0	1	0
64.4072	92	0	1	LastDelay	0.003343	3343	1	1
64.4179	75	0	1	LastDelay	0	0	1	0
64.4196	39	0	1	LastDelay	0	0	1	0
64.4433	79	0	1	LastDelay	0.00333	3330	1	1
64.4439	33	0	1	LastDelay	0.00333015	3330.15	1	1
64.47	21	0	1	LastDelay	0.00263836	2638.36	1	1
64.5138	28	0	1	LastDelay	0	0	1	0
64.5224	17	0	1	LastDelay	0	0	1	0
64.5509	83	0	1	LastDelay	0	0	1	0
64.5663	104	0	1	LastDelay	0	0	1	0
64.6066	29	0	1	LastDelay	0.0033301	3330.1	1	1
64.6334	87	0	1	LastDelay	0	0	1	0
64.6334	27	0	1	LastDelay	0	0	1	0
64.637	58	0	1	LastDelay	0	0	1	0
64.6479	54	0	1	LastDelay	0.011269	11269	1	1
64.655	70	0	1	LastDelay	0.00333011	3330.11	1	1
64.6577	38	0	1	LastDelay	0	0	1	0
64.7227	55	0	1	LastDelay	0.00186171	1861.71	1	1
64.7286	23	0	1	LastDelay	0	0	1	0
64.7298	37	0	1	LastDelay	0.00387819	3878.19	1	1
64.76	48	0	1	LastDelay	0	0	1	0
64.7631	45	0	1	LastDelay	0	0	1	0
64.7638	52	0	1	LastDelay	0.0033304	3330.4	1	1
64.7788	36	0	1	LastDelay	0.0047602	4760.2	1	1
64.7861	0	0	1	LastDelay	0	0	1	0
64.8856	100	0	1	LastDelay	0.00333	3330	1	1
64.8922	2	0	1	LastDelay	0.00436475	4364.76	1	1
64.918	53	0	1	LastDelay	0	0	1	0
64.9767	35	0	1	LastDelay	0	0	1	0
64.9851	31	0	1	LastDelay	0.00334332	3343.32	1	1
64.9913	4	0	1	LastDelay	0.00587503	5875.03	1	1
65.0289	24	0	1	LastDelay	0.00857406	8574.06	1	1
65.0428	41	0	1	LastDelay	0.00537844	5378.44	1	1
65.0493	47	0	1	LastDelay	0.00398197	3981.97	1	1
65.0625	62	0	1	LastDelay	0	0	1	0
65.0636	109	0	1	LastDelay	0	0	1	0
65.1112	19	0	1	LastDelay	0.00379321	3793.21	1	1
65.119	8	0	1	LastDelay	0	0	1	0
65.1442	16	0	1	LastDelay	0	0	1	0
65.1768	43	0	1	LastDelay	0	0	1	0
65.1877	25	0	1	LastDelay	0	0	1	0
65.2226	51	0	1	LastDelay	0.945213	945213	1	1
65.2384	40	0	1	LastDelay	0.00199175	1991.75	1	1
65.2697	10	0	1	LastDelay	0.00333003	3330.03	1	1
65.2767	46	0	1	LastDelay	0	0	1	0
65.2774	51	0	1	LastDelay	0	0	1	0
65.2931	32	0	1	LastDelay	0.0064253	6425.3	1	1
65.3028	50	0	1	LastDelay	0.0101472	10147.2	1	1
65.3029	6	0	1	LastDelay	0	0	1	0
65.3302	12	0	1	LastDelay	0.0134389	13438.9	1	1
65.3475	42	0	1	LastDelay	0.00126709	1267.1	1	1
65.4039	92	0	1	LastDelay	0	0	1	0
65.44	79	0	1	LastDelay	0	0	1	0
65.4405	33	0	1	LastDelay	0	0	1	0
65.4674	21	0	1	LastDelay	0	0	1	0
65.5202	28	0	1	LastDelay	0.00642527	6425.27	1	1
65.5233	17	0	1	LastDelay	0.000938931	938.931	1	1
65.6033	29	0	1	LastDelay	0	0	1	0
65.6366	54	0	1	LastDelay	0	0	1	0
65.6516	70	0	1	LastDelay	0	0	1	0
65.6594	38	0	1	LastDelay	0.00172526	1725.26	1	1
65.6594	58	0	1	LastDelay	0.0224235	22423.5	1	1
65.7209	55	0	1	LastDelay	0	0	1	0
65.7259	37	0	1	LastDelay	0	0	1	0
65.7373	66	0	1	LastDelay	0.00692776	6927.76	1	1
65.7605	52	0	1	LastDelay	0	0	1	0
65.7615	48	0	1	LastDelay	0.00154423	1544.23	1	1
65.768	45	0	1	LastDelay	0.0049604	4960.4	1	1
65.774	36	0	1	LastDelay	0	0	1	0
65.7884	0	0	1	LastDelay	0.00226748	2267.47	1	1
65.831	57	0	1	LastDelay	0.0483206	48320.6	1	1
65.8822	100	0	1	LastDelay	0	0	1	0
65.8878	2	0	1	LastDelay	0	0	1	0
65.9817	31	0	1	LastDelay	0	0	1	0
65.9854	4	0	1	LastDelay	0	0	1	0
66.0203	24	0	1	LastDelay	0	0	1	0
66.0374	41	0	1	LastDelay	0	0	1	0
66.0453	47	0	1	LastDelay	0	0	1	0
66.0642	109	0	1	LastDelay	0.000564913	564.913	1	1
66.0836	62	0	1	LastDelay	0.0210252	21025.2	1	1
66.1074	19	0	1	LastDelay	0	0	1	0
66.1454	16	0	1	LastDelay	0.00111392	1113.92	1	1
66.191	25	0	1	LastDelay	0.00333006	3330.06	1	1
66.2065	49	0	1	LastDelay	0.00485786	4857.86	1	1
66.2364	40	0	1	LastDelay	0	0	1	0
66.2663	10	0	1	LastDelay	0	0	1	0
66.2801	46	0	1	LastDelay	0.00333009	3330.09	1	1
66.2801	51	0	1	LastDelay	0.002707	2707	1	1
66.2867	32	0	1	LastDelay	0	0	1	0
66.2926	50	0	1	LastDelay	0	0	1	0
66.3168	12	0	1	LastDelay	0	0	1	0
66.3404	44	0	1	LastDelay	0.00460257	4602.57	1	1
66.3462	42	0	1	LastDelay	0	0	1	0
66.5138	28	0	1	LastDelay	0	0	1	0
66.5224	17	0	1	LastDelay	0	0	1	0
66.637	58	0	1	LastDelay	0	0	1	0
66.639	27	0	1	LastDelay	0.00560965	5609.65	1	1
66.6424	54	0	1	LastDelay	0.00574809	5748.1	1	1
66.6577	38	0	1	LastDelay	0	0	1	0
66.7303	66	0	1	LastDelay	0	0	1	0
66.7334	23	0	1	LastDelay	0.00476386	4763.86	1	1
66.76	48	0	1	LastDelay	0	0	1	0
66.7612	52	0	1	LastDelay	0.000742649	742.649	1	1
66.7631	45	0	1	LastDelay	0	0	1	0
66.7816	36	0	1	LastDelay	0.00753295	7532.95	1	1
66.7827	57	0	1	LastDelay	0	0	1	0
66.7861	0	0	1	LastDelay	0	0	1	0
66.8856	100	0	1	LastDelay	0.00333	3330	1	1
66.9863	31	0	1	LastDelay	0.00452605	4526.05	1	1
66.9863	4	0	1	LastDelay	0.000867617	867.617	1	1
67.0236	24	0	1	LastDelay	0.00325963	3259.64	1	1
67.0545	47	0	1	LastDelay	0.00921828	9218.28	1	1
67.0625	62	0	1	LastDelay	0	0	1	0
67.0636	109	0	1	LastDelay	0	0	1	0
67.1223	8	0	1	LastDelay	0.00333002	3330.02	1	1
67.1442	16	0	1	LastDelay	0	0	1	0
67.1877	25	0	1	LastDelay	0	0	1	0
67.2017	49	0	1	LastDelay	0	0	1	0
67.2401	40	0	1	LastDelay	0.00369944	3699.44	1	1
67.2767	46	0	1	LastDelay	0	0	1	0
67.2774	51	0	1	LastDelay	0	0	1	0
67.2931	32	0	1	LastDelay	0.00641242	6412.42	1	1
67.2931	50	0	1	LastDelay	0.000505789	505.789	1	1
67.3358	44	0	1	LastDelay	0	0	1	0
67.3469	42	0	1	LastDelay	0.000729226	729.226	1	1
67.47	21	0	1	LastDelay	0.00262584	2625.84	1	1
67.5235	17	0	1	LastDelay	0.00105931	1059.31	1	1
67.5235	28	0	1	LastDelay	0.00964107	9641.07	1	1
67.5696	104	0	1	LastDelay	0.00333	3330	1	1
67.6098	29	0	1	LastDelay	0.00643827	6438.27	1	1
67.6334	27	0	1	LastDelay	0	0	1	0
67.6366	54	0	1	LastDelay	0	0	1	0
67.6387	58	0	1	LastDelay	0.00163719	1637.19	1	1
67.6661	38	0	1	LastDelay	0.00836831	8368.31	1	1
67.7243	55	0	1	LastDelay	0.00343565	3435.65	1	1
67.7275	37	0	1	LastDelay	0.00154596	1545.96	1	1
67.7286	23	0	1	LastDelay	0	0	1	0
67.7605	52	0	1	LastDelay	0	0	1	0
67.764	48	0	1	LastDelay	0.0040819	4081.89	1	1
67.764	45	0	1	LastDelay	0.000965043	965.043	1	1
67.774	36	0	1	LastDelay	0	0	1	0
67.7903	0	0	1	LastDelay	0.00418687	4186.87	1	1
67.7999	57	0	1	LastDelay	0.0171884	17188.4	1	1
67.8822	100	0	1	LastDelay	0	0	1	0
67.9817	31	0	1	LastDelay	0	0	1	0
67.9854	4	0	1	LastDelay	0	0	1	0
68.0203	24	0	1	LastDelay	0	0	1	0
68.0453	47	0	1	LastDelay	0	0	1	0
68.1107	19	0	1	LastDelay	0.00333018	3330.18	1	1
68.119	8	0	1	LastDelay	0	0	1	0
68.1476	16	0	1	LastDelay	0.00334302	3343.02	1	1
68.2041	49	0	1	LastDelay	0.00239714	2397.14	1	1
68.2364	40	0	1	LastDelay	0	0	1	0
68.2808	51	0	1	LastDelay	0.00339313	3393.13	1	1
68.2867	32	0	1	LastDelay	0	0	1	0
68.2926	50	0	1	LastDelay	0	0	1	0
68.3194	12	0	1	LastDelay	0.00263766	2637.66	1	1
68.3392	44	0	1	LastDelay	0.00339612	3396.12	1	1
68.3462	42	0	1	LastDelay	0	0	1	0
68.4674	21	0	1	LastDelay	0	0	1	0
68.5138	28	0	1	LastDelay	0	0	1	0
68.5224	17	0	1	LastDelay	0	0	1	0
68.5663	104	0	1	LastDelay	0	0	1	0
68.6033	29	0	1	LastDelay	0	0	1	0
68.6344	27	0	1	LastDelay	0.00104389	1043.89	1	1
68.637	58	0	1	LastDelay	0	0	1	0
68.638	54	0	1	LastDelay	0.0013383	1338.31	1	1
68.6473	56	0	1	LastDelay	0.585654	585654	1	1
68.6577	38	0	1	LastDelay	0	0	1	0
68.7209	55	0	1	LastDelay	0	0	1	0
68.7259	37	0	1	LastDelay	0	0	1	0
68.7319	23	0	1	LastDelay	0.00333002	3330.02	1	1
68.76	48	0	1	LastDelay	0	0	1	0
68.7631	45	0	1	LastDelay	0	0	1	0
68.7773	36	0	1	LastDelay	0.0032282	3228.2	1	1
68.7827	57	0	1	LastDelay	0	0	1	0
68.7861	0	0	1	LastDelay	0	0	1	0
68.886	100	0	1	LastDelay	0.00380618	3806.18	1	1
68.9213	53	0	1	LastDelay	0.0033303	3330.3	1	1
68.9909	4	0	1	LastDelay	0.00545239	5452.39	1	1
68.9909	31	0	1	LastDelay	0.00911089	9110.89	1	1
69.0208	24	0	1	LastDelay	0.000470326	470.326	1	1
69.0401	41	0	1	LastDelay	0.00268656	2686.55	1	1
69.0616	56	0	1	LastDelay	0	0	1	0
69.0685	109	0	1	LastDelay	0.00488757	4887.57	1	1
69.1074	19	0	1	LastDelay	0	0	1	0
69.1223	8	0	1	LastDelay	0.00333015	3330.15	1	1
69.1442	16	0	1	LastDelay	0	0	1	0
69.191	25	0	1	LastDelay	0.00334316	3343.16	1	1
69.2017	49	0	1	LastDelay	0	0	1	0
69.2398	40	0	1	LastDelay	0.00333041	3330.41	1	1
69.2774	51	0	1	LastDelay	0	0	1	0
69.2801	46	0	1	LastDelay	0.00333026	3330.26	1	1
69.2897	32	0	1	LastDelay	0.00299728	2997.28	1	1
69.2928	50	0	1	LastDelay	0.000198932	198.932	1	1
69.3168	12	0	1	LastDelay	0	0	1	0
69.3358	44	0	1	LastDelay	0	0	1	0
69.3495	42	0	1	LastDelay	0.00333013	3330.13	1	1
69.4077	92	0	1	LastDelay	0.003806	3806	1	1
69.4725	21	0	1	LastDelay	0.00507269	5072.69	1	1
69.5171	28	0	1	LastDelay	0.00333002	3330.02	1	1
69.5233	17	0	1	LastDelay	0.000938893	938.893	1	1
69.5542	83	0	1	LastDelay	0.00333	3330	1	1
69.6066	29	0	1	LastDelay	0.00333005	3330.05	1	1
69.6334	27	0	1	LastDelay	0	0	1	0
69.6366	54	0	1	LastDelay	0	0	1	0
69.6367	87	0	1	LastDelay	0.00333	3330	1	1
69.638	58	0	1	LastDelay	0.000976329	976.329	1	1
69.655	70	0	1	LastDelay	0.00335656	3356.56	1	1
69.6683	38	0	1	LastDelay	0.0105526	10552.6	1	1
69.7286	23	0	1	LastDelay	0	0	1	0
69.7296	37	0	1	LastDelay	0.00365774	3657.74	1	1
69.7327	55	0	1	LastDelay	0.0117766	11776.6	1	1
69.7337	66	0	1	LastDelay	0.00340866	3408.66	1	1
69.766	45	0	1	LastDelay	0.00287923	2879.23	1	1
69.774	36	0	1	LastDelay	0	0	1	0
69.7756	48	0	1	LastDelay	0.0156382	15638.2	1	1
69.7756	52	0	1	LastDelay	0.0151232	15123.2	1	1
69.7894	0	0	1	LastDelay	0.0032712	3271.2	1	1
69.7986	57	0	1	LastDelay	0.0159297	15929.7	1	1
69.8606	61	0	1	LastDelay	0.230037	230037	1	1
69.8822	100	0	1	LastDelay	0	0	1	0
69.8888	65	0	1	LastDelay	0.00334346	3343.46	1	1
69.8915	2	0	1	LastDelay	0.00373812	3738.11	1	1
69.918	53	0	1	LastDelay	0	0	1	0
69.9817	31	0	1	LastDelay	0	0	1	0
69.9854	4	0	1	LastDelay	0	0	1	0
70.0203	24	0	1	LastDelay	0	0	1	0
70.0374	41	0	1	LastDelay	0	0	1	0
70.0636	109	0	1	LastDelay	0	0	1	0
70.0649	56	0	1	LastDelay	0.00333073	3330.73	1	1
70.0667	14	0	1	LastDelay	0.00657111	6571.11	1	1
70.0836	62	0	1	LastDelay	0.0210259	21025.9	1	1
70.119	8	0	1	LastDelay	0	0	1	0
70.1877	25	0	1	LastDelay	0	0	1	0
70.205	49	0	1	LastDelay	0.0033303	3330.3	1	1
70.2364	40	0	1	LastDelay	0	0	1	0
70.2767	46	0	1	LastDelay	0	0	1	0
70.2838	51	0	1	LastDelay	0.00643883	6438.83	1	1
70.2867	32	0	1	LastDelay	0	0	1	0
70.2926	50	0	1	LastDelay	0	0	1	0
70.3063	6	0	1	LastDelay	0.00336917	3369.17	1	1
70.319	12	0	1	LastDelay	0.00220049	2200.49	1	1
70.3383	44	0	1	LastDelay	0.00252236	2522.36	1	1
70.3462	42	0	1	LastDelay	0	0	1	0
70.4039	92	0	1	LastDelay	0	0	1	0
70.4213	75	0	1	LastDelay	0.00335623	3356.23	1	1
70.4662	59	0	1	LastDelay	0.0534615	53461.5	1	1
70.4674	21	0	1	LastDelay	0	0	1	0
70.5138	28	0	1	LastDelay	0	0	1	0
70.5224	17	0	1	LastDelay	0	0	1	0
70.5509	83	0	1	LastDelay	0	0	1	0
70.5696	104	0	1	LastDelay	0.00333	3330	1	1
70.6033	29	0	1	LastDelay	0	0	1	0
70.6306	61	0	1	LastDelay	0	0	1	0
70.6334	87	0	1	LastDelay	0	0	1	0
70.637	58	0	1	LastDelay	0	0	1	0
70.6436	54	0	1	LastDelay	0.00694419	6944.19	1	1
70.6516	70	0	1	LastDelay	0	0	1	0
70.6577	38	0	1	LastDelay	0	0	1	0
70.7209	55	0	1	LastDelay	0	0	1	0
70.7259	37	0	1	LastDelay	0	0	1	0
70.7303	66	0	1	LastDelay	0	0	1	0
70.76	48	0	1	LastDelay	0	0	1	0
70.7605	52	0	1	LastDelay	0	0	1	0
70.7631	45	0	1	LastDelay	0	0	1	0
70.7827	57	0	1	LastDelay	0	0	1	0
70.7861	0	0	1	LastDelay	0	0	1	0
70.8854	65	0	1	LastDelay	0	0	1	0
70.8878	2	0	1	LastDelay	0	0	1	0
70.9801	35	0	1	LastDelay	0.00333012	3330.12	1	1
71.0035	31	0	1	LastDelay	0.021766	21766	1	1
71.0035	4	0	1	LastDelay	0.0181076	18107.6	1	1
71.04	41	0	1	LastDelay	0.00258727	2587.27	1	1
71.0601	14	0	1	LastDelay	0	0	1	0
71.0616	56	0	1	LastDelay	0	0	1	0
71.0625	62	0	1	LastDelay	0	0	1	0
71.1453	16	0	1	LastDelay	0.00108046	1080.46	1	1
71.1642	96	0	1	LastDelay	0.00333	3330	1	1
71.2017	49	0	1	LastDelay	0	0	1	0
71.2429	40	0	1	LastDelay	0.00645128	6451.28	1	1
71.2774	51	0	1	LastDelay	0	0	1	0
71.2894	32	0	1	LastDelay	0.00265338	2653.38	1	1
71.3004	50	0	1	LastDelay	0.00776157	7761.57	1	1
71.3029	6	0	1	LastDelay	0	0	1	0
71.3168	12	0	1	LastDelay	0	0	1	0
71.3358	44	0	1	LastDelay	0	0	1	0
71.3495	42	0	1	LastDelay	0.0033301	3330.1	1	1
71.4072	92	0	1	LastDelay	0.003382	3382	1	1
71.4128	59	0	1	LastDelay	0	0	1	0
71.4179	75	0	1	LastDelay	0	0	1	0
71.4712	21	0	1	LastDelay	0.00383989	3839.89	1	1
71.5244	17	0	1	LastDelay	0.00198177	1981.77	1	1
71.5542	83	0	1	LastDelay	0.00333	3330	1	1
71.5663	104	0	1	LastDelay	0	0	1	0
71.6345	27	0	1	LastDelay	0.00117424	1174.24	1	1
71.6366	54	0	1	LastDelay	0	0	1	0
71.638	58	0	1	LastDelay	0.00101047	1010.47	1	1
71.638	61	0	1	LastDelay	0.00746473	7464.73	1	1
71.6584	38	0	1	LastDelay	0.000702259	702.259	1	1
71.7242	55	0	1	LastDelay	0.00333012	3330.12	1	1
71.7273	37	0	1	LastDelay	0.00144108	1441.08	1	1
71.7645	48	0	1	LastDelay	0.00449477	4494.77	1	1
71.7676	45	0	1	LastDelay	0.00447311	4473.11	1	1
71.7676	52	0	1	LastDelay	0.00707508	7075.08	1	1
71.7741	36	0	1	LastDelay	5.7127e-05	57.127	1	1
71.7772	66	0	1	LastDelay	0.0468667	46866.7	1	1
71.7896	0	0	1	LastDelay	0.00352833	3528.33	1	1
71.7896	57	0	1	LastDelay	0.00690063	6900.63	1	1
71.8228	63	0	1	LastDelay	0.00175735	1757.35	1	1
71.8856	100	0	1	LastDelay	0.00333	3330	1	1
71.8887	2	0	1	LastDelay	0.000874552	874.552	1	1
71.8888	65	0	1	LastDelay	0.0033434	3343.4	1	1
71.9767	35	0	1	LastDelay	0	0	1	0
71.9817	31	0	1	LastDelay	0	0	1	0
71.9854	4	0	1	LastDelay	0	0	1	0
72.0374	41	0	1	LastDelay	0	0	1	0
72.0616	56	0	1	LastDelay	8.502e-06	8.502	1	1
72.0638	109	0	1	LastDelay	0.000221721	221.721	1	1
72.0728	62	0	1	LastDelay	0.010214	10214	1	1
72.1223	8	0	1	LastDelay	0.00333004	3330.04	1	1
72.1442	16	0	1	LastDelay	0	0	1	0
72.1609	96	0	1	LastDelay	0	0	1	0
72.1941	25	0	1	LastDelay	0.00642522	6425.22	1	1
72.2068	49	0	1	LastDelay	0.00517446	5174.46	1	1
72.2364	40	0	1	LastDelay	0	0	1	0
72.2783	46	0	1	LastDelay	0.00159878	1598.78	1	1
72.2867	32	0	1	LastDelay	0	0	1	0
72.2926	50	0	1	LastDelay	0	0	1	0
72.3169	12	0	1	LastDelay	0.000151253	151.253	1	1
72.3429	44	0	1	LastDelay	0.00709751	7097.51	1	1
72.3462	42	0	1	LastDelay	0	0	1	0
72.4039	92	0	1	LastDelay	0	0	1	0
72.4423	33	0	1	LastDelay	0.0017516	1751.6	1	1
72.4674	21	0	1	LastDelay	0	0	1	0
72.5203	28	0	1	LastDelay	0.00646479	6464.79	1	1
72.5224	17	0	1	LastDelay	0	0	1	0
72.5509	83	0	1	LastDelay	0	0	1	0
72.6066	29	0	1	LastDelay	0.00333025	3330.25	1	1
72.6306	61	0	1	LastDelay	0	0	1	0
72.6334	27	0	1	LastDelay	0	0	1	0
72.6367	87	0	1	LastDelay	0.00333011	3330.11	1	1
72.637	58	0	1	LastDelay	0	0	1	0
72.6386	54	0	1	LastDelay	0.00201636	2016.36	1	1
72.6577	38	0	1	LastDelay	0	0	1	0
72.7209	55	0	1	LastDelay	0	0	1	0
72.7259	37	0	1	LastDelay	0	0	1	0
72.7303	66	0	1	LastDelay	0	0	1	0
72.76	48	0	1	LastDelay	0	0	1	0
72.7605	52	0	1	LastDelay	0	0	1	0
72.7631	45	0	1	LastDelay	0	0	1	0
72.774	36	0	1	LastDelay	0	0	1	0
72.7827	57	0	1	LastDelay	0	0	1	0
72.7861	0	0	1	LastDelay	0	0	1	0
72.821	63	0	1	LastDelay	0	0	1	0
72.8822	100	0	1	LastDelay	0	0	1	0
72.8854	65	0	1	LastDelay	0	0	1	0
72.8878	2	0	1	LastDelay	0	0	1	0
72.9839	31	0	1	LastDelay	0.00211705	2117.05	1	1
73.0055	4	0	1	LastDelay	0.0201247	20124.7	1	1
73.0234	24	0	1	LastDelay	0.00309904	3099.04	1	1
73.0396	41	0	1	LastDelay	0.00222445	2224.45	1	1
73.0616	56	0	1	LastDelay	0	0	1	0
73.0625	62	0	1	LastDelay	0	0	1	0
73.0636	109	0	1	LastDelay	0	0	1	0
73.1107	19	0	1	LastDelay	0.00335618	3356.18	1	1
73.119	8	0	1	LastDelay	0	0	1	0
73.1642	96	0	1	LastDelay	0.00333018	3330.18	1	1
73.1877	25	0	1	LastDelay	0	0	1	0
73.2017	49	0	1	LastDelay	0	0	1	0
73.2697	10	0	1	LastDelay	0.00333019	3330.19	1	1
73.2767	46	0	1	LastDelay	0	0	1	0
73.2997	50	0	1	LastDelay	0.00705888	7058.88	1	1
73.3168	12	0	1	LastDelay	0	0	1	0
73.3358	44	0	1	LastDelay	0	0	1	0
73.3495	42	0	1	LastDelay	0.0033301	3330.1	1	1
73.4072	92	0	1	LastDelay	0.00333	3330	1	1
73.4161	59	0	1	LastDelay	0.00333034	3330.34	1	1
73.4405	33	0	1	LastDelay	0	0	1	0
73.5138	28	0	1	LastDelay	0	0	1	0
73.5257	17	0	1	LastDelay	0.00333027	3330.27	1	1
73.5542	83	0	1	LastDelay	0.00333003	3330.03	1	1
73.6033	29	0	1	LastDelay	0	0	1	0
73.6334	87	0	1	LastDelay	0	0	1	0
73.6366	54	0	1	LastDelay	0	0	1	0
73.6373	27	0	1	LastDelay	0.00396986	3969.86	1	1
73.6373	58	0	1	LastDelay	0.000314787	314.787	1	1
73.6373	61	0	1	LastDelay	0.00676908	6769.07	1	1
73.6594	38	0	1	LastDelay	0.0016584	1658.4	1	1
73.7273	37	0	1	LastDelay	0.00140184	1401.84	1	1
73.7369	66	0	1	LastDelay	0.0066067	6606.7	1	1
73.74	23	0	1	LastDelay	0.0114349	11434.9	1	1
73.7624	48	0	1	LastDelay	0.00245599	2455.99	1	1
73.7624	52	0	1	LastDelay	0.00194095	1940.95	1	1
73.7659	45	0	1	LastDelay	0.00277724	2777.24	1	1
73.7786	36	0	1	LastDelay	0.00452816	4528.16	1	1
73.7878	0	0	1	LastDelay	0.00175692	1756.92	1	1
73.804	57	0	1	LastDelay	0.0212916	21291.6	1	1
73.8895	2	0	1	LastDelay	0.00174589	1745.89	1	1
73.8949	65	0	1	LastDelay	0.00952085	9520.85	1	1
73.9239	53	0	1	LastDelay	0.00589416	5894.16	1	1
73.9817	31	0	1	LastDelay	0	0	1	0
73.9854	4	0	1	LastDelay	0	0	1	0
74.0203	24	0	1	LastDelay	0	0	1	0
74.0374	41	0	1	LastDelay	0	0	1	0
74.0635	14	0	1	LastDelay	0.00334311	3343.11	1	1
74.0715	62	0	1	LastDelay	0.00892336	8923.36	1	1
74.0735	109	0	1	LastDelay	0.00990385	9903.85	1	1
74.1074	19	0	1	LastDelay	0	0	1	0
74.1295	8	0	1	LastDelay	0.0105399	10539.9	1	1
74.1455	60	0	1	LastDelay	0	0	1	1
74.1609	96	0	1	LastDelay	0	0	1	0
74.1923	25	0	1	LastDelay	0.00467325	4673.25	1	1
74.2031	49	0	1	LastDelay	0.00142133	1421.33	1	1
74.2386	40	0	1	LastDelay	0.00220637	2206.37	1	1
74.2663	10	0	1	LastDelay	0	0	1	0
74.2873	32	0	1	LastDelay	0.00058848	588.48	1	1
74.2926	50	0	1	LastDelay	0	0	1	0
74.319	12	0	1	LastDelay	0.00221155	2211.55	1	1
74.3428	44	0	1	LastDelay	0.00705013	7050.14	1	1
74.3462	42	0	1	LastDelay	0	0	1	0
74.4039	92	0	1	LastDelay	0	0	1	0
74.4128	59	0	1	LastDelay	0	0	1	0
74.4501	33	0	1	LastDelay	0.00952067	9520.67	1	1
74.4697	21	0	1	LastDelay	0.00232036	2320.36	1	1
74.5171	28	0	1	LastDelay	0.00333005	3330.05	1	1
74.5224	17	0	1	LastDelay	0	0	1	0
74.5509	83	0	1	LastDelay	0	0	1	0
74.6306	61	0	1	LastDelay	0	0	1	0
74.6334	27	0	1	LastDelay	0	0	1	0
74.637	58	0	1	LastDelay	0	0	1	0
74.6376	54	0	1	LastDelay	0.00101256	1012.56	1	1
74.6577	38	0	1	LastDelay	0	0	1	0
74.7259	37	0	1	LastDelay	0	0	1	0
74.7286	23	0	1	LastDelay	0	0	1	0
74.7303	66	0	1	LastDelay	0	0	1	0
74.76	48	0	1	LastDelay	0	0	1	0
74.7605	52	0	1	LastDelay	0	0	1	0
74.7631	45	0	1	LastDelay	0	0	1	0
74.774	36	0	1	LastDelay	0	0	1	0
74.7827	57	0	1	LastDelay	0	0	1	0
74.7861	0	0	1	LastDelay	0	0	1	0
74.8243	63	0	1	LastDelay	0.00334368	3343.68	1	1
74.844	64	0	1	LastDelay	0	0	1	2
74.8854	65	0	1	LastDelay	0	0	1	0
74.8878	2	0	1	LastDelay	0	0	1	0
74.918	53	0	1	LastDelay	0	0	1	0
74.9897	31	0	1	LastDelay	0.00799045	7990.45	1	1
74.9897	4	0	1	LastDelay	0.00433205	4332.05	1	1
75.0234	24	0	1	LastDelay	0.0030874	3087.4	1	1
75.0414	41	0	1	LastDelay	0.00400337	4003.37	1	1
75.0601	14	0	1	LastDelay	0	0	1	0
75.0625	62	0	1	LastDelay	0	0	1	0
75.0636	109	0	1	LastDelay	0	0	1	0
75.0675	56	0	1	LastDelay	0.00593702	5937.02	1	1
75.119	8	0	1	LastDelay	0	0	1	0
75.1507	16	0	1	LastDelay	0.0064253	6425.3	1	1
75.1672	60	0	1	LastDelay	0.0216257	21625.7	1	1
75.1877	25	0	1	LastDelay	0	0	1	0
75.2017	49	0	1	LastDelay	0	0	1	0
75.2364	40	0	1	LastDelay	0	0	1	0
75.2867	32	0	1	LastDelay	0	0	1	0
75.2998	50	0	1	LastDelay	0.00716674	7166.74	1	1
75.3168	12	0	1	LastDelay	0	0	1	0
75.3358	44	0	1	LastDelay	0	0	1	0
75.4405	33	0	1	LastDelay	0	0	1	0
75.4674	21	0	1	LastDelay	0	0	1	0
75.5138	28	0	1	LastDelay	0	0	1	0
75.6208	67	0	1	LastDelay	0.00483677	4836.77	1	1
75.6366	54	0	1	LastDelay	0	0	1	0
75.6421	58	0	1	LastDelay	0.00510927	5109.27	1	1
75.6652	38	0	1	LastDelay	0.00747192	7471.92	1	1
75.7384	37	0	1	LastDelay	0.0124685	12468.5	1	1
75.7418	23	0	1	LastDelay	0.0132159	13215.9	1	1
75.749	66	0	1	LastDelay	0.0186897	18689.7	1	1
75.7664	45	0	1	LastDelay	0.00332162	3321.62	1	1
75.7664	48	0	1	LastDelay	0.00643878	6438.78	1	1
75.7664	52	0	1	LastDelay	0.00592374	5923.74	1	1
75.7836	36	0	1	LastDelay	0.00957882	9578.82	1	1
75.8036	57	0	1	LastDelay	0.0209108	20910.8	1	1
75.8071	0	0	1	LastDelay	0.0209899	20989.9	1	1
75.821	63	0	1	LastDelay	0	0	1	0
75.8571	64	0	1	LastDelay	0.0130823	13082.3	1	1
75.8891	65	0	1	LastDelay	0.00367396	3673.96	1	1
75.9195	53	0	1	LastDelay	0.00152706	1527.06	1	1
75.9525	68	0	1	LastDelay	0.293113	293113	1	1
75.9817	31	0	1	LastDelay	0	0	1	0
75.9854	4	0	1	LastDelay	0	0	1	0
75.987	70	0	1	LastDelay	0.335311	335311	1	1
76.0203	24	0	1	LastDelay	0	0	1	0
76.0374	41	0	1	LastDelay	0	0	1	0
76.0616	56	0	1	LastDelay	0	0	1	0
76.1442	16	0	1	LastDelay	0	0	1	0
76.1455	60	0	1	LastDelay	0	0	1	0
76.2048	49	0	1	LastDelay	0.0030962	3096.2	1	1
76.2413	40	0	1	LastDelay	0.00489712	4897.12	1	1
76.2838	46	0	1	LastDelay	0.00710833	7108.33	1	1
76.2838	69	0	1	LastDelay	0.0182035	18203.5	1	1
76.2873	32	0	1	LastDelay	0.000599524	599.524	1	1
76.2926	50	0	1	LastDelay	0	0	1	0
76.3196	12	0	1	LastDelay	0.00284359	2843.59	1	1
76.3361	44	0	1	LastDelay	0.000358617	358.617	1	1
76.3612	42	0	1	LastDelay	0.015036	15036	1	1
76.4161	59	0	1	LastDelay	0.00333021	3330.21	1	1
76.4419	33	0	1	LastDelay	0.00136927	1369.27	1	1
76.4677	21	0	1	LastDelay	0.000310208	310.208	1	1
76.5225	17	0	1	LastDelay	0.000121559	121.559	1	1
76.5266	28	0	1	LastDelay	0.0128295	12829.5	1	1
76.6034	29	0	1	LastDelay	6.7695e-05	67.695	1	1
76.616	67	0	1	LastDelay	0	0	1	0
76.6316	61	0	1	LastDelay	0.000997102	997.102	1	1
76.637	58	0	1	LastDelay	0	0	1	0
76.6378	54	0	1	LastDelay	0.00112562	1125.62	1	1
76.6415	27	0	1	LastDelay	0.00818378	8183.78	1	1
76.6516	70	0	1	LastDelay	0	0	1	0
76.6577	38	0	1	LastDelay	0	0	1	0
76.6594	68	0	1	LastDelay	0	0	1	0
76.7242	55	0	1	LastDelay	0.00333003	3330.03	1	1
76.7259	37	0	1	LastDelay	0	0	1	0
76.7286	23	0	1	LastDelay	0	0	1	0
76.7303	66	0	1	LastDelay	0	0	1	0
76.76	48	0	1	LastDelay	0	0	1	0
76.7605	52	0	1	LastDelay	0	0	1	0
76.7631	45	0	1	LastDelay	0	0	1	0
76.774	36	0	1	LastDelay	0	0	1	0
76.7827	57	0	1	LastDelay	0	0	1	0
76.7861	0	0	1	LastDelay	0	0	1	0
76.8274	63	0	1	LastDelay	0.00642582	6425.82	1	1
76.844	64	0	1	LastDelay	0	0	1	0
76.8854	65	0	1	LastDelay	0	0	1	0
76.918	53	0	1	LastDelay	0	0	1	0
76.9863	4	0	1	LastDelay	0.00088098	880.98	1	1
76.9863	31	0	1	LastDelay	0.00453949	4539.49	1	1
76.9863	35	0	1	LastDelay	0.00953379	9533.79	1	1
77.0248	24	0	1	LastDelay	0.00443047	4430.47	1	1
77.0475	41	0	1	LastDelay	0.0100859	10085.9	1	1
77.0733	62	0	1	LastDelay	0.0107677	10767.7	1	1
77.1203	8	0	1	LastDelay	0.00133296	1332.96	1	1
77.1465	16	0	1	LastDelay	0.00227684	2276.84	1	1
77.1465	60	0	1	LastDelay	0.000971581	971.581	1	1
77.1909	25	0	1	LastDelay	0.00324505	3245.05	1	1
77.2017	49	0	1	LastDelay	0	0	1	0
77.2364	40	0	1	LastDelay	0	0	1	0
77.2656	69	0	1	LastDelay	0	0	1	0
77.2767	46	0	1	LastDelay	0	0	1	0
77.2867	32	0	1	LastDelay	0	0	1	0
77.2991	50	0	1	LastDelay	0.00643852	6438.52	1	1
77.3168	12	0	1	LastDelay	0	0	1	0
77.3358	44	0	1	LastDelay	0	0	1	0
77.3462	42	0	1	LastDelay	0	0	1	0
77.4128	59	0	1	LastDelay	0	0	1	0
77.4405	33	0	1	LastDelay	0	0	1	0
77.4674	21	0	1	LastDelay	0	0	1	0
77.5138	28	0	1	LastDelay	0	0	1	0
77.5224	17	0	1	LastDelay	0	0	1	0
77.6033	29	0	1	LastDelay	0	0	1	0
77.6306	61	0	1	LastDelay	0	0	1	0
77.6334	27	0	1	LastDelay	0	0	1	0
77.6366	54	0	1	LastDelay	0	0	1	0
77.6672	38	0	1	LastDelay	0.00946517	9465.17	1	1
77.6928	70	0	1	LastDelay	0.0411423	41142.3	1	1
77.7209	55	0	1	LastDelay	0	0	1	0
77.7292	23	0	1	LastDelay	0.000639088	639.088	1	1
77.7568	66	0	1	LastDelay	0.0264291	26429.1	1	1
77.7664	48	0	1	LastDelay	0.00642311	6423.11	1	1
77.7664	52	0	1	LastDelay	0.00590807	5908.07	1	1
77.7726	45	0	1	LastDelay	0.00950991	9509.91	1	1
77.7798	36	0	1	LastDelay	0.00578047	5780.47	1	1
77.7901	57	0	1	LastDelay	0.00741194	7411.94	1	1
77.7932	75	0	1	LastDelay	0.375317	375317	1	1
77.8001	0	0	1	LastDelay	0.0140254	14025.4	1	1
77.821	63	0	1	LastDelay	0	0	1	0
77.8464	64	0	1	LastDelay	0.00240146	2401.46	1	1
77.8887	65	0	1	LastDelay	0.00331175	3311.75	1	1
77.9213	53	0	1	LastDelay	0.0033303	3330.3	1	1
77.9413	68	0	1	LastDelay	0.281873	281873	1	1
77.9767	35	0	1	LastDelay	0	0	1	0
77.9817	31	0	1	LastDelay	0	0	1	0
77.9854	4	0	1	LastDelay	0	0	1	0
78.0203	24	0	1	LastDelay	0	0	1	0
78.0374	41	0	1	LastDelay	0	0	1	0
78.0625	62	0	1	LastDelay	0	0	1	0
78.119	8	0	1	LastDelay	0	0	1	0
78.1442	16	0	1	LastDelay	0	0	1	0
78.1455	60	0	1	LastDelay	0	0	1	0
78.1877	25	0	1	LastDelay	0	0	1	0
78.205	49	0	1	LastDelay	0.00333049	3330.49	1	1
78.2428	40	0	1	LastDelay	0.00638522	6385.22	1	1
78.2669	69	0	1	LastDelay	0.00129031	1290.31	1	1
78.28	46	0	1	LastDelay	0.00328861	3288.61	1	1
78.2903	32	0	1	LastDelay	0.0036311	3631.1	1	1
78.2926	50	0	1	LastDelay	0	0	1	0
78.3258	12	0	1	LastDelay	0.00900974	9009.74	1	1
78.3419	44	0	1	LastDelay	0.006158	6157.99	1	1
78.3648	42	0	1	LastDelay	0.0186638	18663.8	1	1
78.4179	75	0	1	LastDelay	0	0	1	0
78.4364	59	0	1	LastDelay	0.0235962	23596.2	1	1
78.4701	21	0	1	LastDelay	0.00270313	2703.13	1	1
78.5366	17	0	1	LastDelay	0.014204	14204	1	1
78.6221	67	0	1	LastDelay	0.00613691	6136.91	1	1
78.6345	61	0	1	LastDelay	0.00394036	3940.36	1	1
78.6376	58	0	1	LastDelay	0.000581403	581.403	1	1
78.6376	27	0	1	LastDelay	0.00423653	4236.53	1	1
78.6376	54	0	1	LastDelay	0.000973746	973.746	1	1
78.6516	70	0	1	LastDelay	0	0	1	0
78.6577	38	0	1	LastDelay	0	0	1	0
78.6594	68	0	1	LastDelay	0	0	1	0
78.7273	37	0	1	LastDelay	0.00140179	1401.79	1	1
78.7286	23	0	1	LastDelay	0	0	1	0
78.7303	66	0	1	LastDelay	0	0	1	0
78.76	48	0	1	LastDelay	0	0	1	0
78.7605	52	0	1	LastDelay	0	0	1	0
78.7631	45	0	1	LastDelay	0	0	1	0
78.774	36	0	1	LastDelay	0	0	1	0
78.7827	57	0	1	LastDelay	0	0	1	0
78.7861	0	0	1	LastDelay	0	0	1	0
78.844	64	0	1	LastDelay	0	0	1	0
78.8854	65	0	1	LastDelay	0	0	1	0
78.918	53	0	1	LastDelay	0	0	1	0
78.9801	35	0	1	LastDelay	0.00333002	3330.02	1	1
79.0031	4	0	1	LastDelay	0.017742	17742	1	1
79.0031	31	0	1	LastDelay	0.0214004	21400.4	1	1
79.0228	24	0	1	LastDelay	0.0024266	2426.6	1	1
79.0424	41	0	1	LastDelay	0.00499848	4998.48	1	1
79.1197	8	0	1	LastDelay	0.000755743	755.743	1	1
79.1489	16	0	1	LastDelay	0.00469126	4691.26	1	1
79.1489	60	0	1	LastDelay	0.00338602	3386.03	1	1
79.1879	25	0	1	LastDelay	0.000276028	276.028	1	1
79.2017	49	0	1	LastDelay	0	0	1	0
79.2364	40	0	1	LastDelay	0	0	1	0
79.2548	71	0	1	LastDelay	0.00408194	4081.94	1	1
79.2656	69	0	1	LastDelay	0	0	1	0
79.2767	46	0	1	LastDelay	0	0	1	0
79.2867	32	0	1	LastDelay	0	0	1	0
79.3029	50	0	1	LastDelay	0.0102587	10258.7	1	1
79.3168	12	0	1	LastDelay	0	0	1	0
79.3358	44	0	1	LastDelay	0	0	1	0
79.3462	42	0	1	LastDelay	0	0	1	0
79.4128	59	0	1	LastDelay	0	0	1	0
79.4674	21	0	1	LastDelay	0	0	1	0
79.5224	17	0	1	LastDelay	0	0	1	0
79.6066	29	0	1	LastDelay	0.00333021	3330.21	1	1
79.616	67	0	1	LastDelay	0	0	1	0
79.6306	61	0	1	LastDelay	0	0	1	0
79.6334	27	0	1	LastDelay	0	0	1	0
79.6366	54	0	1	LastDelay	0	0	1	0
79.637	58	0	1	LastDelay	0	0	1	0
79.7259	37	0	1	LastDelay	0	0	1	0
79.7345	23	0	1	LastDelay	0.00594392	5943.92	1	1
79.7414	66	0	1	LastDelay	0.0110873	11087.3	1	1
79.7621	48	0	1	LastDelay	0.00210797	2107.97	1	1
79.7621	52	0	1	LastDelay	0.00159293	1592.93	1	1
79.7659	45	0	1	LastDelay	0.00277443	2774.43	1	1
79.7758	36	0	1	LastDelay	0.00179695	1796.95	1	1
79.8092	0	0	1	LastDelay	0.0230708	23070.8	1	1
79.8264	57	0	1	LastDelay	0.0436349	43634.9	1	1
79.846	64	0	1	LastDelay	0.00200183	2001.83	1	1
79.846	63	0	1	LastDelay	0.0249746	24974.6	1	1
79.8857	65	0	1	LastDelay	0.000268327	268.327	1	1
79.9215	53	0	1	LastDelay	0.00354627	3546.27	1	1
79.9767	35	0	1	LastDelay	0	0	1	0
79.9817	31	0	1	LastDelay	0	0	1	0
79.9854	4	0	1	LastDelay	0	0	1	0
80.0203	24	0	1	LastDelay	0	0	1	0
80.0374	41	0	1	LastDelay	0	0	1	0
80.0948	75	0	1	LastDelay	0.676835	676835	1	1
80.119	8	0	1	LastDelay	0	0	1	0
80.1442	16	0	1	LastDelay	0	0	1	0
80.1455	60	0	1	LastDelay	0	0	1	0
80.1877	25	0	1	LastDelay	0	0	1	0
80.2418	40	0	1	LastDelay	0.00538501	5385.02	1	1
80.2507	71	0	1	LastDelay	0	0	1	0
80.2749	69	0	1	LastDelay	0.00921915	9219.15	1	1
80.2815	46	0	1	LastDelay	0.00477754	4777.54	1	1
80.2926	50	0	1	LastDelay	0	0	1	0
80.3046	32	0	1	LastDelay	0.0179349	17934.9	1	1
80.3181	12	0	1	LastDelay	0.00132978	1329.78	1	1
80.3418	44	0	1	LastDelay	0.00604118	6041.18	1	1
80.3483	42	0	1	LastDelay	0.00214729	2147.28	1	1
80.4179	75	0	1	LastDelay	0	0	1	0
80.4415	33	0	1	LastDelay	0.000999976	999.976	1	1
80.5171	28	0	1	LastDelay	0.00333006	3330.06	1	1
80.534	17	0	1	LastDelay	0.0116231	11623.1	1	1
80.6033	29	0	1	LastDelay	0	0	1	0
80.6224	67	0	1	LastDelay	0.00643876	6438.76	1	1
80.6324	61	0	1	LastDelay	0.00185889	1858.89	1	1
80.6393	58	0	1	LastDelay	0.00228229	2282.29	1	1
80.6393	27	0	1	LastDelay	0.00593742	5937.42	1	1
80.6393	54	0	1	LastDelay	0.00267462	2674.62	1	1
80.6617	38	0	1	LastDelay	0.00395072	3950.72	1	1
80.6617	70	0	1	LastDelay	0.0100243	10024.3	1	1
80.6617	68	0	1	LastDelay	0.00224793	2247.93	1	1
80.7221	55	0	1	LastDelay	0.00126216	1262.16	1	1
80.7221	74	0	1	LastDelay	0.0453379	45337.9	1	1
80.7286	23	0	1	LastDelay	0	0	1	0
80.7303	66	0	1	LastDelay	0	0	1	0
80.7314	37	0	1	LastDelay	0.00552419	5524.19	1	1
80.76	48	0	1	LastDelay	0	0	1	0
80.7605	52	0	1	LastDelay	0	0	1	0
80.7631	45	0	1	LastDelay	0	0	1	0
80.774	36	0	1	LastDelay	0	0	1	0
80.7827	57	0	1	LastDelay	0	0	1	0
80.7861	0	0	1	LastDelay	0	0	1	0
80.821	63	0	1	LastDelay	0	0	1	0
80.844	64	0	1	LastDelay	0	0	1	0
80.8854	65	0	1	LastDelay	0	0	1	0
80.918	53	0	1	LastDelay	0	0	1	0
80.987	31	0	1	LastDelay	0.00521273	5212.73	1	1
80.987	4	0	1	LastDelay	0.0015543	1554.3	1	1
81.0318	24	0	1	LastDelay	0.0114605	11460.5	1	1
81.0418	41	0	1	LastDelay	0.0043777	4377.7	1	1
81.0652	62	0	1	LastDelay	0.00265723	2657.23	1	1
81.121	8	0	1	LastDelay	0.00209021	2090.21	1	1
81.1527	60	0	1	LastDelay	0.00713037	7130.37	1	1
81.1527	16	0	1	LastDelay	0.00843575	8435.75	1	1
81.1883	25	0	1	LastDelay	0.00060382	603.82	1	1
81.2145	49	0	1	LastDelay	0.0128179	12817.9	1	1
81.2364	40	0	1	LastDelay	0	0	1	0
81.2656	69	0	1	LastDelay	0	0	1	0
81.2767	46	0	1	LastDelay	0	0	1	0
81.2867	32	0	1	LastDelay	0	0	1	0
81.296	50	0	1	LastDelay	0.0033301	3330.1	1	1
81.3168	12	0	1	LastDelay	0	0	1	0
81.3358	44	0	1	LastDelay	0	0	1	0
81.3462	42	0	1	LastDelay	0	0	1	0
81.4161	59	0	1	LastDelay	0.00333041	3330.41	1	1
81.4192	75	0	1	LastDelay	0.00128754	1287.55	1	1
81.4405	33	0	1	LastDelay	0	0	1	0
81.4686	21	0	1	LastDelay	0.00116856	1168.56	1	1
81.5138	28	0	1	LastDelay	0	0	1	0
81.5224	17	0	1	LastDelay	0	0	1	0
81.6066	29	0	1	LastDelay	0.00333011	3330.11	1	1
81.616	67	0	1	LastDelay	0	0	1	0
81.6306	61	0	1	LastDelay	0	0	1	0
81.6334	27	0	1	LastDelay	0	0	1	0
81.6366	54	0	1	LastDelay	0	0	1	0
81.637	58	0	1	LastDelay	0	0	1	0
81.6516	70	0	1	LastDelay	0	0	1	0
81.6577	38	0	1	LastDelay	0	0	1	0
81.6594	68	0	1	LastDelay	0	0	1	0
81.6768	74	0	1	LastDelay	0	0	1	0
81.7209	55	0	1	LastDelay	0	0	1	0
81.7259	37	0	1	LastDelay	0	0	1	0
81.7361	66	0	1	LastDelay	0.00572175	5721.75	1	1
81.7626	48	0	1	LastDelay	0.00262888	2628.88	1	1
81.7626	52	0	1	LastDelay	0.00211384	2113.84	1	1
81.7664	45	0	1	LastDelay	0.00330628	3306.28	1	1
81.777	36	0	1	LastDelay	0.0029793	2979.3	1	1
81.7839	57	0	1	LastDelay	0.00115932	1159.32	1	1
81.7966	0	0	1	LastDelay	0.0105105	10510.5	1	1
81.8338	63	0	1	LastDelay	0.012836	12836	1	1
81.8462	64	0	1	LastDelay	0.00225714	2257.14	1	1
81.8883	65	0	1	LastDelay	0.00283782	2837.82	1	1
81.9213	53	0	1	LastDelay	0.00333031	3330.31	1	1
81.9817	31	0	1	LastDelay	0	0	1	0
81.9854	4	0	1	LastDelay	0	0	1	0
82.0203	24	0	1	LastDelay	0	0	1	0
82.0374	41	0	1	LastDelay	0	0	1	0
82.0625	62	0	1	LastDelay	0	0	1	0
82.119	8	0	1	LastDelay	0	0	1	0
82.1442	16	0	1	LastDelay	0	0	1	0
82.1455	60	0	1	LastDelay	0	0	1	0
82.1877	25	0	1	LastDelay	0	0	1	0
82.2017	49	0	1	LastDelay	0	0	1	0
82.2666	69	0	1	LastDelay	0.000947548	947.548	1	1
82.2732	71	0	1	LastDelay	0.0224659	22465.9	1	1
82.2832	46	0	1	LastDelay	0.00644978	6449.78	1	1
82.2898	32	0	1	LastDelay	0.0030734	3073.4	1	1
82.2926	50	0	1	LastDelay	0	0	1	0
82.3255	12	0	1	LastDelay	0.00870998	8709.98	1	1
82.343	44	0	1	LastDelay	0.00725795	7257.95	1	1
82.3495	42	0	1	LastDelay	0.00336447	3364.47	1	1
82.4128	59	0	1	LastDelay	0	0	1	0
82.4179	75	0	1	LastDelay	0	0	1	0
82.4473	33	0	1	LastDelay	0.00678157	6781.57	1	1
82.4674	21	0	1	LastDelay	0	0	1	0
82.5171	28	0	1	LastDelay	0.00333002	3330.02	1	1
82.5301	17	0	1	LastDelay	0.00767108	7671.08	1	1
82.6033	29	0	1	LastDelay	0	0	1	0
82.6193	67	0	1	LastDelay	0.00333026	3330.26	1	1
82.639	54	0	1	LastDelay	0.00233056	2330.56	1	1
82.6424	58	0	1	LastDelay	0.00537697	5376.97	1	1
82.6486	27	0	1	LastDelay	0.0152224	15222.4	1	1
82.6486	61	0	1	LastDelay	0.0180216	18021.6	1	1
82.6527	70	0	1	LastDelay	0.00106778	1067.79	1	1
82.6599	38	0	1	LastDelay	0.00221431	2214.31	1	1
82.6661	68	0	1	LastDelay	0.00670233	6702.33	1	1
82.7109	74	0	1	LastDelay	0.0340631	34063.1	1	1
82.7295	55	0	1	LastDelay	0.00857149	8571.49	1	1
82.7303	66	0	1	LastDelay	0	0	1	0
82.736	37	0	1	LastDelay	0.0101075	10107.5	1	1
82.736	23	0	1	LastDelay	0.00741648	7416.48	1	1
82.76	48	0	1	LastDelay	0	0	1	0
82.7605	52	0	1	LastDelay	0	0	1	0
82.7631	45	0	1	LastDelay	0	0	1	0
82.774	36	0	1	LastDelay	0	0	1	0
82.7827	57	0	1	LastDelay	0	0	1	0
82.7861	0	0	1	LastDelay	0	0	1	0
82.821	63	0	1	LastDelay	0	0	1	0
82.844	64	0	1	LastDelay	0	0	1	0
82.8854	65	0	1	LastDelay	0	0	1	0
82.918	53	0	1	LastDelay	0	0	1	0
82.977	35	0	1	LastDelay	0.000286445	286.445	1	1
82.9837	31	0	1	LastDelay	0.00195759	1957.59	1	1
82.9899	4	0	1	LastDelay	0.00448984	4489.84	1	1
83.0208	24	0	1	LastDelay	0.000511849	511.849	1	1
83.0398	41	0	1	LastDelay	0.00235933	2359.33	1	1
83.0789	62	0	1	LastDelay	0.0163823	16382.3	1	1
83.1244	8	0	1	LastDelay	0.00539585	5395.85	1	1
83.1452	16	0	1	LastDelay	0.000929639	929.639	1	1
83.1486	60	0	1	LastDelay	0.00307753	3077.53	1	1
83.1941	25	0	1	LastDelay	0.0064253	6425.3	1	1
83.2065	49	0	1	LastDelay	0.00481854	4818.54	1	1
83.2405	40	0	1	LastDelay	0.00409836	4098.36	1	1
83.2507	71	0	1	LastDelay	0	0	1	0
83.2656	69	0	1	LastDelay	0	0	1	0
83.2767	46	0	1	LastDelay	0	0	1	0
83.2867	32	0	1	LastDelay	0	0	1	0
83.2984	50	0	1	LastDelay	0.0057709	5770.9	1	1
83.3168	12	0	1	LastDelay	0	0	1	0
83.3358	44	0	1	LastDelay	0	0	1	0
83.3462	42	0	1	LastDelay	0	0	1	0
83.4161	59	0	1	LastDelay	0.00333064	3330.64	1	1
83.4223	75	0	1	LastDelay	0.00436974	4369.74	1	1
83.4405	33	0	1	LastDelay	0	0	1	0
83.4679	21	0	1	LastDelay	0.000535574	535.574	1	1
83.5138	28	0	1	LastDelay	0	0	1	0
83.5224	17	0	1	LastDelay	0	0	1	0
83.6066	29	0	1	LastDelay	0.0033301	3330.1	1	1
83.616	67	0	1	LastDelay	0	0	1	0
83.6306	61	0	1	LastDelay	0	0	1	0
83.6334	27	0	1	LastDelay	0	0	1	0
83.6366	54	0	1	LastDelay	0	0	1	0
83.637	58	0	1	LastDelay	0	0	1	0
83.6414	73	0	1	LastDelay	0.667758	667758	1	1
83.6516	70	0	1	LastDelay	0	0	1	0
83.6577	38	0	1	LastDelay	0	0	1	0
83.6594	68	0	1	LastDelay	0	0	1	0
83.6768	74	0	1	LastDelay	0	0	1	0
83.7209	55	0	1	LastDelay	0	0	1	0
83.7259	37	0	1	LastDelay	0	0	1	0
83.7286	23	0	1	LastDelay	0	0	1	0
83.7636	48	0	1	LastDelay	0.00362524	3625.24	1	1
83.7636	52	0	1	LastDelay	0.0031102	3110.2	1	1
83.7729	45	0	1	LastDelay	0.00979362	9793.62	1	1
83.7828	36	0	1	LastDelay	0.00876588	8765.88	1	1
83.7828	57	0	1	LastDelay	8.2065e-05	82.065	1	1
83.8014	0	0	1	LastDelay	0.0153068	15306.8	1	1
83.8241	63	0	1	LastDelay	0.00308786	3087.86	1	1
83.8462	64	0	1	LastDelay	0.00223784	2237.84	1	1
83.8858	65	0	1	LastDelay	0.000420851	420.851	1	1
83.9268	53	0	1	LastDelay	0.00886022	8860.22	1	1
83.9736	73	0	1	LastDelay	0	0	1	0
83.9767	35	0	1	LastDelay	0	0	1	0
83.9817	31	0	1	LastDelay	0	0	1	0
83.9854	4	0	1	LastDelay	0	0	1	0
84.0203	24	0	1	LastDelay	0	0	1	0
84.0374	41	0	1	LastDelay	0	0	1	0
84.0625	62	0	1	LastDelay	0	0	1	0
84.119	8	0	1	LastDelay	0	0	1	0
84.1442	16	0	1	LastDelay	0	0	1	0
84.1455	60	0	1	LastDelay	0	0	1	0
84.1877	25	0	1	LastDelay	0	0	1	0
84.2017	49	0	1	LastDelay	0	0	1	0
84.2364	40	0	1	LastDelay	0	0	1	0
84.2716	69	0	1	LastDelay	0.00594587	5945.87	1	1
84.2827	46	0	1	LastDelay	0.00593108	5931.08	1	1
84.2926	50	0	1	LastDelay	0	0	1	0
84.293	32	0	1	LastDelay	0.00632542	6325.42	1	1
84.3223	12	0	1	LastDelay	0.005514	5514	1	1
84.3326	72	0	1	LastDelay	0.0273231	27323.1	1	1
84.3361	44	0	1	LastDelay	0.000316963	316.963	1	1
84.3501	76	0	1	LastDelay	0.724337	724337	1	1
84.4128	59	0	1	LastDelay	0	0	1	0
84.4179	75	0	1	LastDelay	0	0	1	0
84.4437	33	0	1	LastDelay	0.00314866	3148.66	1	1
84.4674	21	0	1	LastDelay	0	0	1	0
84.5299	17	0	1	LastDelay	0.00748558	7485.58	1	1
84.6033	29	0	1	LastDelay	0	0	1	0
84.6224	67	0	1	LastDelay	0.00643845	6438.45	1	1
84.6258	76	0	1	LastDelay	0	0	1	0
84.6324	61	0	1	LastDelay	0.00184664	1846.64	1	1
84.6424	27	0	1	LastDelay	0.00904563	9045.64	1	1
84.6424	58	0	1	LastDelay	0.00539056	5390.56	1	1
84.6424	54	0	1	LastDelay	0.00578273	5782.73	1	1
84.6521	70	0	1	LastDelay	0.000446794	446.794	1	1
84.6624	68	0	1	LastDelay	0.00299858	2998.59	1	1
84.6624	38	0	1	LastDelay	0.0047015	4701.51	1	1
84.682	74	0	1	LastDelay	0.00521098	5210.98	1	1
84.728	55	0	1	LastDelay	0.00709295	7092.95	1	1
84.7342	23	0	1	LastDelay	0.00556914	5569.14	1	1
84.7376	37	0	1	LastDelay	0.0116985	11698.5	1	1
84.7376	66	0	1	LastDelay	0.00727436	7274.36	1	1
84.76	48	0	1	LastDelay	0	0	1	0
84.7605	52	0	1	LastDelay	0	0	1	0
84.7631	45	0	1	LastDelay	0	0	1	0
84.774	36	0	1	LastDelay	0	0	1	0
84.7827	57	0	1	LastDelay	0	0	1	0
84.7861	0	0	1	LastDelay	0	0	1	0
84.821	63	0	1	LastDelay	0	0	1	0
84.844	64	0	1	LastDelay	0	0	1	0
84.8854	65	0	1	LastDelay	0	0	1	0
84.918	53	0	1	LastDelay	0	0	1	0
84.977	35	0	1	LastDelay	0.000208216	208.216	1	1
84.9908	31	0	1	LastDelay	0.00903183	9031.83	1	1
84.9908	4	0	1	LastDelay	0.00537349	5373.49	1	1
85.0204	24	0	1	LastDelay	2.8143e-05	28.143	1	1
85.0462	41	0	1	LastDelay	0.00880777	8807.77	1	1
85.0717	62	0	1	LastDelay	0.0091272	9127.2	1	1
85.1206	8	0	1	LastDelay	0.00165919	1659.19	1	1
85.1519	16	0	1	LastDelay	0.00767454	7674.55	1	1
85.1519	60	0	1	LastDelay	0.00636921	6369.21	1	1
85.191	25	0	1	LastDelay	0.00333026	3330.26	1	1
85.2231	49	0	1	LastDelay	0.0214021	21402.1	1	1
85.2389	40	0	1	LastDelay	0.00246705	2467.05	1	1
85.2592	71	0	1	LastDelay	0.00856402	8564.02	1	1
85.2656	69	0	1	LastDelay	0	0	1	0
85.2767	46	0	1	LastDelay	0	0	1	0
85.2867	32	0	1	LastDelay	0	0	1	0
85.2937	50	0	1	LastDelay	0.00107114	1071.14	1	1
85.3053	72	0	1	LastDelay	0	0	1	0
85.3168	12	0	1	LastDelay	0	0	1	0
85.3358	44	0	1	LastDelay	0	0	1	0
85.3585	42	0	1	LastDelay	0.0123445	12344.5	1	1
85.3619	78	0	1	LastDelay	0.0057787	5778.69	1	1
85.4204	59	0	1	LastDelay	0.00767508	7675.09	1	1
85.4266	75	0	1	LastDelay	0.00871484	8714.84	1	1
85.4405	33	0	1	LastDelay	0	0	1	0
85.4755	21	0	1	LastDelay	0.00808283	8082.83	1	1
85.5168	28	0	1	LastDelay	0.00302756	3027.56	1	1
85.5224	17	0	1	LastDelay	0	0	1	0
85.616	67	0	1	LastDelay	0	0	1	0
85.6306	61	0	1	LastDelay	0	0	1	0
85.6322	76	0	1	LastDelay	0.00638025	6380.25	1	1
85.6334	27	0	1	LastDelay	0	0	1	0
85.6366	54	0	1	LastDelay	0	0	1	0
85.637	58	0	1	LastDelay	0	0	1	0
85.6516	70	0	1	LastDelay	0	0	1	0
85.6526	80	0	1	LastDelay	0.00347363	3473.63	1	1
85.6577	38	0	1	LastDelay	0	0	1	0
85.6594	68	0	1	LastDelay	0	0	1	0
85.6768	74	0	1	LastDelay	0	0	1	0
85.7209	55	0	1	LastDelay	0	0	1	0
85.7259	37	0	1	LastDelay	0	0	1	0
85.7286	23	0	1	LastDelay	0	0	1	0
85.7303	66	0	1	LastDelay	0	0	1	0
85.7633	48	0	1	LastDelay	0.00333005	3330.05	1	1
85.7633	52	0	1	LastDelay	0.00281501	2815.01	1	1
85.7757	45	0	1	LastDelay	0.0125942	12594.2	1	1
85.7757	36	0	1	LastDelay	0.00164493	1644.93	1	1
85.7853	57	0	1	LastDelay	0.00259026	2590.26	1	1
85.8011	0	0	1	LastDelay	0.0150372	15037.2	1	1
85.8363	63	0	1	LastDelay	0.0153283	15328.3	1	1
85.8501	64	0	1	LastDelay	0.00611017	6110.17	1	1
85.8893	65	0	1	LastDelay	0.00387251	3872.51	1	1
85.922	53	0	1	LastDelay	0.00405475	4054.75	1	1
85.9767	35	0	1	LastDelay	0	0	1	0
85.977	73	0	1	LastDelay	0.00333018	3330.18	1	1
85.9817	31	0	1	LastDelay	0	0	1	0
85.9854	4	0	1	LastDelay	0	0	1	0
86.0203	24	0	1	LastDelay	0	0	1	0
86.0374	41	0	1	LastDelay	0	0	1	0
86.0625	62	0	1	LastDelay	0	0	1	0
86.119	8	0	1	LastDelay	0	0	1	0
86.1442	16	0	1	LastDelay	0	0	1	0
86.1455	60	0	1	LastDelay	0	0	1	0
86.1877	25	0	1	LastDelay	0	0	1	0
86.2017	49	0	1	LastDelay	0	0	1	0
86.2364	40	0	1	LastDelay	0	0	1	0
86.2507	71	0	1	LastDelay	0	0	1	0
86.2752	69	0	1	LastDelay	0.00952083	9520.83	1	1
86.2786	46	0	1	LastDelay	0.00186408	1864.08	1	1
86.2917	32	0	1	LastDelay	0.0049563	4956.3	1	1
86.2926	50	0	1	LastDelay	0	0	1	0
86.3085	72	0	1	LastDelay	0.00319323	3193.23	1	1
86.3178	12	0	1	LastDelay	0.00101077	1010.77	1	1
86.3399	44	0	1	LastDelay	0.00410448	4104.48	1	1
86.3462	42	0	1	LastDelay	0	0	1	0
86.3562	78	0	1	LastDelay	0	0	1	0
86.4128	59	0	1	LastDelay	0	0	1	0
86.4179	75	0	1	LastDelay	0	0	1	0
86.4609	33	0	1	LastDelay	0.0203286	20328.6	1	1
86.4674	21	0	1	LastDelay	0	0	1	0
86.5138	28	0	1	LastDelay	0	0	1	0
86.6066	29	0	1	LastDelay	0.00333013	3330.13	1	1
86.617	67	0	1	LastDelay	0.000976486	976.486	1	1
86.6258	76	0	1	LastDelay	0	0	1	0
86.6469	54	0	1	LastDelay	0.0102537	10253.7	1	1
86.6481	58	0	1	LastDelay	0.0111015	11101.5	1	1
86.6492	80	0	1	LastDelay	0	0	1	0
86.6608	38	0	1	LastDelay	0.00310292	3102.92	1	1
86.6608	70	0	1	LastDelay	0.00917668	9176.68	1	1
86.6705	68	0	1	LastDelay	0.0110294	11029.4	1	1
86.6797	74	0	1	LastDelay	0.00292681	2926.81	1	1
86.7228	55	0	1	LastDelay	0.00193868	1938.68	1	1
86.7389	66	0	1	LastDelay	0.00861666	8616.66	1	1
86.7389	23	0	1	LastDelay	0.0103499	10349.9	1	1
86.7389	37	0	1	LastDelay	0.013041	13041	1	1
86.76	48	0	1	LastDelay	0	0	1	0
86.7605	52	0	1	LastDelay	0	0	1	0
86.7631	45	0	1	LastDelay	0	0	1	0
86.774	36	0	1	LastDelay	0	0	1	0
86.7827	57	0	1	LastDelay	0	0	1	0
86.7861	0	0	1	LastDelay	0	0	1	0
86.821	63	0	1	LastDelay	0	0	1	0
86.844	64	0	1	LastDelay	0	0	1	0
86.8854	65	0	1	LastDelay	0	0	1	0
86.918	53	0	1	LastDelay	0	0	1	0
86.9736	73	0	1	LastDelay	0	0	1	0
86.9801	35	0	1	LastDelay	0.00333007	3330.07	1	1
86.9866	31	0	1	LastDelay	0.00486989	4869.89	1	1
86.9928	4	0	1	LastDelay	0.0074156	7415.6	1	1
87.0213	24	0	1	LastDelay	0.000999562	999.562	1	1
87.0375	41	0	1	LastDelay	0.000108285	108.285	1	1
87.0742	62	0	1	LastDelay	0.0116607	11660.7	1	1
87.1241	8	0	1	LastDelay	0.00512992	5129.92	1	1
87.1468	60	0	1	LastDelay	0.00130332	1303.32	1	1
87.1468	16	0	1	LastDelay	0.00260882	2608.82	1	1
87.205	49	0	1	LastDelay	0.00334302	3343.02	1	1
87.2425	40	0	1	LastDelay	0.00608726	6087.26	1	1
87.2522	71	0	1	LastDelay	0.00147149	1471.49	1	1
87.2656	69	0	1	LastDelay	0	0	1	0
87.2767	46	0	1	LastDelay	0	0	1	0
87.2867	32	0	1	LastDelay	0	0	1	0
87.2973	50	0	1	LastDelay	0.00464009	4640.09	1	1
87.3053	72	0	1	LastDelay	0	0	1	0
87.3168	12	0	1	LastDelay	0	0	1	0
87.3358	44	0	1	LastDelay	0	0	1	0
87.3603	42	0	1	LastDelay	0.0141212	14121.2	1	1
87.3858	78	0	1	LastDelay	0.0296294	29629.4	1	1
87.4182	59	0	1	LastDelay	0.00540138	5401.38	1	1
87.4182	75	0	1	LastDelay	0.000250427	250.427	1	1
87.4405	33	0	1	LastDelay	0	0	1	0
87.4413	79	0	1	LastDelay	0.00128021	1280.21	1	1
87.5156	28	0	1	LastDelay	0.00179159	1791.59	1	1
87.529	17	0	1	LastDelay	0.00658406	6584.06	1	1
87.573	83	0	1	LastDelay	0.0221188	22118.8	1	1
87.6033	29	0	1	LastDelay	0	0	1	0
87.616	67	0	1	LastDelay	0	0	1	0
87.6326	61	0	1	LastDelay	0.00202506	2025.07	1	1
87.6366	54	0	1	LastDelay	0	0	1	0
87.637	58	0	1	LastDelay	0	0	1	0
87.6392	27	0	1	LastDelay	0.00587624	5876.24	1	1
87.6516	70	0	1	LastDelay	0	0	1	0
87.6577	38	0	1	LastDelay	0	0	1	0
87.6594	68	0	1	LastDelay	0	0	1	0
87.6768	74	0	1	LastDelay	0	0	1	0
87.7209	55	0	1	LastDelay	0	0	1	0
87.7259	37	0	1	LastDelay	0	0	1	0
87.7286	23	0	1	LastDelay	0	0	1	0
87.7303	66	0	1	LastDelay	0	0	1	0
87.7703	45	0	1	LastDelay	0.00719517	7195.17	1	1
87.7765	36	0	1	LastDelay	0.00244893	2448.93	1	1
87.7765	52	0	1	LastDelay	0.0160003	16000.3	1	1
87.7861	57	0	1	LastDelay	0.00339385	3393.85	1	1
87.7861	0	0	1	LastDelay	2.1634e-05	21.634	1	1
87.8295	63	0	1	LastDelay	0.00854367	8543.67	1	1
87.8591	64	0	1	LastDelay	0.0151471	15147.1	1	1
87.8988	65	0	1	LastDelay	0.013413	13413	1	1
87.9177	81	0	1	LastDelay	0.0034608	3460.8	1	1
87.9216	53	0	1	LastDelay	0.00363033	3630.33	1	1
87.9764	82	0	1	LastDelay	0.0408981	40898.1	1	1
87.9764	73	0	1	LastDelay	0.00279374	2793.74	1	1
87.9767	35	0	1	LastDelay	0	0	1	0
87.9817	31	0	1	LastDelay	0	0	1	0
87.9854	4	0	1	LastDelay	0	0	1	0
88.0203	24	0	1	LastDelay	0	0	1	0
88.0374	41	0	1	LastDelay	0	0	1	0
88.0625	62	0	1	LastDelay	0	0	1	0
88.119	8	0	1	LastDelay	0	0	1	0
88.1442	16	0	1	LastDelay	0	0	1	0
88.1455	60	0	1	LastDelay	0	0	1	0
88.1975	25	0	1	LastDelay	0.00986443	9864.43	1	1
88.2017	49	0	1	LastDelay	0	0	1	0
88.2364	40	0	1	LastDelay	0	0	1	0
88.2507	71	0	1	LastDelay	0	0	1	0
88.2693	69	0	1	LastDelay	0.0036736	3673.6	1	1
88.2821	46	0	1	LastDelay	0.00531555	5315.55	1	1
88.2882	32	0	1	LastDelay	0.00153133	1531.33	1	1
88.2926	50	0	1	LastDelay	0	0	1	0
88.325	12	0	1	LastDelay	0.00823388	8233.88	1	1
88.3412	44	0	1	LastDelay	0.00540578	5405.78	1	1
88.3462	42	0	1	LastDelay	0	0	1	0
88.3562	78	0	1	LastDelay	0	0	1	0
88.3832	72	0	1	LastDelay	0.0778442	77844.2	1	1
88.4128	59	0	1	LastDelay	0	0	1	0
88.4179	75	0	1	LastDelay	0	0	1	0
88.44	79	0	1	LastDelay	0	0	1	0
88.4775	21	0	1	LastDelay	0.0100754	10075.4	1	1
88.5138	28	0	1	LastDelay	0	0	1	0
88.5224	17	0	1	LastDelay	0	0	1	0
88.5509	83	0	1	LastDelay	0	0	1	0
88.6239	67	0	1	LastDelay	0.00786696	7866.96	1	1
88.6304	76	0	1	LastDelay	0.00458027	4580.27	1	1
88.6306	61	0	1	LastDelay	0	0	1	0
88.6334	27	0	1	LastDelay	0	0	1	0
88.6404	58	0	1	LastDelay	0.00335441	3354.41	1	1
88.6435	54	0	1	LastDelay	0.00684184	6841.84	1	1
88.6625	68	0	1	LastDelay	0.00304914	3049.14	1	1
88.6659	70	0	1	LastDelay	0.0142639	14263.9	1	1
88.6659	38	0	1	LastDelay	0.00819034	8190.34	1	1
88.6818	74	0	1	LastDelay	0.00499636	4996.36	1	1
88.7235	55	0	1	LastDelay	0.00257501	2575.01	1	1
88.7305	37	0	1	LastDelay	0.00457461	4574.61	1	1
88.7432	66	0	1	LastDelay	0.0128879	12887.9	1	1
88.7432	23	0	1	LastDelay	0.014621	14621	1	1
88.7605	52	0	1	LastDelay	0	0	1	0
88.7631	45	0	1	LastDelay	0	0	1	0
88.7666	48	0	1	LastDelay	0.00659883	6598.83	1	1
88.774	36	0	1	LastDelay	0	0	1	0
88.7827	57	0	1	LastDelay	0	0	1	0
88.7861	0	0	1	LastDelay	0	0	1	0
88.821	63	0	1	LastDelay	0	0	1	0
88.844	64	0	1	LastDelay	0	0	1	0
88.8854	65	0	1	LastDelay	0	0	1	0
88.9142	81	0	1	LastDelay	0	0	1	0
88.918	53	0	1	LastDelay	0	0	1	0
88.9355	82	0	1	LastDelay	0	0	1	0
88.9736	73	0	1	LastDelay	0	0	1	0
88.987	31	0	1	LastDelay	0.00521287	5212.87	1	1
88.9908	4	0	1	LastDelay	0.00536237	5362.37	1	1
89.0226	24	0	1	LastDelay	0.00229465	2294.65	1	1
89.0436	41	0	1	LastDelay	0.00619138	6191.38	1	1
89.0691	62	0	1	LastDelay	0.00651426	6514.26	1	1
89.12	8	0	1	LastDelay	0.00104226	1042.26	1	1
89.1496	60	0	1	LastDelay	0.00405459	4054.59	1	1
89.1496	16	0	1	LastDelay	0.00536025	5360.25	1	1
89.1877	25	0	1	LastDelay	0	0	1	0
89.2043	49	0	1	LastDelay	0.00267451	2674.51	1	1
89.2491	40	0	1	LastDelay	0.0126559	12655.9	1	1
89.2584	71	0	1	LastDelay	0.00768433	7684.33	1	1
89.2656	69	0	1	LastDelay	0	0	1	0
89.2767	46	0	1	LastDelay	0	0	1	0
89.2867	32	0	1	LastDelay	0	0	1	0
89.2977	50	0	1	LastDelay	0.00511271	5112.71	1	1
89.3053	72	0	1	LastDelay	0	0	1	0
89.3168	12	0	1	LastDelay	0	0	1	0
89.3358	44	0	1	LastDelay	0	0	1	0
89.35	42	0	1	LastDelay	0.00385872	3858.72	1	1
89.3632	78	0	1	LastDelay	0.00699773	6997.73	1	1
89.4148	59	0	1	LastDelay	0.00201764	2017.64	1	1
89.4189	75	0	1	LastDelay	0.00099346	993.46	1	1
89.4478	79	0	1	LastDelay	0.00783021	7830.22	1	1
89.4575	33	0	1	LastDelay	0.0169215	16921.5	1	1
89.4674	21	0	1	LastDelay	0	0	1	0
89.5171	28	0	1	LastDelay	0.00333014	3330.14	1	1
89.5304	17	0	1	LastDelay	0.00798842	7988.42	1	1
89.5555	83	0	1	LastDelay	0.00457074	4570.74	1	1
89.6052	29	0	1	LastDelay	0.00190571	1905.71	1	1
89.616	67	0	1	LastDelay	0	0	1	0
89.6258	76	0	1	LastDelay	0	0	1	0
89.6342	27	0	1	LastDelay	0.000787946	787.946	1	1
89.6366	54	0	1	LastDelay	0	0	1	0
89.637	58	0	1	LastDelay	0	0	1	0
89.6372	61	0	1	LastDelay	0.00668261	6682.61	1	1
89.6516	70	0	1	LastDelay	0	0	1	0
89.6577	38	0	1	LastDelay	0	0	1	0
89.6594	68	0	1	LastDelay	0	0	1	0
89.6768	74	0	1	LastDelay	0	0	1	0
89.7209	55	0	1	LastDelay	0	0	1	0
89.7259	37	0	1	LastDelay	0	0	1	0
89.7286	23	0	1	LastDelay	0	0	1	0
89.7303	66	0	1	LastDelay	0	0	1	0
89.76	48	0	1	LastDelay	0	0	1	0
89.7638	52	0	1	LastDelay	0.00333002	3330.02	1	1
89.7762	45	0	1	LastDelay	0.0131223	13122.3	1	1
89.7762	36	0	1	LastDelay	0.00217301	2173.01	1	1
89.7828	57	0	1	LastDelay	3.5754e-05	35.754	1	1
89.8331	63	0	1	LastDelay	0.0121011	12101.1	1	1
89.8558	64	0	1	LastDelay	0.011815	11815	1	1
89.8969	65	0	1	LastDelay	0.0115239	11523.9	1	1
89.9224	53	0	1	LastDelay	0.00443393	4433.93	1	1
89.9298	81	0	1	LastDelay	0.0155591	15559.1	1	1
89.9366	82	0	1	LastDelay	0.00112443	1124.43	1	1
89.9762	73	0	1	LastDelay	0.00260507	2605.07	1	1
89.9817	31	0	1	LastDelay	0	0	1	0
89.9854	4	0	1	LastDelay	0	0	1	0
90.0203	24	0	1	LastDelay	0	0	1	0
90.0374	41	0	1	LastDelay	0	0	1	0
90.0625	62	0	1	LastDelay	0	0	1	0
90.119	8	0	1	LastDelay	0	0	1	0
90.1442	16	0	1	LastDelay	0	0	1	0
90.1455	60	0	1	LastDelay	0	0	1	0
90.2017	49	0	1	LastDelay	0	0	1	0
90.2364	40	0	1	LastDelay	0	0	1	0
90.2507	71	0	1	LastDelay	0	0	1	0
90.269	69	0	1	LastDelay	0.00333006	3330.06	1	1
90.2882	32	0	1	LastDelay	0.00153087	1530.87	1	1
90.2926	50	0	1	LastDelay	0	0	1	0
90.3044	46	0	1	LastDelay	0.0276811	27681.1	1	1
90.3168	12	0	1	LastDelay	2.0301e-05	20.301	1	1
90.3462	42	0	1	LastDelay	0	0	1	0
90.3492	44	0	1	LastDelay	0.0134396	13439.6	1	1
90.3562	78	0	1	LastDelay	0	0	1	0
90.4128	59	0	1	LastDelay	0	0	1	0
90.4179	75	0	1	LastDelay	0	0	1	0
90.44	79	0	1	LastDelay	0	0	1	0
90.4405	33	0	1	LastDelay	0	0	1	0
90.5138	28	0	1	LastDelay	0	0	1	0
90.5224	17	0	1	LastDelay	0	0	1	0
90.5509	83	0	1	LastDelay	0	0	1	0
90.6033	29	0	1	LastDelay	0	0	1	0
90.6306	61	0	1	LastDelay	0	0	1	0
90.6334	27	0	1	LastDelay	0	0	1	0
90.65	58	0	1	LastDelay	0.0130097	13009.7	1	1
90.6531	76	0	1	LastDelay	0.0273162	27316.2	1	1
90.6593	54	0	1	LastDelay	0.0226881	22688.1	1	1
90.6593	80	0	1	LastDelay	0.0101503	10150.3	1	1
90.6593	38	0	1	LastDelay	0.001598	1597.99	1	1
90.6593	70	0	1	LastDelay	0.00767176	7671.76	1	1
90.6694	68	0	1	LastDelay	0.0100186	10018.6	1	1
90.697	74	0	1	LastDelay	0.0201762	20176.2	1	1
90.7301	23	0	1	LastDelay	0.00149285	1492.85	1	1
90.7301	55	0	1	LastDelay	0.00920741	9207.41	1	1
90.7301	37	0	1	LastDelay	0.00418407	4184.07	1	1
90.7605	52	0	1	LastDelay	0	0	1	0
90.7631	45	0	1	LastDelay	0	0	1	0
90.7725	48	0	1	LastDelay	0.0125571	12557.1	1	1
90.774	36	0	1	LastDelay	0	0	1	0
90.7827	57	0	1	LastDelay	0	0	1	0
90.821	63	0	1	LastDelay	0	0	1	0
90.844	64	0	1	LastDelay	0	0	1	0
90.8571	77	0	1	LastDelay	0	0	1	1
90.8854	65	0	1	LastDelay	0	0	1	0
90.9142	81	0	1	LastDelay	0	0	1	0
90.918	53	0	1	LastDelay	0	0	1	0
90.9355	82	0	1	LastDelay	0	0	1	0
90.9736	73	0	1	LastDelay	0	0	1	0
90.9801	35	0	1	LastDelay	0.0033304	3330.4	1	1
90.9873	31	0	1	LastDelay	0.00554841	5548.41	1	1
91.0256	24	0	1	LastDelay	0.0053123	5312.3	1	1
91.0422	41	0	1	LastDelay	0.00479633	4796.33	1	1
91.0668	62	0	1	LastDelay	0.00423676	4236.76	1	1
91.1197	8	0	1	LastDelay	0.00076262	762.62	1	1
91.147	60	0	1	LastDelay	0.00145808	1458.08	1	1
91.1611	16	0	1	LastDelay	0.0168231	16823.1	1	1
91.191	25	0	1	LastDelay	0.00334845	3348.45	1	1
91.2041	49	0	1	LastDelay	0.00241473	2414.74	1	1
91.2398	40	0	1	LastDelay	0.00333002	3330.02	1	1
91.2656	69	0	1	LastDelay	0	0	1	0
91.2767	46	0	1	LastDelay	0	0	1	0
91.2867	32	0	1	LastDelay	0	0	1	0
91.302	50	0	1	LastDelay	0.00936551	9365.51	1	1
91.3168	12	0	1	LastDelay	0	0	1	0
91.3288	72	0	1	LastDelay	0.023471	23471	1	1
91.3358	44	0	1	LastDelay	0	0	1	0
91.3494	42	0	1	LastDelay	0.00325719	3257.19	1	1
91.3595	78	0	1	LastDelay	0.00330183	3301.84	1	1
91.4195	75	0	1	LastDelay	0.00161753	1617.53	1	1
91.445	79	0	1	LastDelay	0.00502898	5028.98	1	1
91.483	21	0	1	LastDelay	0.0155604	15560.4	1	1
91.483	33	0	1	LastDelay	0.0424131	42413.1	1	1
91.515	28	0	1	LastDelay	0.00115422	1154.22	1	1
91.5253	17	0	1	LastDelay	0.00290032	2900.32	1	1
91.5515	83	0	1	LastDelay	0.000548915	548.915	1	1
91.6099	29	0	1	LastDelay	0.00654831	6548.31	1	1
91.6258	76	0	1	LastDelay	0	0	1	0
91.6296	67	0	1	LastDelay	0.0135715	13571.5	1	1
91.6358	27	0	1	LastDelay	0.00238527	2385.27	1	1
91.6366	54	0	1	LastDelay	0	0	1	0
91.637	58	0	1	LastDelay	0	0	1	0
91.6423	61	0	1	LastDelay	0.01177	11770	1	1
91.6492	80	0	1	LastDelay	0	0	1	0
91.6516	70	0	1	LastDelay	0	0	1	0
91.6577	38	0	1	LastDelay	0	0	1	0
91.6594	68	0	1	LastDelay	0	0	1	0
91.6613	87	0	1	LastDelay	0.0279214	27921.4	1	1
91.6768	74	0	1	LastDelay	0	0	1	0
91.7209	55	0	1	LastDelay	0	0	1	0
91.7259	37	0	1	LastDelay	0	0	1	0
91.7286	23	0	1	LastDelay	0	0	1	0
91.76	48	0	1	LastDelay	0	0	1	0
91.7626	52	0	1	LastDelay	0.00211929	2119.29	1	1
91.7722	45	0	1	LastDelay	0.00914609	9146.09	1	1
91.7757	36	0	1	LastDelay	0.00163521	1635.21	1	1
91.7926	57	0	1	LastDelay	0.00991951	9919.51	1	1
91.8223	63	0	1	LastDelay	0.00134065	1340.65	1	1
91.8533	64	0	1	LastDelay	0.0093323	9332.3	1	1
91.866	77	0	1	LastDelay	0.00895024	8950.24	1	1
91.8977	65	0	1	LastDelay	0.0122563	12256.3	1	1
91.9181	53	0	1	LastDelay	0.000113931	113.931	1	1
91.9367	82	0	1	LastDelay	0.00115782	1157.82	1	1
91.9746	73	0	1	LastDelay	0.00101168	1011.68	1	1
91.9767	35	0	1	LastDelay	0	0	1	0
91.9817	31	0	1	LastDelay	0	0	1	0
92.0203	24	0	1	LastDelay	0	0	1	0
92.0374	41	0	1	LastDelay	0	0	1	0
92.0625	62	0	1	LastDelay	0	0	1	0
92.119	8	0	1	LastDelay	0	0	1	0
92.1442	16	0	1	LastDelay	0	0	1	0
92.1455	60	0	1	LastDelay	0	0	1	0
92.1877	25	0	1	LastDelay	0	0	1	0
92.2017	49	0	1	LastDelay	0	0	1	0
92.2364	40	0	1	LastDelay	0	0	1	0
92.2581	71	0	1	LastDelay	0.0074159	7415.9	1	1
92.2742	69	0	1	LastDelay	0.00855663	8556.63	1	1
92.2926	50	0	1	LastDelay	0	0	1	0
92.2962	32	0	1	LastDelay	0.00948344	9483.44	1	1
92.3053	72	0	1	LastDelay	0	0	1	0
92.3227	12	0	1	LastDelay	0.00595932	5959.32	1	1
92.3382	44	0	1	LastDelay	0.00247049	2470.49	1	1
92.3462	42	0	1	LastDelay	0	0	1	0
92.3562	78	0	1	LastDelay	0	0	1	0
92.4161	59	0	1	LastDelay	0.00333068	3330.68	1	1
92.4179	75	0	1	LastDelay	0	0	1	0
92.44	79	0	1	LastDelay	0	0	1	0
92.4405	33	0	1	LastDelay	0	0	1	0
92.4674	21	0	1	LastDelay	0	0	1	0
92.5138	28	0	1	LastDelay	0	0	1	0
92.5224	17	0	1	LastDelay	0	0	1	0
92.5509	83	0	1	LastDelay	0	0	1	0
92.6033	29	0	1	LastDelay	0	0	1	0
92.616	67	0	1	LastDelay	0	0	1	0
92.6306	61	0	1	LastDelay	0	0	1	0
92.6334	87	0	1	LastDelay	0	0	1	0
92.6334	27	0	1	LastDelay	0	0	1	0
92.6422	54	0	1	LastDelay	0.00559182	5591.82	1	1
92.6525	58	0	1	LastDelay	0.0155149	15514.9	1	1
92.6525	70	0	1	LastDelay	0.000890394	890.394	1	1
92.6591	80	0	1	LastDelay	0.00994144	9941.44	1	1
92.6591	38	0	1	LastDelay	0.0013893	1389.3	1	1
92.666	68	0	1	LastDelay	0.00657706	6577.06	1	1
92.6783	74	0	1	LastDelay	0.00152863	1528.63	1	1
92.7296	55	0	1	LastDelay	0.00871633	8716.33	1	1
92.7459	23	0	1	LastDelay	0.0172972	17297.2	1	1
92.7605	52	0	1	LastDelay	0	0	1	0
92.7628	48	0	1	LastDelay	0.00279091	2790.91	1	1
92.7631	45	0	1	LastDelay	0	0	1	0
92.7689	66	0	1	LastDelay	0.0386165	38616.5	1	1
92.774	36	0	1	LastDelay	0	0	1	0
92.7827	57	0	1	LastDelay	0	0	1	0
92.792	0	0	1	LastDelay	0.00586161	5861.61	1	1
92.821	63	0	1	LastDelay	0	0	1	0
92.8407	84	0	1	LastDelay	0.00336931	3369.31	1	1
92.844	64	0	1	LastDelay	0	0	1	0
92.8571	77	0	1	LastDelay	0	0	1	0
92.8854	65	0	1	LastDelay	0	0	1	0
92.918	53	0	1	LastDelay	0	0	1	0
92.9355	82	0	1	LastDelay	0	0	1	0
92.9736	73	0	1	LastDelay	0	0	1	0
92.9978	31	0	1	LastDelay	0.0160569	16056.9	1	1
93.0478	41	0	1	LastDelay	0.010386	10386	1	1
93.064	62	0	1	LastDelay	0.00143381	1433.81	1	1
93.2379	40	0	1	LastDelay	0.00148341	1483.41	1	1
93.2413	86	0	1	LastDelay	0.00241103	2411.03	1	1
93.2507	71	0	1	LastDelay	0	0	1	0
93.2656	69	0	1	LastDelay	0	0	1	0
93.2867	32	0	1	LastDelay	0	0	1	0
93.3091	72	0	1	LastDelay	0.00382312	3823.12	1	1
93.3168	12	0	1	LastDelay	0	0	1	0
93.3358	44	0	1	LastDelay	0	0	1	0
93.3509	42	0	1	LastDelay	0.004676	4676	1	1
93.3577	78	0	1	LastDelay	0.00158554	1585.54	1	1
93.4128	59	0	1	LastDelay	0	0	1	0
93.4422	79	0	1	LastDelay	0.00225401	2254.01	1	1
93.4522	33	0	1	LastDelay	0.0116752	11675.2	1	1
93.4728	21	0	1	LastDelay	0.00542957	5429.57	1	1
93.5143	28	0	1	LastDelay	0.000467527	467.527	1	1
93.5247	17	0	1	LastDelay	0.00226843	2268.43	1	1
93.5567	83	0	1	LastDelay	0.0058023	5802.3	1	1
93.6125	29	0	1	LastDelay	0.00914095	9140.95	1	1
93.6321	76	0	1	LastDelay	0.00625376	6253.76	1	1
93.6366	54	0	1	LastDelay	0	0	1	0
93.637	58	0	1	LastDelay	0	0	1	0
93.639	61	0	1	LastDelay	0.0084121	8412.1	1	1
93.6421	27	0	1	LastDelay	0.00870814	8708.14	1	1
93.6492	80	0	1	LastDelay	0	0	1	0
93.6516	70	0	1	LastDelay	0	0	1	0
93.6577	38	0	1	LastDelay	0	0	1	0
93.6594	68	0	1	LastDelay	0	0	1	0
93.6768	74	0	1	LastDelay	0	0	1	0
93.6816	88	0	1	LastDelay	0.00360043	3600.43	1	1
93.6906	87	0	1	LastDelay	0.0572186	57218.6	1	1
93.7209	55	0	1	LastDelay	0	0	1	0
93.7286	23	0	1	LastDelay	0	0	1	0
93.7303	66	0	1	LastDelay	0	0	1	0
93.76	48	0	1	LastDelay	0	0	1	0
93.7638	52	0	1	LastDelay	0.00333006	3330.06	1	1
93.7673	45	0	1	LastDelay	0.00416635	4166.35	1	1
93.7861	0	0	1	LastDelay	0	0	1	0
93.7891	57	0	1	LastDelay	0.00637697	6376.97	1	1
93.7984	36	0	1	LastDelay	0.0243597	24359.7	1	1
93.8373	84	0	1	LastDelay	0	0	1	0
93.8501	63	0	1	LastDelay	0.0291414	29141.4	1	1
93.8647	77	0	1	LastDelay	0.0075681	7568.1	1	1
93.8878	65	0	1	LastDelay	0.0023407	2340.7	1	1
93.9235	53	0	1	LastDelay	0.00556537	5565.37	1	1
93.9235	81	0	1	LastDelay	0.00932591	9325.91	1	1
93.938	82	0	1	LastDelay	0.00248035	2480.35	1	1
93.9746	73	0	1	LastDelay	0.000955356	955.356	1	1
93.9777	35	0	1	LastDelay	0.000928168	928.168	1	1
93.9817	31	0	1	LastDelay	0	0	1	0
94.0259	24	0	1	LastDelay	0.00557104	5571.04	1	1
94.0374	41	0	1	LastDelay	0	0	1	0
94.0625	62	0	1	LastDelay	0	0	1	0
94.2034	49	0	1	LastDelay	0.00177448	1774.48	1	1
94.2364	40	0	1	LastDelay	0	0	1	0
94.2389	86	0	1	LastDelay	0	0	1	0
94.2514	71	0	1	LastDelay	0.000735278	735.278	1	1
94.2659	69	0	1	LastDelay	0.00025805	258.05	1	1
94.2889	32	0	1	LastDelay	0.00222793	2227.93	1	1
94.2982	50	0	1	LastDelay	0.00560678	5606.78	1	1
94.3053	72	0	1	LastDelay	0	0	1	0
94.3213	12	0	1	LastDelay	0.0045267	4526.7	1	1
94.3375	44	0	1	LastDelay	0.00171328	1713.28	1	1
94.3462	42	0	1	LastDelay	0	0	1	0
94.3562	78	0	1	LastDelay	0	0	1	0
94.4072	92	0	1	LastDelay	0.00335657	3356.57	1	1
94.423	75	0	1	LastDelay	0.0050691	5069.1	1	1
94.44	79	0	1	LastDelay	0	0	1	0
94.4405	33	0	1	LastDelay	0	0	1	0
94.4674	21	0	1	LastDelay	0	0	1	0
94.5138	28	0	1	LastDelay	0	0	1	0
94.5224	17	0	1	LastDelay	0	0	1	0
94.5509	83	0	1	LastDelay	0	0	1	0
94.6033	29	0	1	LastDelay	0	0	1	0
94.6258	76	0	1	LastDelay	0	0	1	0
94.6262	67	0	1	LastDelay	0.0102073	10207.3	1	1
94.6306	61	0	1	LastDelay	0	0	1	0
94.6334	87	0	1	LastDelay	0	0	1	0
94.6334	27	0	1	LastDelay	0	0	1	0
94.6455	58	0	1	LastDelay	0.00844575	8445.75	1	1
94.6455	54	0	1	LastDelay	0.00883792	8837.92	1	1
94.6496	80	0	1	LastDelay	0.000413317	413.317	1	1
94.6621	70	0	1	LastDelay	0.0104455	10445.5	1	1
94.6776	74	0	1	LastDelay	0.000756651	756.651	1	1
94.678	88	0	1	LastDelay	0	0	1	0
94.6876	68	0	1	LastDelay	0.0281316	28131.6	1	1
94.7103	38	0	1	LastDelay	0.0525443	52544.3	1	1
94.7289	23	0	1	LastDelay	0.000324861	324.861	1	1
94.742	66	0	1	LastDelay	0.0116584	11658.4	1	1
94.7605	52	0	1	LastDelay	0	0	1	0
94.7631	45	0	1	LastDelay	0	0	1	0
94.7653	48	0	1	LastDelay	0.00538255	5382.55	1	1
94.774	36	0	1	LastDelay	0	0	1	0
94.7827	57	0	1	LastDelay	0	0	1	0
94.821	63	0	1	LastDelay	0	0	1	0
94.845	64	0	1	LastDelay	0.000980717	980.717	1	1
94.8484	84	0	1	LastDelay	0.0110907	11090.7	1	1
94.8571	77	0	1	LastDelay	0	0	1	0
94.8854	65	0	1	LastDelay	0	0	1	0
94.9142	81	0	1	LastDelay	0	0	1	0
94.918	53	0	1	LastDelay	0	0	1	0
94.9355	82	0	1	LastDelay	0	0	1	0
94.9736	73	0	1	LastDelay	0	0	1	0
94.9767	35	0	1	LastDelay	0	0	1	0
95.0203	24	0	1	LastDelay	0	0	1	0
95.0745	62	0	1	LastDelay	0.0119916	11991.6	1	1
95.1223	8	0	1	LastDelay	0.00335621	3356.21	1	1
95.1489	60	0	1	LastDelay	0.00333022	3330.22	1	1
95.2017	49	0	1	LastDelay	0	0	1	0
95.2429	86	0	1	LastDelay	0.00391406	3914.06	1	1
95.2507	71	0	1	LastDelay	0	0	1	0
95.2656	69	0	1	LastDelay	0	0	1	0
95.2867	32	0	1	LastDelay	0	0	1	0
95.2926	50	0	1	LastDelay	0	0	1	0
95.3168	12	0	1	LastDelay	0	0	1	0
95.3358	44	0	1	LastDelay	0	0	1	0
95.3599	78	0	1	LastDelay	0.00375605	3756.05	1	1
95.4039	92	0	1	LastDelay	0	0	1	0
95.4179	75	0	1	LastDelay	0	0	1	0
95.4215	59	0	1	LastDelay	0.00876753	8767.53	1	1
95.454	33	0	1	LastDelay	0.0134245	13424.5	1	1
95.4704	21	0	1	LastDelay	0.00304053	3040.53	1	1
95.5159	28	0	1	LastDelay	0.00206093	2060.93	1	1
95.5424	17	0	1	LastDelay	0.0200228	20022.8	1	1
95.5551	83	0	1	LastDelay	0.0042346	4234.6	1	1
95.616	67	0	1	LastDelay	0	0	1	0
95.63	76	0	1	LastDelay	0.00423625	4236.25	1	1
95.6331	61	0	1	LastDelay	0.00257472	2574.72	1	1
95.6366	54	0	1	LastDelay	0	0	1	0
95.637	58	0	1	LastDelay	0	0	1	0
95.6469	27	0	1	LastDelay	0.0135187	13518.7	1	1
95.6492	80	0	1	LastDelay	0	0	1	0
95.6516	70	0	1	LastDelay	0	0	1	0
95.6577	38	0	1	LastDelay	0	0	1	0
95.6594	68	0	1	LastDelay	0	0	1	0
95.66	85	0	1	LastDelay	0.0125179	12517.9	1	1
95.6768	74	0	1	LastDelay	0	0	1	0
95.6793	88	0	1	LastDelay	0.00124165	1241.65	1	1
95.7286	23	0	1	LastDelay	0	0	1	0
95.7303	66	0	1	LastDelay	0	0	1	0
95.76	48	0	1	LastDelay	0	0	1	0
95.7638	52	0	1	LastDelay	0.0033301	3330.1	1	1
95.7673	45	0	1	LastDelay	0.00417979	4179.79	1	1
95.7772	36	0	1	LastDelay	0.00320234	3202.34	1	1
95.7955	57	0	1	LastDelay	0.0128179	12817.9	1	1
95.8243	63	0	1	LastDelay	0.00333009	3330.09	1	1
95.8373	84	0	1	LastDelay	0	0	1	0
95.844	64	0	1	LastDelay	0	0	1	0
95.8609	77	0	1	LastDelay	0.00379222	3792.22	1	1
95.9012	65	0	1	LastDelay	0.0157953	15795.3	1	1
95.9153	81	0	1	LastDelay	0.001111	1111	1	1
95.9188	53	0	1	LastDelay	0.000829862	829.862	1	1
95.935	91	0	1	LastDelay	0.0043973	4397.3	1	1
95.9418	82	0	1	LastDelay	0.00632832	6328.31	1	1
95.9786	35	0	1	LastDelay	0.00184257	1842.57	1	1
95.9786	73	0	1	LastDelay	0.00496481	4964.81	1	1
95.9852	31	0	1	LastDelay	0.00342072	3420.72	1	1
96.0245	24	0	1	LastDelay	0.00413071	4130.71	1	1
96.041	41	0	1	LastDelay	0.00358632	3586.32	1	1
96.0625	62	0	1	LastDelay	0	0	1	0
96.119	8	0	1	LastDelay	0	0	1	0
96.1455	60	0	1	LastDelay	0	0	1	0
96.2389	86	0	1	LastDelay	0	0	1	0
96.2498	40	0	1	LastDelay	0.0133722	13372.2	1	1
96.2563	71	0	1	LastDelay	0.0056615	5661.5	1	1
96.2663	69	0	1	LastDelay	0.00066177	661.77	1	1
96.2911	32	0	1	LastDelay	0.00434061	4340.61	1	1
96.2952	50	0	1	LastDelay	0.00254559	2545.59	1	1
96.3079	72	0	1	LastDelay	0.00262887	2628.87	1	1
96.3176	12	0	1	LastDelay	0.000790251	790.251	1	1
96.3399	44	0	1	LastDelay	0.004179	4179	1	1
96.3495	42	0	1	LastDelay	0.00335628	3356.28	1	1
96.3562	78	0	1	LastDelay	0	0	1	0
96.4128	59	0	1	LastDelay	0	0	1	0
96.4234	75	0	1	LastDelay	0.00545187	5451.87	1	1
96.4234	92	0	1	LastDelay	0.0195183	19518.3	1	1
96.4405	33	0	1	LastDelay	0	0	1	0
96.4419	79	0	1	LastDelay	0.00195967	1959.67	1	1
96.4674	21	0	1	LastDelay	0	0	1	0
96.5138	28	0	1	LastDelay	0	0	1	0
96.5224	17	0	1	LastDelay	0	0	1	0
96.5509	83	0	1	LastDelay	0	0	1	0
96.6258	76	0	1	LastDelay	0	0	1	0
96.6306	61	0	1	LastDelay	0	0	1	0
96.6334	27	0	1	LastDelay	0	0	1	0
96.6355	87	0	1	LastDelay	0.00219435	2194.35	1	1
96.6474	85	0	1	LastDelay	0	0	1	0
96.6479	58	0	1	LastDelay	0.0109096	10909.6	1	1
96.651	67	0	1	LastDelay	0.0350364	35036.4	1	1
96.6545	70	0	1	LastDelay	0.00283201	2832.01	1	1
96.6545	54	0	1	LastDelay	0.0178488	17848.8	1	1
96.6576	80	0	1	LastDelay	0.00841908	8419.08	1	1
96.6607	38	0	1	LastDelay	0.00296175	2961.76	1	1
96.6638	68	0	1	LastDelay	0.00435452	4354.52	1	1
96.678	88	0	1	LastDelay	0	0	1	0
96.6793	74	0	1	LastDelay	0.00244262	2442.62	1	1
96.7316	66	0	1	LastDelay	0.00121787	1217.87	1	1
96.7316	23	0	1	LastDelay	0.00295101	2951.01	1	1
96.7605	52	0	1	LastDelay	0	0	1	0
96.7605	48	0	1	LastDelay	0.000575564	575.564	1	1
96.7631	45	0	1	LastDelay	0	0	1	0
96.774	36	0	1	LastDelay	0	0	1	0
96.7827	57	0	1	LastDelay	0	0	1	0
96.821	63	0	1	LastDelay	0	0	1	0
96.8407	84	0	1	LastDelay	0.00334363	3343.63	1	1
96.8548	64	0	1	LastDelay	0.0108354	10835.4	1	1
96.8571	77	0	1	LastDelay	0	0	1	0
96.8854	65	0	1	LastDelay	0	0	1	0
96.9142	81	0	1	LastDelay	0	0	1	0
96.918	53	0	1	LastDelay	0	0	1	0
96.9304	93	0	1	LastDelay	0.00367386	3673.86	1	1
96.9306	91	0	1	LastDelay	0	0	1	0
96.9355	82	0	1	LastDelay	0	0	1	0
96.9736	73	0	1	LastDelay	0	0	1	0
96.9767	35	0	1	LastDelay	0	0	1	0
96.9817	31	0	1	LastDelay	0	0	1	0
97.0203	24	0	1	LastDelay	0	0	1	0
97.0374	41	0	1	LastDelay	0	0	1	0
97.2364	40	0	1	LastDelay	0	0	1	0
97.2468	86	0	1	LastDelay	0.00786126	7861.26	1	1
97.2507	71	0	1	LastDelay	0	0	1	0
97.2656	69	0	1	LastDelay	0	0	1	0
97.2867	32	0	1	LastDelay	0	0	1	0
97.2926	50	0	1	LastDelay	0	0	1	0
97.3053	72	0	1	LastDelay	0	0	1	0
97.3168	12	0	1	LastDelay	0	0	1	0
97.3358	44	0	1	LastDelay	0	0	1	0
97.3462	42	0	1	LastDelay	0	0	1	0
97.4039	92	0	1	LastDelay	0	0	1	0
97.4068	89	0	1	LastDelay	0.00646445	6464.45	1	1
97.4179	75	0	1	LastDelay	0	0	1	0
97.432	59	0	1	LastDelay	0.0192693	19269.3	1	1
97.44	79	0	1	LastDelay	0	0	1	0
97.4551	33	0	1	LastDelay	0.0145312	14531.2	1	1
97.4687	21	0	1	LastDelay	0.00132571	1325.71	1	1
97.5251	17	0	1	LastDelay	0.00265568	2655.68	1	1
97.5612	83	0	1	LastDelay	0.0102918	10291.8	1	1
97.6108	29	0	1	LastDelay	0.00746248	7462.48	1	1
97.616	67	0	1	LastDelay	0	0	1	0
97.6325	61	0	1	LastDelay	0.00190326	1903.26	1	1
97.6325	76	0	1	LastDelay	0.00666019	6660.19	1	1
97.6334	87	0	1	LastDelay	0	0	1	0
97.6356	27	0	1	LastDelay	0.00219917	2199.17	1	1
97.6366	54	0	1	LastDelay	0	0	1	0
97.637	58	0	1	LastDelay	0	0	1	0
97.6492	80	0	1	LastDelay	0	0	1	0
97.6516	70	0	1	LastDelay	0	0	1	0
97.6577	38	0	1	LastDelay	0	0	1	0
97.6594	68	0	1	LastDelay	0	0	1	0
97.6621	85	0	1	LastDelay	0.0146222	14622.2	1	1
97.6768	74	0	1	LastDelay	0	0	1	0
97.7286	23	0	1	LastDelay	0	0	1	0
97.7303	66	0	1	LastDelay	0	0	1	0
97.76	48	0	1	LastDelay	0	0	1	0
97.7738	45	0	1	LastDelay	0.0107138	10713.8	1	1
97.7855	36	0	1	LastDelay	0.0114787	11478.7	1	1
97.7855	57	0	1	LastDelay	0.00279466	2794.66	1	1
97.8373	84	0	1	LastDelay	0	0	1	0
97.844	64	0	1	LastDelay	0	0	1	0
97.8604	77	0	1	LastDelay	0.00333016	3330.16	1	1
97.9166	81	0	1	LastDelay	0.00236983	2369.83	1	1
97.9267	93	0	1	LastDelay	0	0	1	0
97.9386	82	0	1	LastDelay	0.00307836	3078.36	1	1
97.9386	91	0	1	LastDelay	0.00802405	8024.05	1	1
97.9417	53	0	1	LastDelay	0.0237142	23714.2	1	1
97.9801	73	0	1	LastDelay	0.00642543	6425.43	1	1
97.9832	31	0	1	LastDelay	0.00141719	1417.18	1	1
97.9832	35	0	1	LastDelay	0.0064115	6411.5	1	1
98.0327	24	0	1	LastDelay	0.0124171	12417.1	1	1
98.0451	41	0	1	LastDelay	0.00773057	7730.57	1	1
98.0675	62	0	1	LastDelay	0.00494291	4942.91	1	1
98.0905	95	0	1	LastDelay	0.76495	764950	1	1
98.2081	49	0	1	LastDelay	0.00642555	6425.55	1	1
98.2389	86	0	1	LastDelay	0	0	1	0
98.2405	40	0	1	LastDelay	0.00406179	4061.79	1	1
98.2765	69	0	1	LastDelay	0.0108777	10877.7	1	1
98.2954	32	0	1	LastDelay	0.00872265	8722.65	1	1
98.2985	50	0	1	LastDelay	0.00591116	5911.16	1	1
98.3092	72	0	1	LastDelay	0.00386461	3864.61	1	1
98.3256	95	0	1	LastDelay	0	0	1	0
98.3413	44	0	1	LastDelay	0.0055073	5507.3	1	1
98.3605	42	0	1	LastDelay	0.0143632	14363.2	1	1
98.3605	78	0	1	LastDelay	0.00439587	4395.87	1	1
98.4003	89	0	1	LastDelay	0	0	1	0
98.4063	92	0	1	LastDelay	0.00245439	2454.39	1	1
98.4128	59	0	1	LastDelay	0	0	1	0
98.42	75	0	1	LastDelay	0.00211804	2118.04	1	1
98.4405	33	0	1	LastDelay	0	0	1	0
98.4521	79	0	1	LastDelay	0.0120888	12088.8	1	1
98.4674	21	0	1	LastDelay	0	0	1	0
98.5166	28	0	1	LastDelay	0.00276177	2761.77	1	1
98.5224	17	0	1	LastDelay	0	0	1	0
98.5509	83	0	1	LastDelay	0	0	1	0
98.6033	29	0	1	LastDelay	0	0	1	0
98.6258	76	0	1	LastDelay	0	0	1	0
98.6306	61	0	1	LastDelay	0	0	1	0
98.6334	27	0	1	LastDelay	0	0	1	0
98.6432	58	0	1	LastDelay	0.0061992	6199.2	1	1
98.6474	85	0	1	LastDelay	0	0	1	0
98.6525	70	0	1	LastDelay	0.000860131	860.131	1	1
98.6625	68	0	1	LastDelay	0.00306811	3068.11	1	1
98.6659	38	0	1	LastDelay	0.00820949	8209.49	1	1
98.679	74	0	1	LastDelay	0.0021851	2185.1	1	1
98.6914	88	0	1	LastDelay	0.0134082	13408.2	1	1
98.6914	80	0	1	LastDelay	0.0422619	42261.9	1	1
98.73	23	0	1	LastDelay	0.0014367	1436.7	1	1
98.7331	66	0	1	LastDelay	0.00279881	2798.81	1	1
98.7631	45	0	1	LastDelay	0	0	1	0
98.7648	52	0	1	LastDelay	0.00429922	4299.22	1	1
98.7648	48	0	1	LastDelay	0.00481427	4814.27	1	1
98.774	36	0	1	LastDelay	0	0	1	0
98.7827	57	0	1	LastDelay	0	0	1	0
98.8452	64	0	1	LastDelay	0.00119936	1199.36	1	1
98.8514	63	0	1	LastDelay	0.0303622	30362.2	1	1
98.8514	84	0	1	LastDelay	0.0140462	14046.2	1	1
98.8571	77	0	1	LastDelay	0	0	1	0
98.89	65	0	1	LastDelay	0.00461457	4614.57	1	1
98.9142	81	0	1	LastDelay	0	0	1	0
98.918	53	0	1	LastDelay	0	0	1	0
98.9306	91	0	1	LastDelay	0	0	1	0
98.9355	82	0	1	LastDelay	0	0	1	0
98.9736	73	0	1	LastDelay	0	0	1	0
98.9767	35	0	1	LastDelay	0	0	1	0
98.9817	31	0	1	LastDelay	0	0	1	0
99.0203	24	0	1	LastDelay	0	0	1	0
99.0374	41	0	1	LastDelay	0	0	1	0
99.0625	62	0	1	LastDelay	0	0	1	0
99.1613	96	0	1	LastDelay	0.000418566	418.566	1	1
99.2017	49	0	1	LastDelay	0	0	1	0
99.2364	40	0	1	LastDelay	0	0	1	0
99.2423	86	0	1	LastDelay	0.00333	3330	1	1
99.2557	71	0	1	LastDelay	0.00499371	4993.71	1	1
99.2656	69	0	1	LastDelay	0	0	1	0
99.2867	32	0	1	LastDelay	0	0	1	0
99.2926	50	0	1	LastDelay	0	0	1	0
99.3053	72	0	1	LastDelay	0	0	1	0
99.3358	44	0	1	LastDelay	0	0	1	0
99.3462	42	0	1	LastDelay	0	0	1	0
99.3562	78	0	1	LastDelay	0	0	1	0
99.4039	92	0	1	LastDelay	0	0	1	0
99.4152	59	0	1	LastDelay	0.00238873	2388.73	1	1
99.4179	75	0	1	LastDelay	0	0	1	0
99.44	79	0	1	LastDelay	0	0	1	0
99.451	33	0	1	LastDelay	0.0104809	10480.9	1	1
99.4779	21	0	1	LastDelay	0.0105289	10528.9	1	1
99.5138	28	0	1	LastDelay	0	0	1	0
99.6318	61	0	1	LastDelay	0.00122117	1221.17	1	1
99.6318	76	0	1	LastDelay	0.00597816	5978.16	1	1
99.637	58	0	1	LastDelay	0	0	1	0
99.638	27	0	1	LastDelay	0.0046388	4638.8	1	1
99.638	54	0	1	LastDelay	0.00137594	1375.94	1	1
99.638	87	0	1	LastDelay	0.00464918	4649.18	1	1
99.6492	80	0	1	LastDelay	0	0	1	0
99.6516	70	0	1	LastDelay	0	0	1	0
99.6577	38	0	1	LastDelay	0	0	1	0
99.6594	68	0	1	LastDelay	0	0	1	0
99.6685	85	0	1	LastDelay	0.0210533	21053.3	1	1
99.6768	74	0	1	LastDelay	0	0	1	0
99.678	88	0	1	LastDelay	0	0	1	0
99.7286	23	0	1	LastDelay	0	0	1	0
99.7303	66	0	1	LastDelay	0	0	1	0
99.76	48	0	1	LastDelay	0	0	1	0
99.7605	52	0	1	LastDelay	0	0	1	0
99.7798	36	0	1	LastDelay	0.00580492	5804.92	1	1
99.7945	57	0	1	LastDelay	0.0118263	11826.3	1	1
99.821	63	0	1	LastDelay	0	0	1	0
99.8373	84	0	1	LastDelay	0	0	1	0
99.844	64	0	1	LastDelay	0	0	1	0
99.8854	65	0	1	LastDelay	0	0	1	0
99.922	53	0	1	LastDelay	0.00405078	4050.78	1	1
99.9307	91	0	1	LastDelay	0.000114296	114.296	1	1
99.9371	82	0	1	LastDelay	0.00157061	1570.61	1	1
99.9647	90	0	1	LastDelay	0.0204924	20492.4	1	1
99.9741	73	0	1	LastDelay	0.000429458	429.458	1	1
99.9806	35	0	1	LastDelay	0.00381714	3817.14	1	1
