Time	Node	AppId	SeqNo	Type	DelayS	DelayUS	RetxCount	HopCount
11.199	32	0	1	LastDelay	0	0	1	2
11.2136	2	0	1	LastDelay	0	0	1	1
11.2443	44	0	1	LastDelay	0	0	1	2
11.3681	20	0	1	LastDelay	0	0	1	2
11.8474	8	0	1	LastDelay	0	0	1	2
11.9429	14	0	1	LastDelay	0	0	1	2
11.9782	38	0	1	LastDelay	0	0	1	2
12.173	26	0	1	LastDelay	0	0	1	2
12.249	3	0	1	LastDelay	0	0	1	1
12.2926	21	0	1	LastDelay	0	0	1	2
12.3302	15	0	1	LastDelay	0	0	1	2
12.3675	9	0	1	LastDelay	0	0	1	2
12.5023	33	0	1	LastDelay	0	0	1	2
12.5338	45	0	1	LastDelay	0	0	1	2
12.8926	39	0	1	LastDelay	0	0	1	2
13.0205	27	0	1	LastDelay	0	0	1	2
13.2174	2	0	1	LastDelay	0.0038576	3857.6	1	1
13.8508	8	0	1	LastDelay	0.00337008	3370.08	1	1
13.9468	14	0	1	LastDelay	0.00383201	3832.01	1	1
13.9815	38	0	1	LastDelay	0.00334301	3343.01	1	1
14.1764	26	0	1	LastDelay	0.003356	3356	1	1
14.2024	32	0	1	LastDelay	0.00337015	3370.15	1	1
14.2136	2	0	1	LastDelay	0	0	1	0
14.2478	44	0	1	LastDelay	0.00356445	3564.45	1	1
14.3715	20	0	1	LastDelay	0.003356	3356	1	1
14.8474	8	0	1	LastDelay	0	0	1	0
14.9429	14	0	1	LastDelay	0	0	1	0
14.9782	38	0	1	LastDelay	0	0	1	0
15.173	26	0	1	LastDelay	0	0	1	0
15.199	32	0	1	LastDelay	0	0	1	0
15.2169	2	0	1	LastDelay	0.00337033	3370.33	1	1
15.2249	1	0	1	LastDelay	0.938953	938953	1	1
15.2443	44	0	1	LastDelay	0	0	1	0
15.2526	3	0	1	LastDelay	0.00351729	3517.29	1	1
15.2859	1	0	1	LastDelay	0	0	1	1
15.3681	20	0	1	LastDelay	0	0	1	0
15.3753	43	0	1	LastDelay	0	0	1	2
15.752	37	0	1	LastDelay	0	0	1	2
15.8959	39	0	1	LastDelay	0.00333155	3331.55	1	1
15.904	25	0	1	LastDelay	0	0	1	2
16.0386	19	0	1	LastDelay	0	0	1	2
16.0676	16	0	1	LastDelay	0	0	1	2
16.0682	11	0	1	LastDelay	0	0	1	2
16.0728	17	0	1	LastDelay	0	0	1	2
16.1422	46	0	1	LastDelay	0	0	1	2
16.1612	4	0	1	LastDelay	0	0	1	2
16.1939	13	0	1	LastDelay	0	0	1	2
16.1954	6	0	1	LastDelay	0	0	1	2
16.2136	2	0	1	LastDelay	0	0	1	0
16.2396	0	0	1	LastDelay	0	0	1	1
16.2485	12	0	1	LastDelay	0	0	1	2
16.249	3	0	1	LastDelay	0	0	1	0
16.25	7	0	1	LastDelay	0	0	1	2
16.262	31	0	1	LastDelay	0	0	1	2
16.2815	42	0	1	LastDelay	0	0	1	2
16.2952	23	0	1	LastDelay	0	0	1	2
16.3283	10	0	1	LastDelay	0	0	1	2
16.4143	22	0	1	LastDelay	0	0	1	2
16.4237	35	0	1	LastDelay	0	0	1	2
16.4318	29	0	1	LastDelay	0	0	1	2
16.4979	41	0	1	LastDelay	0	0	1	2
16.5371	45	0	1	LastDelay	0.003356	3356	1	1
16.5432	34	0	1	LastDelay	0	0	1	2
16.5929	24	0	1	LastDelay	0	0	1	2
16.6283	30	0	1	LastDelay	0	0	1	2
16.8827	5	0	1	LastDelay	0	0	1	2
16.8846	28	0	1	LastDelay	0	0	1	2
16.8926	39	0	1	LastDelay	0	0	1	0
16.9196	18	0	1	LastDelay	0	0	1	2
16.9897	36	0	1	LastDelay	0	0	1	2
17.0423	40	0	1	LastDelay	0	0	1	2
17.2194	1	0	1	LastDelay	0.933465	933465	1	1
17.2549	3	0	1	LastDelay	0.00587382	5873.82	1	1
17.2859	1	0	1	LastDelay	0	0	1	0
17.5338	45	0	1	LastDelay	0	0	1	0
18.2169	2	0	1	LastDelay	0.00333067	3330.67	1	1
18.249	3	0	1	LastDelay	0	0	1	0
18.8513	8	0	1	LastDelay	0.00388607	3886.07	1	1
19.2136	2	0	1	LastDelay	0	0	1	0
19.8474	8	0	1	LastDelay	0	0	1	0
22.243	0	0	1	LastDelay	0.00336962	3369.62	1	1
22.2525	3	0	1	LastDelay	0.00344949	3449.49	1	1
22.2893	1	0	1	LastDelay	0.00338267	3382.67	1	1
22.8898	5	0	1	LastDelay	0.00711979	7119.78	1	1
23.0795	11	0	1	LastDelay	0.0112813	11281.3	1	1
23.0795	28	0	1	LastDelay	0.194873	194873	1	1
23.1646	4	0	1	LastDelay	0.00334349	3343.49	1	1
23.2169	2	0	1	LastDelay	0.00333077	3330.77	1	1
23.2396	0	0	1	LastDelay	0	0	1	0
23.2481	44	0	1	LastDelay	0.00383385	3833.85	1	1
23.249	3	0	1	LastDelay	0	0	1	0
23.2859	1	0	1	LastDelay	0	0	1	0
23.3316	10	0	1	LastDelay	0.00333028	3330.28	1	1
23.4266	35	0	1	LastDelay	0.00289663	2896.63	1	1
23.4367	29	0	1	LastDelay	0.00499052	4990.52	1	1
23.547	34	0	1	LastDelay	0.00380643	3806.43	1	1
23.5993	24	0	1	LastDelay	0.00643844	6438.44	1	1
23.8827	5	0	1	LastDelay	0	0	1	0
23.8846	28	0	1	LastDelay	0	0	1	0
23.8959	39	0	1	LastDelay	0.00333189	3331.89	1	1
23.923	18	0	1	LastDelay	0.00333017	3330.17	1	1
24.0239	27	0	1	LastDelay	0.003356	3356	1	1
24.0519	40	0	1	LastDelay	0.00964049	9640.49	1	1
24.0682	11	0	1	LastDelay	0	0	1	0
24.0824	16	0	1	LastDelay	0.0148602	14860.2	1	1
24.0824	17	0	1	LastDelay	0.0096092	9609.2	1	1
24.1456	46	0	1	LastDelay	0.00333	3330	1	1
24.1612	4	0	1	LastDelay	0	0	1	0
24.2136	2	0	1	LastDelay	0	0	1	0
24.2443	44	0	1	LastDelay	0	0	1	0
24.2623	12	0	1	LastDelay	0.0138772	13877.2	1	1
24.2947	1	0	1	LastDelay	0.00871315	8713.15	1	1
24.2975	23	0	1	LastDelay	0.00230568	2305.68	1	1
24.2988	21	0	1	LastDelay	0.00617404	6174.04	1	1
24.3283	10	0	1	LastDelay	0	0	1	0
24.3708	9	0	1	LastDelay	0.00334389	3343.89	1	1
24.4177	22	0	1	LastDelay	0.00333	3330	1	1
24.4237	35	0	1	LastDelay	0	0	1	0
24.4318	29	0	1	LastDelay	0	0	1	0
24.5012	41	0	1	LastDelay	0.00333	3330	1	1
24.5057	33	0	1	LastDelay	0.00339591	3395.91	1	1
24.5371	45	0	1	LastDelay	0.00334391	3343.91	1	1
24.5432	34	0	1	LastDelay	0	0	1	0
24.5929	24	0	1	LastDelay	0	0	1	0
24.6316	30	0	1	LastDelay	0.00333	3330	1	1
24.8879	28	0	1	LastDelay	0.00333	3330	1	1
24.8926	39	0	1	LastDelay	0	0	1	0
24.9196	18	0	1	LastDelay	0	0	1	0
24.9963	36	0	1	LastDelay	0.006545	6545	1	1
25.0205	27	0	1	LastDelay	0	0	1	0
25.0423	40	0	1	LastDelay	0	0	1	0
25.0676	16	0	1	LastDelay	0	0	1	0
25.0728	17	0	1	LastDelay	0	0	1	0
25.1422	46	0	1	LastDelay	0	0	1	0
25.1646	4	0	1	LastDelay	0.00333057	3330.57	1	1
25.2485	12	0	1	LastDelay	0	0	1	0
25.259	3	0	1	LastDelay	0.00999875	9998.75	1	1
25.2848	42	0	1	LastDelay	0.003343	3343	1	1
25.2859	1	0	1	LastDelay	0	0	1	0
25.2926	21	0	1	LastDelay	0	0	1	0
25.2952	23	0	1	LastDelay	0	0	1	0
25.3335	15	0	1	LastDelay	0.00334404	3344.04	1	1
25.3675	9	0	1	LastDelay	0	0	1	0
25.4143	22	0	1	LastDelay	0	0	1	0
25.427	35	0	1	LastDelay	0.00333	3330	1	1
25.4344	29	0	1	LastDelay	0.00265794	2657.94	1	1
25.4979	41	0	1	LastDelay	0	0	1	0
25.5023	33	0	1	LastDelay	0	0	1	0
25.5338	45	0	1	LastDelay	0	0	1	0
25.5962	24	0	1	LastDelay	0.00333	3330	1	1
25.6283	30	0	1	LastDelay	0	0	1	0
25.8511	8	0	1	LastDelay	0.00368865	3688.66	1	1
25.8846	28	0	1	LastDelay	0	0	1	0
25.886	5	0	1	LastDelay	0.00333162	3331.62	1	1
25.9463	14	0	1	LastDelay	0.00339601	3396.01	1	1
25.9897	36	0	1	LastDelay	0	0	1	0
26.0895	11	0	1	LastDelay	0.0212753	21275.3	1	1
26.1456	46	0	1	LastDelay	0.003356	3356	1	1
26.1612	4	0	1	LastDelay	0	0	1	0
26.1764	26	0	1	LastDelay	0.00333131	3331.31	1	1
26.2019	6	0	1	LastDelay	0.00654455	6544.55	1	1
26.2053	32	0	1	LastDelay	0.00628909	6289.1	1	1
26.2461	0	0	1	LastDelay	0.00646612	6466.12	1	1
26.249	3	0	1	LastDelay	0	0	1	0
26.2531	44	0	1	LastDelay	0.00886158	8861.58	1	1
26.2815	42	0	1	LastDelay	0	0	1	0
26.2997	23	0	1	LastDelay	0.00451853	4518.53	1	1
26.3302	15	0	1	LastDelay	0	0	1	0
26.3316	10	0	1	LastDelay	0.00333079	3330.79	1	1
26.3714	20	0	1	LastDelay	0.00333	3330	1	1
26.4237	35	0	1	LastDelay	0	0	1	0
26.4318	29	0	1	LastDelay	0	0	1	0
26.5929	24	0	1	LastDelay	0	0	1	0
26.8474	8	0	1	LastDelay	0	0	1	0
26.8827	5	0	1	LastDelay	0	0	1	0
26.9429	14	0	1	LastDelay	0	0	1	0
26.9815	38	0	1	LastDelay	0.00333	3330	1	1
26.9976	36	0	1	LastDelay	0.00789331	7893.31	1	1
27.0461	40	0	1	LastDelay	0.003806	3806	1	1
27.0682	11	0	1	LastDelay	0	0	1	0
27.0779	17	0	1	LastDelay	0.00510147	5101.47	1	1
27.1422	46	0	1	LastDelay	0	0	1	0
27.173	26	0	1	LastDelay	0	0	1	0
27.1954	6	0	1	LastDelay	0	0	1	0
27.199	32	0	1	LastDelay	0	0	1	0
27.2396	0	0	1	LastDelay	0	0	1	0
27.2443	44	0	1	LastDelay	0	0	1	0
27.2952	23	0	1	LastDelay	0	0	1	0
27.3283	10	0	1	LastDelay	0	0	1	0
27.3681	20	0	1	LastDelay	0	0	1	0
27.4269	35	0	1	LastDelay	0.00319663	3196.63	1	1
27.4442	29	0	1	LastDelay	0.0124274	12427.4	1	1
27.5962	24	0	1	LastDelay	0.00333	3330	1	1
27.9261	18	0	1	LastDelay	0.006425	6425	1	1
27.9463	14	0	1	LastDelay	0.00336904	3369.04	1	1
27.9782	38	0	1	LastDelay	0	0	1	0
27.9897	36	0	1	LastDelay	0	0	1	0
28.0423	40	0	1	LastDelay	0	0	1	0
28.0728	17	0	1	LastDelay	0	0	1	0
28.0729	11	0	1	LastDelay	0.00471854	4718.54	1	1
28.2518	12	0	1	LastDelay	0.00333005	3330.05	1	1
28.2533	3	0	1	LastDelay	0.00422497	4224.97	1	1
28.296	23	0	1	LastDelay	0.000793772	793.772	1	1
28.3715	20	0	1	LastDelay	0.00334305	3343.05	1	1
28.4177	22	0	1	LastDelay	0.00333	3330	1	1
28.4237	35	0	1	LastDelay	0	0	1	0
28.4318	29	0	1	LastDelay	0	0	1	0
28.5465	34	0	1	LastDelay	0.00333	3330	1	1
28.5929	24	0	1	LastDelay	0	0	1	0
28.8515	8	0	1	LastDelay	0.00405689	4056.89	1	1
28.9196	18	0	1	LastDelay	0	0	1	0
28.9429	14	0	1	LastDelay	0	0	1	0
28.9962	36	0	1	LastDelay	0.00645108	6451.08	1	1
29.0682	11	0	1	LastDelay	0	0	1	0
29.076	17	0	1	LastDelay	0.00314271	3142.71	1	1
29.1456	46	0	1	LastDelay	0.00333	3330	1	1
29.1764	26	0	1	LastDelay	0.003343	3343	1	1
29.2071	32	0	1	LastDelay	0.00802241	8022.41	1	1
29.2485	12	0	1	LastDelay	0	0	1	0
29.2486	44	0	1	LastDelay	0.00436147	4361.47	1	1
29.249	3	0	1	LastDelay	0	0	1	0
29.269	7	0	1	LastDelay	0.0189771	18977.1	1	1
29.2952	23	0	1	LastDelay	0	0	1	0
29.3316	10	0	1	LastDelay	0.00333127	3331.27	1	1
29.3681	20	0	1	LastDelay	0	0	1	0
29.4143	22	0	1	LastDelay	0	0	1	0
29.4347	29	0	1	LastDelay	0.00296373	2963.73	1	1
29.5432	34	0	1	LastDelay	0	0	1	0
29.5967	24	0	1	LastDelay	0.003793	3793	1	1
29.8474	8	0	1	LastDelay	0	0	1	0
29.886	5	0	1	LastDelay	0.00333026	3330.26	1	1
29.8915	28	0	1	LastDelay	0.00691537	6915.37	1	1
29.9815	38	0	1	LastDelay	0.00333	3330	1	1
29.9897	36	0	1	LastDelay	0	0	1	0
30.0728	17	0	1	LastDelay	0	0	1	0
30.0744	11	0	1	LastDelay	0.00617703	6177.03	1	1
30.1422	46	0	1	LastDelay	0	0	1	0
30.1646	4	0	1	LastDelay	0.00333011	3330.11	1	1
30.173	26	0	1	LastDelay	0	0	1	0
30.199	32	0	1	LastDelay	0	0	1	0
30.2109	6	0	1	LastDelay	0.0154908	15490.8	1	1
30.243	0	0	1	LastDelay	0.0033821	3382.1	1	1
30.2443	44	0	1	LastDelay	0	0	1	0
30.2492	12	0	1	LastDelay	0.000786939	786.939	1	1
30.25	7	0	1	LastDelay	0	0	1	0
30.2879	42	0	1	LastDelay	0.00643997	6439.97	1	1
30.3283	10	0	1	LastDelay	0	0	1	0
30.4287	35	0	1	LastDelay	0.00502175	5021.75	1	1
30.4318	29	0	1	LastDelay	0	0	1	0
30.5929	24	0	1	LastDelay	0	0	1	0
30.8827	5	0	1	LastDelay	0	0	1	0
30.8846	28	0	1	LastDelay	0	0	1	0
30.923	18	0	1	LastDelay	0.00333	3330	1	1
30.9782	38	0	1	LastDelay	0	0	1	0
31.0682	11	0	1	LastDelay	0	0	1	0
31.0744	17	0	1	LastDelay	0.00154325	1543.25	1	1
31.1612	4	0	1	LastDelay	0	0	1	0
31.1954	6	0	1	LastDelay	0	0	1	0
31.2396	0	0	1	LastDelay	0	0	1	0
31.2485	12	0	1	LastDelay	0	0	1	0
31.2815	42	0	1	LastDelay	0	0	1	0
31.2893	1	0	1	LastDelay	0.00333013	3330.13	1	1
31.4237	35	0	1	LastDelay	0	0	1	0
31.5962	24	0	1	LastDelay	0.00333	3330	1	1
31.9196	18	0	1	LastDelay	0	0	1	0
32.0728	17	0	1	LastDelay	0	0	1	0
32.0748	11	0	1	LastDelay	0.00666508	6665.08	1	1
32.2859	1	0	1	LastDelay	0	0	1	0
32.4243	35	0	1	LastDelay	0.000578432	578.432	1	1
32.4346	29	0	1	LastDelay	0.00289254	2892.55	1	1
32.5929	24	0	1	LastDelay	0	0	1	0
33.0682	11	0	1	LastDelay	0	0	1	0
33.1456	46	0	1	LastDelay	0.00333	3330	1	1
33.1456	17	0	1	LastDelay	0.0727246	72724.6	1	1
33.2985	23	0	1	LastDelay	0.00333	3330	1	1
33.4177	22	0	1	LastDelay	0.003343	3343	1	1
33.4237	35	0	1	LastDelay	0	0	1	0
33.4318	29	0	1	LastDelay	0	0	1	0
33.8884	28	0	1	LastDelay	0.00380603	3806.03	1	1
34.0728	17	0	1	LastDelay	0	0	1	0
34.1422	46	0	1	LastDelay	0	0	1	0
34.243	0	0	1	LastDelay	0.0033691	3369.1	1	1
34.2893	1	0	1	LastDelay	0.00338213	3382.13	1	1
34.2952	23	0	1	LastDelay	0	0	1	0
34.3316	10	0	1	LastDelay	0.00336996	3369.96	1	1
34.3708	9	0	1	LastDelay	0.00333051	3330.51	1	1
34.4143	22	0	1	LastDelay	0	0	1	0
34.8508	8	0	1	LastDelay	0.0033698	3369.8	1	1
34.8846	28	0	1	LastDelay	0	0	1	0
34.8929	39	0	1	LastDelay	0.000296995	296.995	1	1
34.983	20	0	1	LastDelay	0.614891	614891	1	1
35.0851	11	0	1	LastDelay	0.0169002	16900.2	1	1
35.1987	6	0	1	LastDelay	0.00335708	3357.08	1	1
35.215	32	0	1	LastDelay	0.0159831	15983.1	1	1
35.2396	0	0	1	LastDelay	0	0	1	0
35.2477	44	0	1	LastDelay	0.003382	3382	1	1
35.2518	3	0	1	LastDelay	0.00275535	2755.35	1	1
35.2859	1	0	1	LastDelay	0	0	1	0
35.3283	10	0	1	LastDelay	0	0	1	0
35.3675	9	0	1	LastDelay	0	0	1	0
35.3681	20	0	1	LastDelay	0	0	1	0
35.8474	8	0	1	LastDelay	0	0	1	0
35.8926	39	0	1	LastDelay	0	0	1	0
35.9463	14	0	1	LastDelay	0.0033567	3356.7	1	1
36.0682	11	0	1	LastDelay	0	0	1	0
36.1954	6	0	1	LastDelay	0	0	1	0
36.199	32	0	1	LastDelay	0	0	1	0
36.2443	44	0	1	LastDelay	0	0	1	0
36.249	3	0	1	LastDelay	0	0	1	0
36.2893	1	0	1	LastDelay	0.00333013	3330.13	1	1
36.3331	15	0	1	LastDelay	0.00291433	2914.33	1	1
36.3708	9	0	1	LastDelay	0.00335675	3356.75	1	1
36.3708	20	0	1	LastDelay	0.00270224	2702.24	1	1
36.5372	45	0	1	LastDelay	0.0033958	3395.8	1	1
36.886	5	0	1	LastDelay	0.00334326	3343.26	1	1
36.9429	14	0	1	LastDelay	0	0	1	0
36.9816	38	0	1	LastDelay	0.003421	3421	1	1
37.0238	27	0	1	LastDelay	0.00333087	3330.87	1	1
37.1709	4	0	1	LastDelay	0.00967917	9679.17	1	1
37.2068	32	0	1	LastDelay	0.00779161	7791.61	1	1
37.243	0	0	1	LastDelay	0.00333004	3330.04	1	1
37.2526	44	0	1	LastDelay	0.00832029	8320.29	1	1
37.2526	3	0	1	LastDelay	0.00354117	3541.17	1	1
37.2596	7	0	1	LastDelay	0.00958705	9587.05	1	1
37.2859	1	0	1	LastDelay	0	0	1	0
37.3302	15	0	1	LastDelay	0	0	1	0
37.3316	10	0	1	LastDelay	0.00334338	3343.38	1	1
37.3675	9	0	1	LastDelay	0	0	1	0
37.3681	20	0	1	LastDelay	0	0	1	0
37.5338	45	0	1	LastDelay	0	0	1	0
37.8827	5	0	1	LastDelay	0	0	1	0
37.9463	14	0	1	LastDelay	0.003331	3331	1	1
37.9782	38	0	1	LastDelay	0	0	1	0
38.0205	27	0	1	LastDelay	0	0	1	0
38.1612	4	0	1	LastDelay	0	0	1	0
38.199	32	0	1	LastDelay	0	0	1	0
38.2396	0	0	1	LastDelay	0	0	1	0
38.2443	44	0	1	LastDelay	0	0	1	0
38.249	3	0	1	LastDelay	0	0	1	0
38.25	7	0	1	LastDelay	0	0	1	0
38.2523	12	0	1	LastDelay	0.00380592	3805.92	1	1
38.3283	10	0	1	LastDelay	0	0	1	0
38.3711	9	0	1	LastDelay	0.00367538	3675.38	1	1
38.9429	14	0	1	LastDelay	0	0	1	0
39.0787	17	0	1	LastDelay	0.00587098	5870.98	1	1
39.1646	4	0	1	LastDelay	0.0033431	3343.1	1	1
39.198	6	0	1	LastDelay	0.00255845	2558.45	1	1
39.2485	12	0	1	LastDelay	0	0	1	0
39.2496	3	0	1	LastDelay	0.000537796	537.796	1	1
39.2568	7	0	1	LastDelay	0.00677169	6771.69	1	1
39.2909	1	0	1	LastDelay	0.00499222	4992.22	1	1
39.3316	10	0	1	LastDelay	0.00335626	3356.26	1	1
39.3316	15	0	1	LastDelay	0.00147342	1473.42	1	1
39.3675	9	0	1	LastDelay	0	0	1	0
39.4177	22	0	1	LastDelay	0.0033304	3330.4	1	1
39.4336	29	0	1	LastDelay	0.00187558	1875.58	1	1
39.5048	41	0	1	LastDelay	0.00694041	6940.41	1	1
39.5372	45	0	1	LastDelay	0.00339629	3396.29	1	1
39.886	5	0	1	LastDelay	0.00333007	3330.07	1	1
39.8879	28	0	1	LastDelay	0.00333	3330	1	1
39.896	39	0	1	LastDelay	0.00341983	3419.83	1	1
40.0238	27	0	1	LastDelay	0.00333	3330	1	1
40.0456	40	0	1	LastDelay	0.00333	3330	1	1
40.0709	16	0	1	LastDelay	0.00333076	3330.76	1	1
40.0728	17	0	1	LastDelay	0	0	1	0
40.0827	11	0	1	LastDelay	0.0145476	14547.6	1	1
40.1492	46	0	1	LastDelay	0.007008	7008	1	1
40.1612	4	0	1	LastDelay	0	0	1	0
40.1954	6	0	1	LastDelay	0	0	1	0
40.249	3	0	1	LastDelay	0	0	1	0
40.25	7	0	1	LastDelay	0	0	1	0
40.2503	44	0	1	LastDelay	0.00606978	6069.78	1	1
40.2592	12	0	1	LastDelay	0.0107354	10735.4	1	1
40.2859	1	0	1	LastDelay	0	0	1	0
40.2977	23	0	1	LastDelay	0.00251595	2515.95	1	1
40.3283	10	0	1	LastDelay	0	0	1	0
40.3302	15	0	1	LastDelay	0	0	1	0
40.4143	22	0	1	LastDelay	0	0	1	0
40.4318	29	0	1	LastDelay	0	0	1	0
40.4979	41	0	1	LastDelay	0	0	1	0
40.5057	33	0	1	LastDelay	0.003369	3369	1	1
40.5338	45	0	1	LastDelay	0	0	1	0
40.5962	24	0	1	LastDelay	0.00333	3330	1	1
40.8827	5	0	1	LastDelay	0	0	1	0
40.8846	28	0	1	LastDelay	0	0	1	0
40.8926	39	0	1	LastDelay	0	0	1	0
41.0205	27	0	1	LastDelay	0	0	1	0
41.0423	40	0	1	LastDelay	0	0	1	0
41.0676	16	0	1	LastDelay	0	0	1	0
41.0682	11	0	1	LastDelay	0	0	1	0
41.0798	17	0	1	LastDelay	0.00696754	6967.54	1	1
41.1422	46	0	1	LastDelay	0	0	1	0
41.2103	13	0	1	LastDelay	0.0164661	16466.1	1	1
41.2443	44	0	1	LastDelay	0	0	1	0
41.2485	12	0	1	LastDelay	0	0	1	0
41.2952	23	0	1	LastDelay	0	0	1	0
41.332	15	0	1	LastDelay	0.00180413	1804.13	1	1
41.4327	29	0	1	LastDelay	0.000991853	991.853	1	1
41.5023	33	0	1	LastDelay	0	0	1	0
41.5929	24	0	1	LastDelay	0	0	1	0
41.7553	37	0	1	LastDelay	0.00333166	3331.66	1	1
42.0456	40	0	1	LastDelay	0.00333	3330	1	1
42.0728	17	0	1	LastDelay	0	0	1	0
42.1646	4	0	1	LastDelay	0.00334388	3343.88	1	1
42.1939	13	0	1	LastDelay	0	0	1	0
42.2508	7	0	1	LastDelay	0.000774387	774.387	1	1
42.2508	12	0	1	LastDelay	0.00234603	2346.03	1	1
42.3302	15	0	1	LastDelay	0	0	1	0
42.3316	10	0	1	LastDelay	0.00334382	3343.82	1	1
42.4254	35	0	1	LastDelay	0.00167885	1678.86	1	1
42.4318	29	0	1	LastDelay	0	0	1	0
42.752	37	0	1	LastDelay	0	0	1	0
43.0423	40	0	1	LastDelay	0	0	1	0
43.0744	11	0	1	LastDelay	0.00625567	6255.67	1	1
43.0883	17	0	1	LastDelay	0.0154206	15420.6	1	1
43.1612	4	0	1	LastDelay	0	0	1	0
43.1976	6	0	1	LastDelay	0.00217526	2175.26	1	1
43.243	0	0	1	LastDelay	0.0033431	3343.1	1	1
43.2485	12	0	1	LastDelay	0	0	1	0
43.25	7	0	1	LastDelay	0	0	1	0
43.2895	1	0	1	LastDelay	0.00359369	3593.69	1	1
43.3283	10	0	1	LastDelay	0	0	1	0
43.3342	15	0	1	LastDelay	0.00407068	4070.68	1	1
43.4237	35	0	1	LastDelay	0	0	1	0
43.9463	14	0	1	LastDelay	0.00333055	3330.55	1	1
44.0682	11	0	1	LastDelay	0	0	1	0
44.0709	16	0	1	LastDelay	0.00333042	3330.42	1	1
44.0728	17	0	1	LastDelay	0	0	1	0
44.1646	4	0	1	LastDelay	0.00333047	3330.47	1	1
44.1954	6	0	1	LastDelay	0	0	1	0
44.2003	13	0	1	LastDelay	0.00646528	6465.28	1	1
44.2396	0	0	1	LastDelay	0	0	1	0
44.2518	7	0	1	LastDelay	0.00175964	1759.64	1	1
44.2518	12	0	1	LastDelay	0.00333099	3330.99	1	1
44.2844	42	0	1	LastDelay	0.00291899	2918.99	1	1
44.2859	1	0	1	LastDelay	0	0	1	0
44.2979	23	0	1	LastDelay	0.00272313	2723.14	1	1
44.3302	15	0	1	LastDelay	0	0	1	0
44.3316	10	0	1	LastDelay	0.0033561	3356.1	1	1
44.4177	22	0	1	LastDelay	0.00334309	3343.09	1	1
44.4262	35	0	1	LastDelay	0.00252313	2523.13	1	1
44.4355	29	0	1	LastDelay	0.003793	3793	1	1
44.5465	34	0	1	LastDelay	0.00333	3330	1	1
44.6026	24	0	1	LastDelay	0.009705	9705	1	1
44.6316	30	0	1	LastDelay	0.00333	3330	1	1
44.8879	28	0	1	LastDelay	0.00333	3330	1	1
44.923	18	0	1	LastDelay	0.00333037	3330.37	1	1
44.9429	14	0	1	LastDelay	0	0	1	0
44.993	36	0	1	LastDelay	0.00333	3330	1	1
45.0456	40	0	1	LastDelay	0.003343	3343	1	1
45.0676	16	0	1	LastDelay	0	0	1	0
45.0715	11	0	1	LastDelay	0.00333112	3331.12	1	1
45.0816	17	0	1	LastDelay	0.00872328	8723.28	1	1
45.1488	46	0	1	LastDelay	0.006558	6558	1	1
45.1612	4	0	1	LastDelay	0	0	1	0
45.1939	13	0	1	LastDelay	0	0	1	0
45.1987	6	0	1	LastDelay	0.0033301	3330.1	1	1
45.2485	12	0	1	LastDelay	0	0	1	0
45.25	7	0	1	LastDelay	0	0	1	0
45.2815	42	0	1	LastDelay	0	0	1	0
45.2952	23	0	1	LastDelay	0	0	1	0
45.3283	10	0	1	LastDelay	0	0	1	0
45.3335	15	0	1	LastDelay	0.00333039	3330.39	1	1
45.4143	22	0	1	LastDelay	0	0	1	0
45.4237	35	0	1	LastDelay	0	0	1	0
45.4318	29	0	1	LastDelay	0	0	1	0
45.5432	34	0	1	LastDelay	0	0	1	0
45.5929	24	0	1	LastDelay	0	0	1	0
45.6283	30	0	1	LastDelay	0	0	1	0
45.8846	28	0	1	LastDelay	0	0	1	0
45.886	5	0	1	LastDelay	0.00335605	3356.05	1	1
45.9196	18	0	1	LastDelay	0	0	1	0
45.9897	36	0	1	LastDelay	0	0	1	0
46.0423	40	0	1	LastDelay	0	0	1	0
46.0682	11	0	1	LastDelay	0	0	1	0
46.0709	16	0	1	LastDelay	0.00333131	3331.31	1	1
46.0728	17	0	1	LastDelay	0	0	1	0
46.1422	46	0	1	LastDelay	0	0	1	0
46.1954	6	0	1	LastDelay	0	0	1	0
46.252	7	0	1	LastDelay	0.00199179	1991.79	1	1
46.252	12	0	1	LastDelay	0.00356286	3562.86	1	1
46.2874	1	0	1	LastDelay	0.00144444	1444.44	1	1
46.3302	15	0	1	LastDelay	0	0	1	0
46.3321	10	0	1	LastDelay	0.00379007	3790.07	1	1
46.8827	5	0	1	LastDelay	0	0	1	0
47.0676	16	0	1	LastDelay	0	0	1	0
47.0715	11	0	1	LastDelay	0.00334399	3343.99	1	1
47.0778	17	0	1	LastDelay	0.00496745	4967.45	1	1
47.1646	4	0	1	LastDelay	0.00333042	3330.42	1	1
47.1972	6	0	1	LastDelay	0.00180535	1805.35	1	1
47.1972	13	0	1	LastDelay	0.00333039	3330.39	1	1
47.2429	0	0	1	LastDelay	0.00321968	3219.68	1	1
47.2485	12	0	1	LastDelay	0	0	1	0
47.25	7	0	1	LastDelay	0	0	1	0
47.2859	1	0	1	LastDelay	0	0	1	0
47.3283	10	0	1	LastDelay	0	0	1	0
47.3335	15	0	1	LastDelay	0.00334334	3343.34	1	1
47.4181	22	0	1	LastDelay	0.00380761	3807.61	1	1
47.4329	29	0	1	LastDelay	0.00116428	1164.28	1	1
47.886	5	0	1	LastDelay	0.00333017	3330.17	1	1
47.9463	14	0	1	LastDelay	0.00333027	3330.27	1	1
48.0682	11	0	1	LastDelay	0	0	1	0
48.0728	17	0	1	LastDelay	0	0	1	0
48.1612	4	0	1	LastDelay	0	0	1	0
48.1939	13	0	1	LastDelay	0	0	1	0
48.1954	6	0	1	LastDelay	0	0	1	0
48.2396	0	0	1	LastDelay	0	0	1	0
48.2518	12	0	1	LastDelay	0.00334343	3343.43	1	1
48.2518	7	0	1	LastDelay	0.0017726	1772.6	1	1
48.301	21	0	1	LastDelay	0.00844029	8440.29	1	1
48.3302	15	0	1	LastDelay	0	0	1	0
48.4143	22	0	1	LastDelay	0	0	1	0
48.4318	29	0	1	LastDelay	0	0	1	0
48.8827	5	0	1	LastDelay	0	0	1	0
48.923	18	0	1	LastDelay	0.00333169	3331.69	1	1
48.9429	14	0	1	LastDelay	0	0	1	0
49.0713	11	0	1	LastDelay	0.0030942	3094.2	1	1
49.0955	17	0	1	LastDelay	0.0226159	22615.9	1	1
49.2007	6	0	1	LastDelay	0.00528318	5283.18	1	1
49.2218	2	0	1	LastDelay	0.0082612	8261.19	1	1
49.2485	12	0	1	LastDelay	0	0	1	0
49.25	7	0	1	LastDelay	0	0	1	0
49.2882	1	0	1	LastDelay	0.00229608	2296.08	1	1
49.2926	21	0	1	LastDelay	0	0	1	0
49.3324	15	0	1	LastDelay	0.00219799	2197.99	1	1
49.4321	29	0	1	LastDelay	0.000306918	306.918	1	1
49.886	5	0	1	LastDelay	0.00334315	3343.15	1	1
49.9196	18	0	1	LastDelay	0	0	1	0
50.0682	11	0	1	LastDelay	0	0	1	0
50.0709	16	0	1	LastDelay	0.00333009	3330.09	1	1
50.0728	17	0	1	LastDelay	0	0	1	0
50.1646	4	0	1	LastDelay	0.00335607	3356.07	1	1
50.1954	6	0	1	LastDelay	0	0	1	0
50.1972	13	0	1	LastDelay	0.00333062	3330.62	1	1
50.2136	2	0	1	LastDelay	0	0	1	0
50.2506	12	0	1	LastDelay	0.00212507	2125.07	1	1
50.2506	7	0	1	LastDelay	0.000554475	554.475	1	1
50.2859	1	0	1	LastDelay	0	0	1	0
50.2953	21	0	1	LastDelay	0.00269046	2690.45	1	1
50.3302	15	0	1	LastDelay	0	0	1	0
50.3316	10	0	1	LastDelay	0.00333055	3330.55	1	1
50.43	35	0	1	LastDelay	0.00626797	6267.97	1	1
50.43	23	0	1	LastDelay	0.134784	134784	1	1
50.4318	29	0	1	LastDelay	0	0	1	0
50.5371	45	0	1	LastDelay	0.00333107	3331.07	1	1
50.5465	34	0	1	LastDelay	0.00333	3330	1	1
50.8827	5	0	1	LastDelay	0	0	1	0
50.9433	14	0	1	LastDelay	0.000384627	384.627	1	1
50.993	36	0	1	LastDelay	0.00333	3330	1	1
51.0676	16	0	1	LastDelay	0	0	1	0
51.0715	11	0	1	LastDelay	0.00334332	3343.32	1	1
51.084	17	0	1	LastDelay	0.0111179	11117.9	1	1
51.1612	4	0	1	LastDelay	0	0	1	0
51.1939	13	0	1	LastDelay	0	0	1	0
51.2485	12	0	1	LastDelay	0	0	1	0
51.25	7	0	1	LastDelay	0	0	1	0
51.2848	42	0	1	LastDelay	0.003343	3343	1	1
51.2926	21	0	1	LastDelay	0	0	1	0
51.2952	23	0	1	LastDelay	0	0	1	0
51.3283	10	0	1	LastDelay	0	0	1	0
51.3335	15	0	1	LastDelay	0.00333014	3330.14	1	1
51.4237	35	0	1	LastDelay	0	0	1	0
51.5056	33	0	1	LastDelay	0.00333	3330	1	1
51.5338	45	0	1	LastDelay	0	0	1	0
51.5432	34	0	1	LastDelay	0	0	1	0
51.9429	14	0	1	LastDelay	0	0	1	0
51.9897	36	0	1	LastDelay	0	0	1	0
52.0682	11	0	1	LastDelay	0	0	1	0
52.0728	17	0	1	LastDelay	0	0	1	0
52.1979	6	0	1	LastDelay	0.00254399	2543.99	1	1
52.2607	7	0	1	LastDelay	0.010695	10695	1	1
52.2815	42	0	1	LastDelay	0	0	1	0
52.2935	21	0	1	LastDelay	0.000852376	852.376	1	1
52.3302	15	0	1	LastDelay	0	0	1	0
52.5023	33	0	1	LastDelay	0	0	1	0
52.886	5	0	1	LastDelay	0.00333005	3330.05	1	1
52.8929	39	0	1	LastDelay	0.000270115	270.115	1	1
53.072	11	0	1	LastDelay	0.00379369	3793.69	1	1
53.0789	17	0	1	LastDelay	0.00601534	6015.34	1	1
53.1456	46	0	1	LastDelay	0.00333178	3331.78	1	1
53.1954	6	0	1	LastDelay	0	0	1	0
53.2115	13	0	1	LastDelay	0.0176673	17667.3	1	1
53.2497	12	0	1	LastDelay	0.00125082	1250.82	1	1
53.25	7	0	1	LastDelay	0	0	1	0
53.2906	1	0	1	LastDelay	0.00468756	4687.56	1	1
53.2926	21	0	1	LastDelay	0	0	1	0
53.3316	10	0	1	LastDelay	0.00333116	3331.16	1	1
53.3316	15	0	1	LastDelay	0.00144776	1447.76	1	1
53.3695	20	0	1	LastDelay	0.00136786	1367.86	1	1
53.5056	33	0	1	LastDelay	0.00333	3330	1	1
53.5371	45	0	1	LastDelay	0.003343	3343	1	1
53.8827	5	0	1	LastDelay	0	0	1	0
53.8926	39	0	1	LastDelay	0	0	1	0
53.9327	18	0	1	LastDelay	0.0131064	13106.4	1	1
53.9507	14	0	1	LastDelay	0.00773852	7738.52	1	1
53.993	36	0	1	LastDelay	0.00333135	3331.35	1	1
54.0451	19	0	1	LastDelay	0.00642729	6427.29	1	1
54.0682	11	0	1	LastDelay	0	0	1	0
54.0728	17	0	1	LastDelay	0	0	1	0
54.0749	16	0	1	LastDelay	0.00728213	7282.13	1	1
54.1422	46	0	1	LastDelay	0	0	1	0
54.1646	4	0	1	LastDelay	0.00335616	3356.16	1	1
54.1939	13	0	1	LastDelay	0	0	1	0
54.2192	2	0	1	LastDelay	0.00560999	5609.99	1	1
54.2485	12	0	1	LastDelay	0	0	1	0
54.2592	7	0	1	LastDelay	0.00916252	9162.52	1	1
54.2859	1	0	1	LastDelay	0	0	1	0
54.2936	21	0	1	LastDelay	0.000956061	956.061	1	1
54.3283	10	0	1	LastDelay	0	0	1	0
54.3302	15	0	1	LastDelay	0	0	1	0
54.3681	20	0	1	LastDelay	0	0	1	0
54.3719	44	0	1	LastDelay	0.127672	127672	1	1
54.3786	43	0	1	LastDelay	0.00333174	3331.74	1	1
54.4254	35	0	1	LastDelay	0.00167973	1679.73	1	1
54.4323	29	0	1	LastDelay	0.000560117	560.117	1	1
54.5012	41	0	1	LastDelay	0.00333149	3331.49	1	1
54.5023	33	0	1	LastDelay	0	0	1	0
54.5338	45	0	1	LastDelay	0	0	1	0
54.5963	24	0	1	LastDelay	0.0033431	3343.1	1	1
54.6316	30	0	1	LastDelay	0.00333	3330	1	1
54.8941	28	0	1	LastDelay	0.00952311	9523.11	1	1
54.9196	18	0	1	LastDelay	0	0	1	0
54.9429	14	0	1	LastDelay	0	0	1	0
54.9897	36	0	1	LastDelay	0	0	1	0
55.0238	27	0	1	LastDelay	0.00333179	3331.79	1	1
55.0386	19	0	1	LastDelay	0	0	1	0
55.0456	40	0	1	LastDelay	0.00333001	3330.01	1	1
55.0676	16	0	1	LastDelay	0	0	1	0
55.0715	11	0	1	LastDelay	0.00333025	3330.25	1	1
55.0815	17	0	1	LastDelay	0.00868833	8688.33	1	1
55.1456	46	0	1	LastDelay	0.00333	3330	1	1
55.1612	4	0	1	LastDelay	0	0	1	0
55.1764	3	0	1	LastDelay	0.927366	927366	1	1
55.1764	26	0	1	LastDelay	0.00338212	3382.12	1	1
55.2073	13	0	1	LastDelay	0.0134109	13410.9	1	1
55.2136	2	0	1	LastDelay	0	0	1	0
55.2443	44	0	1	LastDelay	0	0	1	0
55.2486	12	0	1	LastDelay	0.00010762	107.62	1	1
55.249	3	0	1	LastDelay	0	0	1	0
55.25	7	0	1	LastDelay	0	0	1	0
55.2653	31	0	1	LastDelay	0.00333	3330	1	1
55.2926	21	0	1	LastDelay	0	0	1	0
55.2953	1	0	1	LastDelay	0.0094121	9412.1	1	1
55.3015	23	0	1	LastDelay	0.00636677	6366.77	1	1
55.3441	10	0	1	LastDelay	0.0157743	15774.3	1	1
55.3441	15	0	1	LastDelay	0.0138909	13890.9	1	1
55.374	20	0	1	LastDelay	0.00589982	5899.82	1	1
55.3753	43	0	1	LastDelay	0	0	1	0
55.4237	35	0	1	LastDelay	0	0	1	0
55.4318	29	0	1	LastDelay	0	0	1	0
55.4979	41	0	1	LastDelay	0	0	1	0
55.5465	34	0	1	LastDelay	0.00333003	3330.03	1	1
55.5929	24	0	1	LastDelay	0	0	1	0
55.6283	30	0	1	LastDelay	0	0	1	0
55.7553	37	0	1	LastDelay	0.003343	3343	1	1
55.8846	28	0	1	LastDelay	0	0	1	0
55.926	18	0	1	LastDelay	0.00641377	6413.77	1	1
55.9529	14	0	1	LastDelay	0.00996321	9963.21	1	1
55.9816	38	0	1	LastDelay	0.00336911	3369.11	1	1
55.993	36	0	1	LastDelay	0.00333	3330	1	1
56.0205	27	0	1	LastDelay	0	0	1	0
56.0423	40	0	1	LastDelay	0	0	1	0
56.0682	11	0	1	LastDelay	0	0	1	0
56.0709	16	0	1	LastDelay	0.00333049	3330.49	1	1
56.0728	17	0	1	LastDelay	0	0	1	0
56.1422	46	0	1	LastDelay	0	0	1	0
56.1646	4	0	1	LastDelay	0.00333043	3330.43	1	1
56.173	26	0	1	LastDelay	0	0	1	0
56.1939	13	0	1	LastDelay	0	0	1	0
56.1987	6	0	1	LastDelay	0.00333027	3330.27	1	1
56.2112	32	0	1	LastDelay	0.0122005	12200.5	1	1
56.2485	12	0	1	LastDelay	0	0	1	0
56.253	7	0	1	LastDelay	0.00295927	2959.27	1	1
56.262	31	0	1	LastDelay	0	0	1	0
56.2661	3	0	1	LastDelay	0.0170032	17003.2	1	1
56.2859	1	0	1	LastDelay	0	0	1	0
56.2948	21	0	1	LastDelay	0.0022	2200	1	1
56.2952	23	0	1	LastDelay	0	0	1	0
56.3283	10	0	1	LastDelay	0	0	1	0
56.3302	15	0	1	LastDelay	0	0	1	0
56.3681	20	0	1	LastDelay	0	0	1	0
56.4177	22	0	1	LastDelay	0.00333066	3330.66	1	1
56.426	35	0	1	LastDelay	0.0022958	2295.8	1	1
56.4389	29	0	1	LastDelay	0.00714162	7141.62	1	1
56.5432	34	0	1	LastDelay	0	0	1	0
56.752	37	0	1	LastDelay	0	0	1	0
56.9196	18	0	1	LastDelay	0	0	1	0
56.9429	14	0	1	LastDelay	0	0	1	0
56.9782	38	0	1	LastDelay	0	0	1	0
56.9897	36	0	1	LastDelay	0	0	1	0
57.042	19	0	1	LastDelay	0.00333111	3331.11	1	1
57.0486	40	0	1	LastDelay	0.00628703	6287.03	1	1
57.0676	16	0	1	LastDelay	0	0	1	0
57.0739	17	0	1	LastDelay	0.00110137	1101.37	1	1
57.1456	46	0	1	LastDelay	0.00333	3330	1	1
57.1612	4	0	1	LastDelay	0	0	1	0
57.1954	6	0	1	LastDelay	0	0	1	0
57.199	32	0	1	LastDelay	0	0	1	0
57.249	3	0	1	LastDelay	0	0	1	0
57.25	7	0	1	LastDelay	0	0	1	0
57.2848	42	0	1	LastDelay	0.00333	3330	1	1
57.2879	1	0	1	LastDelay	0.00196595	1965.95	1	1
57.2926	21	0	1	LastDelay	0	0	1	0
57.3433	15	0	1	LastDelay	0.0131624	13162.4	1	1
57.3736	20	0	1	LastDelay	0.00551212	5512.12	1	1
57.4143	22	0	1	LastDelay	0	0	1	0
57.4237	35	0	1	LastDelay	0	0	1	0
57.4318	29	0	1	LastDelay	0	0	1	0
57.5962	24	0	1	LastDelay	0.00333031	3330.31	1	1
57.8898	28	0	1	LastDelay	0.0052085	5208.5	1	1
57.923	18	0	1	LastDelay	0.00333071	3330.71	1	1
57.9463	14	0	1	LastDelay	0.00333016	3330.16	1	1
58.0386	19	0	1	LastDelay	0	0	1	0
58.0423	40	0	1	LastDelay	0	0	1	0
58.0716	11	0	1	LastDelay	0.00346269	3462.69	1	1
58.0728	17	0	1	LastDelay	0	0	1	0
58.1422	46	0	1	LastDelay	0	0	1	0
58.1972	13	0	1	LastDelay	0.00333013	3330.13	1	1
58.2568	12	0	1	LastDelay	0.00832304	8323.04	1	1
58.2815	42	0	1	LastDelay	0	0	1	0
58.2859	1	0	1	LastDelay	0	0	1	0
58.304	23	0	1	LastDelay	0.008856	8856	1	1
58.3302	15	0	1	LastDelay	0	0	1	0
58.3335	10	0	1	LastDelay	0.00520792	5207.92	1	1
58.3681	20	0	1	LastDelay	0	0	1	0
58.4254	22	0	1	LastDelay	0.0110252	11025.2	1	1
58.4388	29	0	1	LastDelay	0.00707481	7074.81	1	1
58.5929	24	0	1	LastDelay	0	0	1	0
58.8846	28	0	1	LastDelay	0	0	1	0
58.886	5	0	1	LastDelay	0.00334398	3343.98	1	1
58.9196	18	0	1	LastDelay	0	0	1	0
58.9429	14	0	1	LastDelay	0	0	1	0
59.0682	11	0	1	LastDelay	0	0	1	0
59.0754	17	0	1	LastDelay	0.00259906	2599.06	1	1
59.1646	4	0	1	LastDelay	0.0033301	3330.1	1	1
59.1939	13	0	1	LastDelay	0	0	1	0
59.243	0	0	1	LastDelay	0.0033301	3330.1	1	1
59.2485	12	0	1	LastDelay	0	0	1	0
59.2943	1	0	1	LastDelay	0.00836362	8363.62	1	1
59.2952	23	0	1	LastDelay	0	0	1	0
59.3283	10	0	1	LastDelay	0	0	1	0
59.4143	22	0	1	LastDelay	0	0	1	0
59.4318	29	0	1	LastDelay	0	0	1	0
59.5012	41	0	1	LastDelay	0.0033307	3330.7	1	1
59.547	34	0	1	LastDelay	0.003806	3806	1	1
59.8827	5	0	1	LastDelay	0	0	1	0
59.9931	36	0	1	LastDelay	0.003343	3343	1	1
60.042	19	0	1	LastDelay	0.00333027	3330.27	1	1
60.072	11	0	1	LastDelay	0.00379289	3792.89	1	1
60.0728	17	0	1	LastDelay	0	0	1	0
60.1612	4	0	1	LastDelay	0	0	1	0
60.1972	13	0	1	LastDelay	0.00333026	3330.26	1	1
60.2396	0	0	1	LastDelay	0	0	1	0
60.2848	42	0	1	LastDelay	0.00333026	3330.26	1	1
60.2859	1	0	1	LastDelay	0	0	1	0
60.3048	23	0	1	LastDelay	0.00963715	9637.16	1	1
60.335	15	0	1	LastDelay	0.00488633	4886.32	1	1
60.4275	35	0	1	LastDelay	0.0038581	3858.1	1	1
60.4341	29	0	1	LastDelay	0.00232809	2328.09	1	1
60.4979	41	0	1	LastDelay	0	0	1	0
60.5432	34	0	1	LastDelay	0	0	1	0
60.6348	30	0	1	LastDelay	0.00657112	6571.12	1	1
60.9897	36	0	1	LastDelay	0	0	1	0
61.0386	19	0	1	LastDelay	0	0	1	0
61.0456	40	0	1	LastDelay	0.00334314	3343.14	1	1
61.0682	11	0	1	LastDelay	0	0	1	0
61.074	17	0	1	LastDelay	0.00118739	1187.39	1	1
61.1646	4	0	1	LastDelay	0.0033301	3330.1	1	1
61.1939	13	0	1	LastDelay	0	0	1	0
61.243	0	0	1	LastDelay	0.0033301	3330.1	1	1
61.2681	12	0	1	LastDelay	0.0196198	19619.8	1	1
61.2815	42	0	1	LastDelay	0	0	1	0
61.2952	23	0	1	LastDelay	0	0	1	0
61.297	21	0	1	LastDelay	0.00435567	4355.67	1	1
61.3302	15	0	1	LastDelay	0	0	1	0
61.3726	20	0	1	LastDelay	0.0045247	4524.7	1	1
61.4237	35	0	1	LastDelay	0	0	1	0
61.4318	29	0	1	LastDelay	0	0	1	0
61.5962	24	0	1	LastDelay	0.00333073	3330.73	1	1
61.6283	30	0	1	LastDelay	0	0	1	0
61.886	5	0	1	LastDelay	0.00333016	3330.16	1	1
61.923	18	0	1	LastDelay	0.00333041	3330.41	1	1
61.9466	14	0	1	LastDelay	0.00360606	3606.06	1	1
62.0411	19	0	1	LastDelay	0.00241503	2415.03	1	1
62.0423	40	0	1	LastDelay	0	0	1	0
62.0709	11	0	1	LastDelay	0.00273737	2737.37	1	1
62.0709	16	0	1	LastDelay	0.0033302	3330.2	1	1
62.0728	17	0	1	LastDelay	0	0	1	0
62.1612	4	0	1	LastDelay	0	0	1	0
62.1995	6	0	1	LastDelay	0.00409308	4093.08	1	1
62.2396	0	0	1	LastDelay	0	0	1	0
62.2485	12	0	1	LastDelay	0	0	1	0
62.286	1	0	1	LastDelay	5.8742e-05	58.742	1	1
62.2926	21	0	1	LastDelay	0	0	1	0
62.3316	10	0	1	LastDelay	0.00333032	3330.32	1	1
62.3316	15	0	1	LastDelay	0.00144693	1446.93	1	1
62.3681	20	0	1	LastDelay	0	0	1	0
62.4242	35	0	1	LastDelay	0.000503228	503.228	1	1
62.5012	41	0	1	LastDelay	0.00333011	3330.11	1	1
62.5465	34	0	1	LastDelay	0.00334311	3343.11	1	1
62.5929	24	0	1	LastDelay	0	0	1	0
62.8827	5	0	1	LastDelay	0	0	1	0
62.9196	18	0	1	LastDelay	0	0	1	0
62.9429	14	0	1	LastDelay	0	0	1	0
63.0238	27	0	1	LastDelay	0.00333162	3331.62	1	1
63.0386	19	0	1	LastDelay	0	0	1	0
63.0676	16	0	1	LastDelay	0	0	1	0
63.0682	11	0	1	LastDelay	0	0	1	0
63.1456	46	0	1	LastDelay	0.003343	3343	1	1
63.1753	26	0	1	LastDelay	0.0022617	2261.7	1	1
63.1954	6	0	1	LastDelay	0	0	1	0
63.2003	13	0	1	LastDelay	0.0064253	6425.3	1	1
63.2472	44	0	1	LastDelay	0.00297068	2970.68	1	1
63.2508	12	0	1	LastDelay	0.00231861	2318.61	1	1
63.2612	3	0	1	LastDelay	0.0121897	12189.7	1	1
63.2849	42	0	1	LastDelay	0.00343316	3433.16	1	1
63.2859	1	0	1	LastDelay	0	0	1	0
63.2994	21	0	1	LastDelay	0.00679944	6799.44	1	1
63.3079	23	0	1	LastDelay	0.0127449	12744.9	1	1
63.3283	10	0	1	LastDelay	0	0	1	0
63.3302	15	0	1	LastDelay	0	0	1	0
63.3708	9	0	1	LastDelay	0.00335627	3356.27	1	1
63.374	20	0	1	LastDelay	0.00583688	5836.88	1	1
63.4237	35	0	1	LastDelay	0	0	1	0
63.4979	41	0	1	LastDelay	0	0	1	0
63.5432	34	0	1	LastDelay	0	0	1	0
63.8507	8	0	1	LastDelay	0.00333111	3331.11	1	1
63.8932	28	0	1	LastDelay	0.00863513	8635.13	1	1
63.9261	18	0	1	LastDelay	0.00646452	6464.52	1	1
63.9463	14	0	1	LastDelay	0.00333037	3330.37	1	1
63.9816	38	0	1	LastDelay	0.003356	3356	1	1
64.0205	27	0	1	LastDelay	0	0	1	0
64.0757	17	0	1	LastDelay	0.00282384	2823.84	1	1
64.0757	11	0	1	LastDelay	0.00748208	7482.08	1	1
64.1422	46	0	1	LastDelay	0	0	1	0
64.173	26	0	1	LastDelay	0	0	1	0
64.1939	13	0	1	LastDelay	0	0	1	0
64.1987	6	0	1	LastDelay	0.0033432	3343.2	1	1
64.2218	2	0	1	LastDelay	0.00827858	8278.58	1	1
64.2222	32	0	1	LastDelay	0.0231858	23185.8	1	1
64.243	0	0	1	LastDelay	0.00333016	3330.16	1	1
64.2443	44	0	1	LastDelay	0	0	1	0
64.2485	12	0	1	LastDelay	0	0	1	0
64.249	3	0	1	LastDelay	0	0	1	0
64.2604	7	0	1	LastDelay	0.0104062	10406.2	1	1
64.2815	42	0	1	LastDelay	0	0	1	0
64.2926	21	0	1	LastDelay	0	0	1	0
64.2952	23	0	1	LastDelay	0	0	1	0
64.3327	15	0	1	LastDelay	0.00249152	2491.52	1	1
64.3675	9	0	1	LastDelay	0	0	1	0
64.3681	20	0	1	LastDelay	0	0	1	0
64.4177	22	0	1	LastDelay	0.00333021	3330.21	1	1
64.5962	24	0	1	LastDelay	0.00333041	3330.41	1	1
64.8474	8	0	1	LastDelay	0	0	1	0
64.8846	28	0	1	LastDelay	0	0	1	0
64.886	5	0	1	LastDelay	0.00335605	3356.05	1	1
64.9196	18	0	1	LastDelay	0	0	1	0
64.9429	14	0	1	LastDelay	0	0	1	0
64.9782	38	0	1	LastDelay	0	0	1	0
64.993	36	0	1	LastDelay	0.00333125	3331.25	1	1
65.0682	11	0	1	LastDelay	0	0	1	0
65.0728	17	0	1	LastDelay	0	0	1	0
65.0735	16	0	1	LastDelay	0.00589348	5893.48	1	1
65.1646	4	0	1	LastDelay	0.00333005	3330.05	1	1
65.1749	26	0	1	LastDelay	0.0019041	1904.11	1	1
65.1954	6	0	1	LastDelay	0	0	1	0
65.199	32	0	1	LastDelay	0	0	1	0
65.2136	2	0	1	LastDelay	0	0	1	0
65.2396	0	0	1	LastDelay	0	0	1	0
65.2488	12	0	1	LastDelay	0.000371128	371.128	1	1
65.25	7	0	1	LastDelay	0	0	1	0
65.2848	42	0	1	LastDelay	0.00333	3330	1	1
65.2907	1	0	1	LastDelay	0.00475272	4752.72	1	1
65.3029	23	0	1	LastDelay	0.00767887	7678.87	1	1
65.3302	15	0	1	LastDelay	0	0	1	0
65.3708	20	0	1	LastDelay	0.00267663	2676.63	1	1
65.4143	22	0	1	LastDelay	0	0	1	0
65.5012	41	0	1	LastDelay	0.00333	3330	1	1
65.5929	24	0	1	LastDelay	0	0	1	0
65.8827	5	0	1	LastDelay	0	0	1	0
65.8879	28	0	1	LastDelay	0.00333171	3331.71	1	1
65.923	18	0	1	LastDelay	0.0033301	3330.1	1	1
65.9897	36	0	1	LastDelay	0	0	1	0
66.0432	40	0	1	LastDelay	0.000956648	956.648	1	1
66.0676	16	0	1	LastDelay	0	0	1	0
66.0764	17	0	1	LastDelay	0.00356011	3560.11	1	1
66.1456	46	0	1	LastDelay	0.003382	3382	1	1
66.1612	4	0	1	LastDelay	0	0	1	0
66.173	26	0	1	LastDelay	0	0	1	0
66.2125	6	0	1	LastDelay	0.0170813	17081.3	1	1
66.243	0	0	1	LastDelay	0.0033301	3330.1	1	1
66.2485	12	0	1	LastDelay	0	0	1	0
66.2815	42	0	1	LastDelay	0	0	1	0
66.2859	1	0	1	LastDelay	0	0	1	0
66.2952	23	0	1	LastDelay	0	0	1	0
66.2963	21	0	1	LastDelay	0.00368631	3686.31	1	1
66.3316	15	0	1	LastDelay	0.00144667	1446.67	1	1
66.3316	10	0	1	LastDelay	0.00333015	3330.15	1	1
66.3681	20	0	1	LastDelay	0	0	1	0
66.4347	29	0	1	LastDelay	0.00294177	2941.77	1	1
66.4979	41	0	1	LastDelay	0	0	1	0
66.5465	34	0	1	LastDelay	0.00333	3330	1	1
66.8846	28	0	1	LastDelay	0	0	1	0
66.9149	25	0	1	LastDelay	0.0108885	10888.5	1	1
66.9196	18	0	1	LastDelay	0	0	1	0
66.993	36	0	1	LastDelay	0.00333	3330	1	1
67.0423	40	0	1	LastDelay	0	0	1	0
67.0728	17	0	1	LastDelay	0	0	1	0
67.0747	11	0	1	LastDelay	0.00654473	6544.73	1	1
67.1422	46	0	1	LastDelay	0	0	1	0
67.1746	26	0	1	LastDelay	0.00154849	1548.49	1	1
67.1954	6	0	1	LastDelay	0	0	1	0
67.2052	13	0	1	LastDelay	0.011295	11295	1	1
67.2396	0	0	1	LastDelay	0	0	1	0
67.2898	1	0	1	LastDelay	0.00384141	3841.41	1	1
67.2926	21	0	1	LastDelay	0	0	1	0
67.3283	10	0	1	LastDelay	0	0	1	0
67.3302	15	0	1	LastDelay	0	0	1	0
67.4177	22	0	1	LastDelay	0.00338295	3382.95	1	1
67.4277	35	0	1	LastDelay	0.00398127	3981.27	1	1
67.4318	29	0	1	LastDelay	0	0	1	0
67.5432	34	0	1	LastDelay	0	0	1	0
67.904	25	0	1	LastDelay	0	0	1	0
67.9897	36	0	1	LastDelay	0	0	1	0
68.0238	27	0	1	LastDelay	0.00333068	3330.68	1	1
68.0427	40	0	1	LastDelay	0.000373223	373.223	1	1
68.0682	11	0	1	LastDelay	0	0	1	0
68.0709	16	0	1	LastDelay	0.0033308	3330.8	1	1
68.0758	17	0	1	LastDelay	0.0029314	2931.4	1	1
68.173	26	0	1	LastDelay	0	0	1	0
68.1939	13	0	1	LastDelay	0	0	1	0
68.2544	12	0	1	LastDelay	0.00590254	5902.54	1	1
68.2848	42	0	1	LastDelay	0.00333011	3330.11	1	1
68.2859	1	0	1	LastDelay	0	0	1	0
68.2966	23	0	1	LastDelay	0.00146094	1460.93	1	1
68.3316	10	0	1	LastDelay	0.00333025	3330.25	1	1
68.3316	15	0	1	LastDelay	0.00144687	1446.87	1	1
68.3727	20	0	1	LastDelay	0.00460392	4603.92	1	1
68.4143	22	0	1	LastDelay	0	0	1	0
68.4237	35	0	1	LastDelay	0	0	1	0
68.4351	29	0	1	LastDelay	0.00333097	3330.97	1	1
68.5497	34	0	1	LastDelay	0.00645199	6451.99	1	1
68.886	5	0	1	LastDelay	0.00333002	3330.02	1	1
68.8991	28	0	1	LastDelay	0.0145459	14545.9	1	1
68.9067	25	0	1	LastDelay	0.00268551	2685.51	1	1
68.9209	18	0	1	LastDelay	0.00123017	1230.17	1	1
68.9445	14	0	1	LastDelay	0.00158877	1588.77	1	1
68.993	36	0	1	LastDelay	0.00333	3330	1	1
69.0205	27	0	1	LastDelay	0	0	1	0
69.0423	40	0	1	LastDelay	0	0	1	0
69.0676	16	0	1	LastDelay	0	0	1	0
69.0728	17	0	1	LastDelay	0	0	1	0
69.1456	46	0	1	LastDelay	0.00333004	3330.04	1	1
69.1815	26	0	1	LastDelay	0.00845111	8451.11	1	1
69.1976	6	0	1	LastDelay	0.00224284	2242.84	1	1
69.2076	13	0	1	LastDelay	0.0137704	13770.4	1	1
69.2441	0	0	1	LastDelay	0.00450739	4507.4	1	1
69.2485	12	0	1	LastDelay	0	0	1	0
69.2534	7	0	1	LastDelay	0.0033431	3343.1	1	1
69.2815	42	0	1	LastDelay	0	0	1	0
69.2909	1	0	1	LastDelay	0.00500888	5008.88	1	1
69.2952	23	0	1	LastDelay	0	0	1	0
69.3283	10	0	1	LastDelay	0	0	1	0
69.3302	15	0	1	LastDelay	0	0	1	0
69.3681	20	0	1	LastDelay	0	0	1	0
69.4318	29	0	1	LastDelay	0	0	1	0
69.4383	35	0	1	LastDelay	0.014599	14599	1	1
69.5432	34	0	1	LastDelay	0	0	1	0
69.5962	24	0	1	LastDelay	0.00333091	3330.91	1	1
69.6316	30	0	1	LastDelay	0.00333024	3330.24	1	1
69.8827	5	0	1	LastDelay	0	0	1	0
69.8846	28	0	1	LastDelay	0	0	1	0
69.904	25	0	1	LastDelay	0	0	1	0
69.9196	18	0	1	LastDelay	0	0	1	0
69.9429	14	0	1	LastDelay	0	0	1	0
69.9897	36	0	1	LastDelay	0	0	1	0
70.0423	40	0	1	LastDelay	5.6927e-05	56.927	1	1
70.0769	16	0	1	LastDelay	0.00936202	9362.02	1	1
70.0769	17	0	1	LastDelay	0.00411111	4111.11	1	1
70.1422	46	0	1	LastDelay	0	0	1	0
70.173	26	0	1	LastDelay	0	0	1	0
70.1939	13	0	1	LastDelay	0	0	1	0
70.1954	6	0	1	LastDelay	0	0	1	0
70.2396	0	0	1	LastDelay	0	0	1	0
70.25	7	0	1	LastDelay	0	0	1	0
70.2848	42	0	1	LastDelay	0.00333	3330	1	1
70.2859	1	0	1	LastDelay	0	0	1	0
70.2986	23	0	1	LastDelay	0.00346854	3468.54	1	1
70.3069	21	0	1	LastDelay	0.0143036	14303.6	1	1
70.3316	15	0	1	LastDelay	0.00147267	1472.67	1	1
70.3316	10	0	1	LastDelay	0.0033561	3356.1	1	1
70.3715	20	0	1	LastDelay	0.00334321	3343.21	1	1
70.4237	35	0	1	LastDelay	0	0	1	0
70.4354	29	0	1	LastDelay	0.00360102	3601.02	1	1
70.5012	41	0	1	LastDelay	0.00333	3330	1	1
70.5929	24	0	1	LastDelay	0	0	1	0
70.6283	30	0	1	LastDelay	0	0	1	0
70.886	5	0	1	LastDelay	0.00333006	3330.06	1	1
70.8891	28	0	1	LastDelay	0.0045221	4522.1	1	1
70.9129	25	0	1	LastDelay	0.00883832	8838.32	1	1
70.9363	18	0	1	LastDelay	0.016718	16718	1	1
70.9431	14	0	1	LastDelay	0.000148346	148.346	1	1
70.9937	36	0	1	LastDelay	0.00403167	4031.67	1	1
71.0269	27	0	1	LastDelay	0.00642536	6425.36	1	1
71.0423	40	0	1	LastDelay	0	0	1	0
71.0495	19	0	1	LastDelay	0.0108551	10855.1	1	1
71.0676	16	0	1	LastDelay	0	0	1	0
71.0728	17	0	1	LastDelay	0	0	1	0
71.1626	4	0	1	LastDelay	0.00140507	1405.07	1	1
71.1765	26	0	1	LastDelay	0.0034189	3418.9	1	1
71.2032	6	0	1	LastDelay	0.00779183	7791.83	1	1
71.2442	0	0	1	LastDelay	0.00457287	4572.87	1	1
71.2601	12	0	1	LastDelay	0.0116334	11633.4	1	1
71.2604	7	0	1	LastDelay	0.0103946	10394.6	1	1
71.2815	42	0	1	LastDelay	0	0	1	0
71.2926	21	0	1	LastDelay	0	0	1	0
71.2952	23	0	1	LastDelay	0	0	1	0
71.3283	10	0	1	LastDelay	0	0	1	0
71.3302	15	0	1	LastDelay	0	0	1	0
71.3681	20	0	1	LastDelay	0	0	1	0
71.4177	22	0	1	LastDelay	0.00333108	3331.08	1	1
71.4274	35	0	1	LastDelay	0.00374396	3743.96	1	1
71.4318	29	0	1	LastDelay	0	0	1	0
71.4979	41	0	1	LastDelay	0	0	1	0
71.5962	24	0	1	LastDelay	0.00333039	3330.39	1	1
71.6348	30	0	1	LastDelay	0.00655813	6558.13	1	1
71.8827	5	0	1	LastDelay	0	0	1	0
71.8846	28	0	1	LastDelay	0	0	1	0
71.904	25	0	1	LastDelay	0	0	1	0
71.9196	18	0	1	LastDelay	0	0	1	0
71.9429	14	0	1	LastDelay	0	0	1	0
71.9897	36	0	1	LastDelay	0	0	1	0
72.0205	27	0	1	LastDelay	0	0	1	0
72.0386	19	0	1	LastDelay	0	0	1	0
72.0456	40	0	1	LastDelay	0.00333013	3330.13	1	1
72.0709	11	0	1	LastDelay	0.00273727	2737.27	1	1
72.0709	16	0	1	LastDelay	0.00333006	3330.06	1	1
72.0744	17	0	1	LastDelay	0.00154338	1543.38	1	1
72.1456	46	0	1	LastDelay	0.003343	3343	1	1
72.1612	4	0	1	LastDelay	0	0	1	0
72.173	26	0	1	LastDelay	0	0	1	0
72.1954	6	0	1	LastDelay	0	0	1	0
72.1972	13	0	1	LastDelay	0.00333026	3330.26	1	1
72.2396	0	0	1	LastDelay	0	0	1	0
72.2485	12	0	1	LastDelay	0	0	1	0
72.25	7	0	1	LastDelay	0	0	1	0
72.2886	1	0	1	LastDelay	0.00269012	2690.12	1	1
72.3131	23	0	1	LastDelay	0.0179411	17941.1	1	1
72.3303	10	0	1	LastDelay	0.00206084	2060.84	1	1
72.3303	15	0	1	LastDelay	0.000177455	177.455	1	1
72.3688	20	0	1	LastDelay	0.00066729	667.29	1	1
72.4143	22	0	1	LastDelay	0	0	1	0
72.4237	35	0	1	LastDelay	0	0	1	0
72.5012	41	0	1	LastDelay	0.00333	3330	1	1
72.5465	34	0	1	LastDelay	0.00334306	3343.06	1	1
72.5929	24	0	1	LastDelay	0	0	1	0
72.6283	30	0	1	LastDelay	0	0	1	0
72.886	5	0	1	LastDelay	0.00333015	3330.15	1	1
72.886	28	0	1	LastDelay	0.00141348	1413.48	1	1
72.9068	25	0	1	LastDelay	0.00281517	2815.16	1	1
72.9213	18	0	1	LastDelay	0.00167623	1676.23	1	1
72.9445	14	0	1	LastDelay	0.00155998	1559.98	1	1
73.0269	27	0	1	LastDelay	0.00643825	6438.25	1	1
73.0423	40	0	1	LastDelay	0	0	1	0
73.0676	16	0	1	LastDelay	0	0	1	0
73.0682	11	0	1	LastDelay	0	0	1	0
73.0728	17	0	1	LastDelay	0	0	1	0
73.1422	46	0	1	LastDelay	0	0	1	0
73.1752	26	0	1	LastDelay	0.00218235	2182.36	1	1
73.1939	13	0	1	LastDelay	0	0	1	0
73.1978	6	0	1	LastDelay	0.00236251	2362.51	1	1
73.2077	32	0	1	LastDelay	0.0087052	8705.2	1	1
73.2433	0	0	1	LastDelay	0.00367574	3675.74	1	1
73.2499	12	0	1	LastDelay	0.00145041	1450.41	1	1
73.2602	7	0	1	LastDelay	0.0101331	10133.1	1	1
73.2623	44	0	1	LastDelay	0.0180426	18042.6	1	1
73.2623	3	0	1	LastDelay	0.0132635	13263.5	1	1
73.2859	1	0	1	LastDelay	0	0	1	0
73.286	42	0	1	LastDelay	0.00449671	4496.71	1	1
73.2952	23	0	1	LastDelay	0	0	1	0
73.2966	21	0	1	LastDelay	0.00398802	3988.02	1	1
73.3283	10	0	1	LastDelay	0	0	1	0
73.3302	15	0	1	LastDelay	0	0	1	0
73.3681	20	0	1	LastDelay	0	0	1	0
73.3709	9	0	1	LastDelay	0.0034474	3447.4	1	1
73.4426	29	0	1	LastDelay	0.0108216	10821.6	1	1
73.4979	41	0	1	LastDelay	0	0	1	0
73.5122	33	0	1	LastDelay	0.00987851	9878.51	1	1
73.5432	34	0	1	LastDelay	0	0	1	0
73.5962	24	0	1	LastDelay	0.00333071	3330.71	1	1
73.8508	8	0	1	LastDelay	0.00334354	3343.54	1	1
73.8827	5	0	1	LastDelay	0	0	1	0
73.8846	28	0	1	LastDelay	0	0	1	0
73.904	25	0	1	LastDelay	0	0	1	0
73.9196	18	0	1	LastDelay	0	0	1	0
73.9429	14	0	1	LastDelay	0	0	1	0
73.9816	38	0	1	LastDelay	0.00340811	3408.11	1	1
73.993	36	0	1	LastDelay	0.00333	3330	1	1
74.0205	27	0	1	LastDelay	0	0	1	0
74.0423	40	0	1	LastDelay	4.2782e-05	42.782	1	1
74.0709	11	0	1	LastDelay	0.00273758	2737.58	1	1
74.0709	16	0	1	LastDelay	0.00333041	3330.41	1	1
74.074	17	0	1	LastDelay	0.00117439	1174.39	1	1
74.1489	46	0	1	LastDelay	0.006649	6649	1	1
74.1646	4	0	1	LastDelay	0.00333012	3330.12	1	1
74.173	26	0	1	LastDelay	0	0	1	0
74.1954	6	0	1	LastDelay	0	0	1	0
74.199	32	0	1	LastDelay	0	0	1	0
74.2396	0	0	1	LastDelay	0	0	1	0
74.2443	44	0	1	LastDelay	0	0	1	0
74.2485	12	0	1	LastDelay	0	0	1	0
74.249	3	0	1	LastDelay	0	0	1	0
74.25	7	0	1	LastDelay	0	0	1	0
74.2815	42	0	1	LastDelay	0	0	1	0
74.2926	21	0	1	LastDelay	0	0	1	0
74.3316	10	0	1	LastDelay	0.00333005	3330.05	1	1
74.3316	15	0	1	LastDelay	0.00144669	1446.69	1	1
74.3675	9	0	1	LastDelay	0	0	1	0
74.4318	29	0	1	LastDelay	0	0	1	0
74.5023	33	0	1	LastDelay	0	0	1	0
74.5929	24	0	1	LastDelay	0	0	1	0
74.6316	30	0	1	LastDelay	0.00333078	3330.78	1	1
74.8474	8	0	1	LastDelay	0	0	1	0
74.9017	28	0	1	LastDelay	0.0171074	17107.4	1	1
74.9214	18	0	1	LastDelay	0.00175159	1751.59	1	1
74.9499	14	0	1	LastDelay	0.0069088	6908.8	1	1
74.9782	38	0	1	LastDelay	0	0	1	0
74.9897	36	0	1	LastDelay	0	0	1	0
75.0238	27	0	1	LastDelay	0.00333019	3330.19	1	1
75.042	19	0	1	LastDelay	0.00335613	3356.13	1	1
75.0423	40	0	1	LastDelay	0	0	1	0
75.0676	16	0	1	LastDelay	0	0	1	0
75.0682	11	0	1	LastDelay	0	0	1	0
75.0728	17	0	1	LastDelay	0	0	1	0
75.1422	46	0	1	LastDelay	0	0	1	0
75.1612	4	0	1	LastDelay	0	0	1	0
75.1764	26	0	1	LastDelay	0.00334307	3343.07	1	1
75.208	32	0	1	LastDelay	0.00893935	8939.35	1	1
75.2402	0	0	1	LastDelay	0.000517471	517.471	1	1
75.2495	3	0	1	LastDelay	0.000459815	459.815	1	1
75.2495	44	0	1	LastDelay	0.00523899	5238.99	1	1
75.2565	12	0	1	LastDelay	0.00804923	8049.23	1	1
75.2873	1	0	1	LastDelay	0.00137568	1375.68	1	1
75.3025	23	0	1	LastDelay	0.00734888	7348.88	1	1
75.3283	10	0	1	LastDelay	0	0	1	0
75.3302	15	0	1	LastDelay	0	0	1	0
75.3709	9	0	1	LastDelay	0.00342127	3421.27	1	1
75.3743	20	0	1	LastDelay	0.0061819	6181.9	1	1
75.4177	22	0	1	LastDelay	0.00333017	3330.17	1	1
75.4386	29	0	1	LastDelay	0.00684278	6842.78	1	1
75.5962	24	0	1	LastDelay	0.00333016	3330.16	1	1
75.6283	30	0	1	LastDelay	0	0	1	0
75.8846	28	0	1	LastDelay	0	0	1	0
75.9049	25	0	1	LastDelay	0.000916043	916.043	1	1
75.9196	18	0	1	LastDelay	0	0	1	0
75.9429	14	0	1	LastDelay	0	0	1	0
75.9816	38	0	1	LastDelay	0.00344727	3447.27	1	1
75.9931	36	0	1	LastDelay	0.00340813	3408.13	1	1
76.0205	27	0	1	LastDelay	0	0	1	0
76.0386	19	0	1	LastDelay	0	0	1	0
76.0456	40	0	1	LastDelay	0.00333	3330	1	1
76.0713	11	0	1	LastDelay	0.00310648	3106.48	1	1
76.0744	17	0	1	LastDelay	0.00154361	1543.61	1	1
76.1456	46	0	1	LastDelay	0.003343	3343	1	1
76.173	26	0	1	LastDelay	0	0	1	0
76.199	32	0	1	LastDelay	0	0	1	0
76.2048	6	0	1	LastDelay	0.0093965	9396.5	1	1
76.2396	0	0	1	LastDelay	0	0	1	0
76.2443	44	0	1	LastDelay	0	0	1	0
76.2485	12	0	1	LastDelay	0	0	1	0
76.249	3	0	1	LastDelay	0	0	1	0
76.2534	7	0	1	LastDelay	0.0033561	3356.1	1	1
76.2848	42	0	1	LastDelay	0.00333011	3330.11	1	1
76.2859	1	0	1	LastDelay	0	0	1	0
76.2952	23	0	1	LastDelay	0	0	1	0
76.3316	10	0	1	LastDelay	0.00333006	3330.06	1	1
76.3316	15	0	1	LastDelay	0.0014467	1446.7	1	1
76.3675	9	0	1	LastDelay	0	0	1	0
76.3681	20	0	1	LastDelay	0	0	1	0
76.4143	22	0	1	LastDelay	0	0	1	0
76.4318	29	0	1	LastDelay	0	0	1	0
76.5012	41	0	1	LastDelay	0.00333	3330	1	1
76.5929	24	0	1	LastDelay	0	0	1	0
76.8943	28	0	1	LastDelay	0.00972863	9728.63	1	1
76.904	25	0	1	LastDelay	0	0	1	0
76.9198	18	0	1	LastDelay	0.000144645	144.645	1	1
76.9468	14	0	1	LastDelay	0.00383381	3833.81	1	1
76.9782	38	0	1	LastDelay	0	0	1	0
76.9897	36	0	1	LastDelay	0	0	1	0
77.0238	27	0	1	LastDelay	0.00333022	3330.22	1	1
77.0423	40	0	1	LastDelay	0	0	1	0
77.0446	19	0	1	LastDelay	0.00591789	5917.89	1	1
77.0682	11	0	1	LastDelay	0	0	1	0
77.0728	17	0	1	LastDelay	0	0	1	0
77.1422	46	0	1	LastDelay	0	0	1	0
77.1815	26	0	1	LastDelay	0.00847649	8476.49	1	1
77.1954	6	0	1	LastDelay	0	0	1	0
77.1972	13	0	1	LastDelay	0.00333026	3330.26	1	1
77.243	0	0	1	LastDelay	0.00333041	3330.41	1	1
77.25	7	0	1	LastDelay	0	0	1	0
77.258	12	0	1	LastDelay	0.00951753	9517.53	1	1
77.2815	42	0	1	LastDelay	0	0	1	0
77.2978	21	0	1	LastDelay	0.00515364	5153.64	1	1
77.2978	23	0	1	LastDelay	0.00258532	2585.32	1	1
77.3283	10	0	1	LastDelay	0	0	1	0
77.3302	15	0	1	LastDelay	0	0	1	0
77.3715	20	0	1	LastDelay	0.00334344	3343.44	1	1
77.4279	35	0	1	LastDelay	0.00424822	4248.22	1	1
77.4344	29	0	1	LastDelay	0.00264934	2649.34	1	1
77.4979	41	0	1	LastDelay	0	0	1	0
77.6316	30	0	1	LastDelay	0.00334459	3344.59	1	1
77.8846	28	0	1	LastDelay	0	0	1	0
77.886	5	0	1	LastDelay	0.00333018	3330.18	1	1
77.9057	25	0	1	LastDelay	0.00168111	1681.11	1	1
77.9196	18	0	1	LastDelay	0	0	1	0
77.9429	14	0	1	LastDelay	0	0	1	0
78.0205	27	0	1	LastDelay	0	0	1	0
78.0386	19	0	1	LastDelay	0	0	1	0
78.0712	11	0	1	LastDelay	0.00306768	3067.68	1	1
78.0712	16	0	1	LastDelay	0.00366051	3660.51	1	1
78.0805	17	0	1	LastDelay	0.00769674	7696.74	1	1
78.173	26	0	1	LastDelay	0	0	1	0
78.1939	13	0	1	LastDelay	0	0	1	0
78.2396	0	0	1	LastDelay	0	0	1	0
78.2485	12	0	1	LastDelay	0	0	1	0
78.2662	31	0	1	LastDelay	0.00414806	4148.06	1	1
78.2893	1	0	1	LastDelay	0.00339088	3390.88	1	1
78.2926	21	0	1	LastDelay	0	0	1	0
78.2952	23	0	1	LastDelay	0	0	1	0
78.3347	15	0	1	LastDelay	0.0045549	4554.9	1	1
78.3681	20	0	1	LastDelay	0	0	1	0
78.3787	43	0	1	LastDelay	0.00340938	3409.38	1	1
78.4237	35	0	1	LastDelay	0	0	1	0
78.4318	29	0	1	LastDelay	0	0	1	0
78.5465	34	0	1	LastDelay	0.00333054	3330.54	1	1
78.6283	30	0	1	LastDelay	0	0	1	0
78.7554	37	0	1	LastDelay	0.00348737	3487.37	1	1
78.8827	5	0	1	LastDelay	0	0	1	0
78.904	25	0	1	LastDelay	0	0	1	0
78.9463	14	0	1	LastDelay	0.00333032	3330.32	1	1
79.0453	40	0	1	LastDelay	0.00296424	2964.24	1	1
79.0676	16	0	1	LastDelay	0	0	1	0
79.0682	11	0	1	LastDelay	0	0	1	0
79.0728	17	0	1	LastDelay	0	0	1	0
79.1456	46	0	1	LastDelay	0.00333011	3330.11	1	1
79.1736	26	0	1	LastDelay	0.000538207	538.207	1	1
79.1972	13	0	1	LastDelay	0.00333024	3330.24	1	1
79.2034	6	0	1	LastDelay	0.00800545	8005.45	1	1
79.2498	12	0	1	LastDelay	0.00139421	1394.21	1	1
79.2541	7	0	1	LastDelay	0.00408259	4082.59	1	1
79.262	31	0	1	LastDelay	0	0	1	0
79.2848	42	0	1	LastDelay	0.00333	3330	1	1
79.2859	1	0	1	LastDelay	0	0	1	0
79.2973	23	0	1	LastDelay	0.00207968	2079.68	1	1
79.3302	15	0	1	LastDelay	0	0	1	0
79.3714	20	0	1	LastDelay	0.00333002	3330.02	1	1
79.3753	43	0	1	LastDelay	0	0	1	0
79.4208	22	0	1	LastDelay	0.00642545	6425.45	1	1
79.4332	35	0	1	LastDelay	0.00950717	9507.17	1	1
79.4435	29	0	1	LastDelay	0.0117879	11787.9	1	1
79.5432	34	0	1	LastDelay	0	0	1	0
79.5962	24	0	1	LastDelay	0.00333005	3330.05	1	1
79.752	37	0	1	LastDelay	0	0	1	0
79.8928	28	0	1	LastDelay	0.00821082	8210.82	1	1
79.8928	5	0	1	LastDelay	0.0101279	10127.9	1	1
79.9125	25	0	1	LastDelay	0.00843824	8438.24	1	1
79.9197	18	0	1	LastDelay	6.4427e-05	64.427	1	1
79.9429	14	0	1	LastDelay	0	0	1	0
80.0238	27	0	1	LastDelay	0.00333021	3330.21	1	1
80.0423	40	0	1	LastDelay	0	0	1	0
80.0711	11	0	1	LastDelay	0.00287334	2873.34	1	1
80.0746	17	0	1	LastDelay	0.00173155	1731.55	1	1
80.1422	46	0	1	LastDelay	0	0	1	0
80.162	4	0	1	LastDelay	0.000757373	757.373	1	1
80.173	26	0	1	LastDelay	0	0	1	0
80.1939	13	0	1	LastDelay	0	0	1	0
80.1954	6	0	1	LastDelay	0	0	1	0
80.2013	32	0	1	LastDelay	0.00230606	2306.06	1	1
80.243	0	0	1	LastDelay	0.00333041	3330.41	1	1
80.2485	12	0	1	LastDelay	0	0	1	0
80.25	7	0	1	LastDelay	0	0	1	0
80.2636	31	0	1	LastDelay	0.00158826	1588.26	1	1
80.2815	42	0	1	LastDelay	0	0	1	0
80.2943	21	0	1	LastDelay	0.00169689	1696.89	1	1
80.2952	23	0	1	LastDelay	0	0	1	0
80.3317	10	0	1	LastDelay	0.00342929	3429.29	1	1
80.3317	15	0	1	LastDelay	0.00154594	1545.93	1	1
80.3681	20	0	1	LastDelay	0	0	1	0
80.4143	22	0	1	LastDelay	0	0	1	0
80.4237	35	0	1	LastDelay	0	0	1	0
80.4318	29	0	1	LastDelay	0	0	1	0
80.5225	33	0	1	LastDelay	0.0202379	20237.9	1	1
80.5465	34	0	1	LastDelay	0.00333181	3331.81	1	1
80.5929	24	0	1	LastDelay	0	0	1	0
80.7554	37	0	1	LastDelay	0.00348765	3487.65	1	1
80.8507	8	0	1	LastDelay	0.0033317	3331.7	1	1
80.8827	5	0	1	LastDelay	0	0	1	0
80.8846	28	0	1	LastDelay	0	0	1	0
80.904	25	0	1	LastDelay	0	0	1	0
80.9196	18	0	1	LastDelay	0	0	1	0
80.9463	14	0	1	LastDelay	0.00333021	3330.21	1	1
80.9827	38	0	1	LastDelay	0.00448823	4488.23	1	1
81.0205	27	0	1	LastDelay	0	0	1	0
81.0682	11	0	1	LastDelay	0	0	1	0
81.0709	16	0	1	LastDelay	0.00333004	3330.04	1	1
81.0728	17	0	1	LastDelay	0	0	1	0
81.1612	4	0	1	LastDelay	0	0	1	0
81.1764	26	0	1	LastDelay	0.00333007	3330.07	1	1
81.199	32	0	1	LastDelay	0	0	1	0
81.1991	6	0	1	LastDelay	0.00370433	3704.33	1	1
81.2298	2	0	1	LastDelay	0.0161965	16196.5	1	1
81.2396	0	0	1	LastDelay	0	0	1	0
81.256	3	0	1	LastDelay	0.00692489	6924.89	1	1
81.262	31	0	1	LastDelay	0	0	1	0
81.2815	42	0	1	LastDelay	2.6879e-05	26.879	1	1
81.2926	21	0	1	LastDelay	0	0	1	0
81.2985	23	0	1	LastDelay	0.00333035	3330.35	1	1
81.3283	10	0	1	LastDelay	0	0	1	0
81.3302	15	0	1	LastDelay	0	0	1	0
81.3787	43	0	1	LastDelay	0.00336924	3369.24	1	1
81.4348	29	0	1	LastDelay	0.00308748	3087.48	1	1
81.5023	33	0	1	LastDelay	0	0	1	0
81.5432	34	0	1	LastDelay	0	0	1	0
81.5962	24	0	1	LastDelay	0.0033305	3330.5	1	1
81.6316	30	0	1	LastDelay	0.00333105	3331.05	1	1
81.752	37	0	1	LastDelay	0	0	1	0
81.8474	8	0	1	LastDelay	0	0	1	0
81.886	5	0	1	LastDelay	0.00333004	3330.04	1	1
81.886	28	0	1	LastDelay	0.00141301	1413.01	1	1
81.9139	25	0	1	LastDelay	0.00983315	9833.16	1	1
81.9429	14	0	1	LastDelay	0	0	1	0
81.9782	38	0	1	LastDelay	0	0	1	0
81.993	36	0	1	LastDelay	0.00333009	3330.09	1	1
82.0238	27	0	1	LastDelay	0.00333013	3330.13	1	1
82.0472	40	0	1	LastDelay	0.00493314	4933.14	1	1
82.0676	16	0	1	LastDelay	0	0	1	0
82.0794	17	0	1	LastDelay	0.00656018	6560.18	1	1
82.1456	46	0	1	LastDelay	0.0033431	3343.1	1	1
82.173	26	0	1	LastDelay	0	0	1	0
82.1954	6	0	1	LastDelay	0	0	1	0
82.2136	2	0	1	LastDelay	0	0	1	0
82.249	3	0	1	LastDelay	0	0	1	0
82.2509	12	0	1	LastDelay	0.00243646	2436.46	1	1
82.2633	31	0	1	LastDelay	0.00126374	1263.74	1	1
82.2637	7	0	1	LastDelay	0.0136967	13696.7	1	1
82.2815	42	0	1	LastDelay	0	0	1	0
82.2914	1	0	1	LastDelay	0.00543344	5433.44	1	1
82.2952	23	0	1	LastDelay	0	0	1	0
82.2957	21	0	1	LastDelay	0.00309033	3090.33	1	1
82.3321	10	0	1	LastDelay	0.00378317	3783.17	1	1
82.3359	15	0	1	LastDelay	0.00569392	5693.92	1	1
82.3716	20	0	1	LastDelay	0.00351394	3513.94	1	1
82.3753	43	0	1	LastDelay	0	0	1	0
82.428	35	0	1	LastDelay	0.00431038	4310.38	1	1
82.4318	29	0	1	LastDelay	0	0	1	0
82.5465	34	0	1	LastDelay	0.00333061	3330.61	1	1
82.5929	24	0	1	LastDelay	0	0	1	0
82.6283	30	0	1	LastDelay	0	0	1	0
82.8827	5	0	1	LastDelay	0	0	1	0
82.8846	28	0	1	LastDelay	0	0	1	0
82.904	25	0	1	LastDelay	0	0	1	0
82.9455	14	0	1	LastDelay	0.00257268	2572.68	1	1
82.9897	36	0	1	LastDelay	0	0	1	0
83.0205	27	0	1	LastDelay	0	0	1	0
83.042	19	0	1	LastDelay	0.00333013	3330.13	1	1
83.0423	40	0	1	LastDelay	0	0	1	0
83.0713	11	0	1	LastDelay	0.00309384	3093.84	1	1
83.0728	17	0	1	LastDelay	0	0	1	0
83.1422	46	0	1	LastDelay	0	0	1	0
83.1646	4	0	1	LastDelay	0.00334322	3343.22	1	1
83.2007	6	0	1	LastDelay	0.00535284	5352.84	1	1
83.2007	32	0	1	LastDelay	0.00170873	1708.73	1	1
83.207	13	0	1	LastDelay	0.0130952	13095.2	1	1
83.2412	0	0	1	LastDelay	0.00151349	1513.49	1	1
83.2485	12	0	1	LastDelay	0	0	1	0
83.25	7	0	1	LastDelay	0	0	1	0
83.262	31	0	1	LastDelay	0	0	1	0
83.2859	1	0	1	LastDelay	0	0	1	0
83.2926	21	0	1	LastDelay	0	0	1	0
83.296	23	0	1	LastDelay	0.000792067	792.067	1	1
83.3283	10	0	1	LastDelay	0	0	1	0
83.3302	15	0	1	LastDelay	0	0	1	0
83.3681	20	0	1	LastDelay	0	0	1	0
83.4237	35	0	1	LastDelay	0	0	1	0
83.4346	29	0	1	LastDelay	0.00287138	2871.39	1	1
83.5063	33	0	1	LastDelay	0.00400379	4003.79	1	1
83.5432	34	0	1	LastDelay	0	0	1	0
83.886	5	0	1	LastDelay	0.00333005	3330.05	1	1
83.886	28	0	1	LastDelay	0.001413	1413	1	1
83.9207	25	0	1	LastDelay	0.016649	16649	1	1
83.921	18	0	1	LastDelay	0.00134445	1344.45	1	1
83.9429	14	0	1	LastDelay	0	0	1	0
84.0238	27	0	1	LastDelay	0.00333015	3330.15	1	1
84.0386	19	0	1	LastDelay	0	0	1	0
84.0682	11	0	1	LastDelay	0	0	1	0
84.0771	17	0	1	LastDelay	0.00428296	4282.96	1	1
84.1456	46	0	1	LastDelay	0.00336926	3369.26	1	1
84.1612	4	0	1	LastDelay	0	0	1	0
84.1939	13	0	1	LastDelay	0	0	1	0
84.1954	6	0	1	LastDelay	0	0	1	0
84.199	32	0	1	LastDelay	0	0	1	0
84.2396	0	0	1	LastDelay	0	0	1	0
84.2649	31	0	1	LastDelay	0.00285588	2855.89	1	1
84.2952	23	0	1	LastDelay	0	0	1	0
84.3021	21	0	1	LastDelay	0.00949227	9492.27	1	1
84.3332	15	0	1	LastDelay	0.00306336	3063.36	1	1
84.3332	10	0	1	LastDelay	0.00494681	4946.81	1	1
84.3702	20	0	1	LastDelay	0.00212192	2121.92	1	1
84.4177	22	0	1	LastDelay	0.00333039	3330.39	1	1
84.4238	35	0	1	LastDelay	0.000159865	159.865	1	1
84.4318	29	0	1	LastDelay	0	0	1	0
84.5012	41	0	1	LastDelay	0.00336906	3369.06	1	1
84.5023	33	0	1	LastDelay	0	0	1	0
84.5496	34	0	1	LastDelay	0.00643912	6439.12	1	1
84.6322	30	0	1	LastDelay	0.00395244	3952.44	1	1
84.8827	5	0	1	LastDelay	0	0	1	0
84.8846	28	0	1	LastDelay	0	0	1	0
84.904	25	0	1	LastDelay	0	0	1	0
84.9196	18	0	1	LastDelay	0	0	1	0
84.9466	14	0	1	LastDelay	0.00367516	3675.16	1	1
85.0205	27	0	1	LastDelay	0	0	1	0
85.042	19	0	1	LastDelay	0.00334453	3344.53	1	1
85.0462	40	0	1	LastDelay	0.00391857	3918.57	1	1
85.0728	17	0	1	LastDelay	0	0	1	0
85.0771	11	0	1	LastDelay	0.00894124	8941.24	1	1
85.1422	46	0	1	LastDelay	0	0	1	0
85.1738	26	0	1	LastDelay	0.000810898	810.898	1	1
85.1988	6	0	1	LastDelay	0.00340615	3406.15	1	1
85.2019	32	0	1	LastDelay	0.002857	2857	1	1
85.2406	0	0	1	LastDelay	0.000979558	979.558	1	1
85.2506	12	0	1	LastDelay	0.00213949	2139.49	1	1
85.262	31	0	1	LastDelay	0	0	1	0
85.2848	42	0	1	LastDelay	0.00333009	3330.09	1	1
85.2879	1	0	1	LastDelay	0.00200387	2003.87	1	1
85.2926	21	0	1	LastDelay	0	0	1	0
85.2984	23	0	1	LastDelay	0.00326517	3265.17	1	1
85.3283	10	0	1	LastDelay	0	0	1	0
85.3302	15	0	1	LastDelay	0	0	1	0
85.3681	20	0	1	LastDelay	0	0	1	0
85.4143	22	0	1	LastDelay	0	0	1	0
85.4237	35	0	1	LastDelay	0	0	1	0
85.4979	41	0	1	LastDelay	0	0	1	0
85.5432	34	0	1	LastDelay	0	0	1	0
85.6283	30	0	1	LastDelay	0	0	1	0
85.9033	28	0	1	LastDelay	0.0186987	18698.7	1	1
85.9033	39	0	1	LastDelay	0.0106786	10678.6	1	1
85.9133	25	0	1	LastDelay	0.00926091	9260.91	1	1
85.932	18	0	1	LastDelay	0.012356	12356	1	1
85.9429	14	0	1	LastDelay	0	0	1	0
85.9991	36	0	1	LastDelay	0.0094183	9418.3	1	1
86.0386	19	0	1	LastDelay	0	0	1	0
86.0423	40	0	1	LastDelay	0	0	1	0
86.0682	11	0	1	LastDelay	0	0	1	0
86.074	17	0	1	LastDelay	0.001202	1202	1	1
86.1456	46	0	1	LastDelay	0.00338229	3382.29	1	1
86.165	4	0	1	LastDelay	0.00379038	3790.38	1	1
86.173	26	0	1	LastDelay	0	0	1	0
86.1954	6	0	1	LastDelay	0	0	1	0
86.1972	13	0	1	LastDelay	0.00333024	3330.24	1	1
86.199	32	0	1	LastDelay	0	0	1	0
86.2396	0	0	1	LastDelay	0	0	1	0
86.2485	12	0	1	LastDelay	0	0	1	0
86.2534	7	0	1	LastDelay	0.00334322	3343.22	1	1
86.2815	42	0	1	LastDelay	0	0	1	0
86.2859	1	0	1	LastDelay	0	0	1	0
86.2952	23	0	1	LastDelay	0	0	1	0
86.3319	15	0	1	LastDelay	0.00179043	1790.43	1	1
86.4322	29	0	1	LastDelay	0.000399659	399.659	1	1
86.4322	35	0	1	LastDelay	0.00846314	8463.14	1	1
86.55	34	0	1	LastDelay	0.0067823	6782.3	1	1
86.8508	8	0	1	LastDelay	0.00335677	3356.77	1	1
86.8846	28	0	1	LastDelay	0	0	1	0
86.8926	39	0	1	LastDelay	0	0	1	0
86.904	25	0	1	LastDelay	0	0	1	0
86.9196	18	0	1	LastDelay	0	0	1	0
86.9897	36	0	1	LastDelay	0	0	1	0
87.0269	27	0	1	LastDelay	0.00642629	6426.28	1	1
87.0728	17	0	1	LastDelay	0	0	1	0
87.0753	11	0	1	LastDelay	0.00712618	7126.18	1	1
87.0753	40	0	1	LastDelay	0.033014	33014	1	1
87.1422	46	0	1	LastDelay	0	0	1	0
87.1612	4	0	1	LastDelay	0	0	1	0
87.1939	13	0	1	LastDelay	0	0	1	0
87.2064	32	0	1	LastDelay	0.00734713	7347.13	1	1
87.242	0	0	1	LastDelay	0.00233144	2331.44	1	1
87.25	7	0	1	LastDelay	0	0	1	0
87.2513	12	0	1	LastDelay	0.00280391	2803.91	1	1
87.2654	31	0	1	LastDelay	0.00334328	3343.28	1	1
87.2943	21	0	1	LastDelay	0.00165562	1655.62	1	1
87.3005	23	0	1	LastDelay	0.00529002	5290.02	1	1
87.3302	15	0	1	LastDelay	0	0	1	0
87.3308	10	0	1	LastDelay	0.00251871	2518.71	1	1
87.3712	20	0	1	LastDelay	0.00304228	3042.28	1	1
87.4237	35	0	1	LastDelay	0	0	1	0
87.4318	29	0	1	LastDelay	0	0	1	0
87.5107	33	0	1	LastDelay	0.00844698	8446.98	1	1
87.5408	45	0	1	LastDelay	0.00698259	6982.59	1	1
87.5432	34	0	1	LastDelay	0	0	1	0
87.5962	24	0	1	LastDelay	0.00333003	3330.03	1	1
87.7553	37	0	1	LastDelay	0.00334468	3344.68	1	1
87.8474	8	0	1	LastDelay	0	0	1	0
87.886	28	0	1	LastDelay	0.00141312	1413.12	1	1
87.886	5	0	1	LastDelay	0.00333028	3330.28	1	1
87.8956	39	0	1	LastDelay	0.0030229	3022.9	1	1
87.9227	18	0	1	LastDelay	0.00308142	3081.42	1	1
87.9452	14	0	1	LastDelay	0.00222437	2224.37	1	1
87.9811	38	0	1	LastDelay	0.00293788	2937.88	1	1
88.0205	27	0	1	LastDelay	0	0	1	0
88.0423	40	0	1	LastDelay	0	0	1	0
88.0459	36	0	1	LastDelay	0.056169	56169	1	1
88.0497	19	0	1	LastDelay	0.0110891	11089.1	1	1
88.0682	11	0	1	LastDelay	0	0	1	0
88.0709	16	0	1	LastDelay	0.0033304	3330.4	1	1
88.0806	17	0	1	LastDelay	0.00773492	7734.92	1	1
88.1456	46	0	1	LastDelay	0.00334413	3344.13	1	1
88.1677	4	0	1	LastDelay	0.00643866	6438.66	1	1
88.1739	26	0	1	LastDelay	0.000824076	824.076	1	1
88.1963	6	0	1	LastDelay	0.000869208	869.208	1	1
88.199	32	0	1	LastDelay	0	0	1	0
88.2029	13	0	1	LastDelay	0.00902273	9022.73	1	1
88.2396	0	0	1	LastDelay	0	0	1	0
88.2485	12	0	1	LastDelay	0	0	1	0
88.262	31	0	1	LastDelay	0	0	1	0
88.2859	42	0	1	LastDelay	0.00446066	4460.66	1	1
88.2859	1	0	1	LastDelay	4.51e-07	0.451	1	1
88.2926	21	0	1	LastDelay	0	0	1	0
88.2952	23	0	1	LastDelay	0	0	1	0
88.3283	10	0	1	LastDelay	0	0	1	0
88.3339	15	0	1	LastDelay	0.00369992	3699.92	1	1
88.3681	20	0	1	LastDelay	0	0	1	0
88.3787	43	0	1	LastDelay	0.00343514	3435.14	1	1
88.4177	22	0	1	LastDelay	0.00333043	3330.43	1	1
88.4277	35	0	1	LastDelay	0.00398203	3982.03	1	1
88.4373	29	0	1	LastDelay	0.00556062	5560.62	1	1
88.5023	33	0	1	LastDelay	0	0	1	0
88.5043	41	0	1	LastDelay	0.00646595	6465.95	1	1
88.5338	45	0	1	LastDelay	0	0	1	0
88.5929	24	0	1	LastDelay	0	0	1	0
88.6316	30	0	1	LastDelay	0.00333045	3330.45	1	1
88.752	37	0	1	LastDelay	0	0	1	0
88.8509	8	0	1	LastDelay	0.0034741	3474.1	1	1
88.8827	5	0	1	LastDelay	0	0	1	0
88.8846	28	0	1	LastDelay	0	0	1	0
88.8926	39	0	1	LastDelay	0	0	1	0
88.9074	25	0	1	LastDelay	0.00334327	3343.27	1	1
88.9196	18	0	1	LastDelay	0	0	1	0
88.9429	14	0	1	LastDelay	0	0	1	0
88.9782	38	0	1	LastDelay	0	0	1	0
88.9897	36	0	1	LastDelay	0	0	1	0
89.0386	19	0	1	LastDelay	0	0	1	0
89.0453	40	0	1	LastDelay	0.00296137	2961.37	1	1
89.0676	16	0	1	LastDelay	0	0	1	0
89.0728	17	0	1	LastDelay	0	0	1	0
89.1422	46	0	1	LastDelay	0	0	1	0
89.1612	4	0	1	LastDelay	0	0	1	0
89.173	26	0	1	LastDelay	0	0	1	0
89.1939	13	0	1	LastDelay	0	0	1	0
89.1954	6	0	1	LastDelay	0	0	1	0
89.2673	12	0	1	LastDelay	0.0188314	18831.4	1	1
89.2673	31	0	1	LastDelay	0.00527724	5277.24	1	1
89.2815	42	0	1	LastDelay	0	0	1	0
89.2859	1	0	1	LastDelay	0	0	1	0
89.3035	23	0	1	LastDelay	0.00831873	8318.73	1	1
89.3302	15	0	1	LastDelay	0	0	1	0
89.3753	43	0	1	LastDelay	0	0	1	0
89.4143	22	0	1	LastDelay	0	0	1	0
89.4237	35	0	1	LastDelay	0	0	1	0
89.4318	29	0	1	LastDelay	0	0	1	0
89.4979	41	0	1	LastDelay	0	0	1	0
89.5371	45	0	1	LastDelay	0.00334313	3343.13	1	1
89.6283	30	0	1	LastDelay	0	0	1	0
89.8474	8	0	1	LastDelay	0	0	1	0
89.8953	28	0	1	LastDelay	0.0107481	10748.1	1	1
89.8953	39	0	1	LastDelay	0.00272764	2727.64	1	1
89.904	25	0	1	LastDelay	0	0	1	0
89.9219	18	0	1	LastDelay	0.00230012	2300.12	1	1
89.9495	14	0	1	LastDelay	0.0065996	6599.6	1	1
90.0423	40	0	1	LastDelay	0	0	1	0
90.0709	11	0	1	LastDelay	0.00275061	2750.61	1	1
90.084	17	0	1	LastDelay	0.0111989	11198.9	1	1
90.1646	4	0	1	LastDelay	0.00333091	3330.91	1	1
90.1738	26	0	1	LastDelay	0.000809803	809.803	1	1
90.2001	32	0	1	LastDelay	0.00102765	1027.65	1	1
90.2001	6	0	1	LastDelay	0.00467191	4671.91	1	1
90.2198	2	0	1	LastDelay	0.0062483	6248.3	1	1
90.2485	12	0	1	LastDelay	0	0	1	0
90.2507	0	0	1	LastDelay	0.011078	11078	1	1
90.262	31	0	1	LastDelay	0	0	1	0
90.2952	23	0	1	LastDelay	0	0	1	0
90.2963	21	0	1	LastDelay	0.00368732	3687.32	1	1
90.3297	10	0	1	LastDelay	0.00141277	1412.77	1	1
90.337	15	0	1	LastDelay	0.00687084	6870.84	1	1
90.3694	20	0	1	LastDelay	0.00130206	1302.06	1	1
90.4242	35	0	1	LastDelay	0.000555153	555.153	1	1
90.4463	29	0	1	LastDelay	0.0145023	14502.3	1	1
90.503	33	0	1	LastDelay	0.000698679	698.679	1	1
90.5338	45	0	1	LastDelay	0	0	1	0
90.5456	34	0	1	LastDelay	0.00234971	2349.71	1	1
90.5962	24	0	1	LastDelay	0.00333017	3330.17	1	1
90.6287	30	0	1	LastDelay	0.000434312	434.312	1	1
90.7587	37	0	1	LastDelay	0.00677072	6770.72	1	1
90.8846	28	0	1	LastDelay	0	0	1	0
90.886	5	0	1	LastDelay	0.00333053	3330.53	1	1
90.8926	39	0	1	LastDelay	0	0	1	0
90.9196	18	0	1	LastDelay	0	0	1	0
90.9247	43	0	1	LastDelay	0.549389	549389	1	1
90.9429	14	0	1	LastDelay	0	0	1	0
90.9846	38	0	1	LastDelay	0.00642645	6426.45	1	1
91.001	36	0	1	LastDelay	0.011287	11287	1	1
91.0493	40	0	1	LastDelay	0.0070008	7000.8	1	1
91.0682	11	0	1	LastDelay	0	0	1	0
91.0687	16	0	1	LastDelay	0.00109921	1099.21	1	1
91.0728	17	0	1	LastDelay	0	0	1	0
91.1456	46	0	1	LastDelay	0.00333115	3331.15	1	1
91.1612	4	0	1	LastDelay	0	0	1	0
91.173	26	0	1	LastDelay	0	0	1	0
91.1954	6	0	1	LastDelay	0	0	1	0
91.1972	13	0	1	LastDelay	0.00333147	3331.47	1	1
91.199	32	0	1	LastDelay	0	0	1	0
91.2136	2	0	1	LastDelay	0	0	1	0
91.2396	0	0	1	LastDelay	0	0	1	0
91.2476	44	0	1	LastDelay	0.00333147	3331.47	1	1
91.2525	7	0	1	LastDelay	0.00245699	2456.99	1	1
91.2527	3	0	1	LastDelay	0.00369718	3697.18	1	1
91.2634	31	0	1	LastDelay	0.00141257	1412.57	1	1
91.2893	42	0	1	LastDelay	0.00778815	7788.15	1	1
91.2893	1	0	1	LastDelay	0.00332792	3327.92	1	1
91.2926	21	0	1	LastDelay	0	0	1	0
91.2953	23	0	1	LastDelay	0.000123122	123.122	1	1
91.3283	10	0	1	LastDelay	0	0	1	0
91.3302	15	0	1	LastDelay	0	0	1	0
91.3681	20	0	1	LastDelay	0	0	1	0
91.3708	9	0	1	LastDelay	0.00334429	3344.29	1	1
91.3753	43	0	1	LastDelay	0	0	1	0
91.4237	35	0	1	LastDelay	0	0	1	0
91.4318	29	0	1	LastDelay	0	0	1	0
91.5023	33	0	1	LastDelay	0	0	1	0
91.5432	34	0	1	LastDelay	0	0	1	0
91.5929	24	0	1	LastDelay	0	0	1	0
91.6283	30	0	1	LastDelay	0	0	1	0
91.752	37	0	1	LastDelay	0	0	1	0
91.8513	8	0	1	LastDelay	0.00392481	3924.81	1	1
91.8827	5	0	1	LastDelay	0	0	1	0
91.9087	25	0	1	LastDelay	0.00470922	4709.22	1	1
91.927	18	0	1	LastDelay	0.00736167	7361.68	1	1
91.947	14	0	1	LastDelay	0.00406742	4067.42	1	1
91.9782	38	0	1	LastDelay	0	0	1	0
91.9897	36	0	1	LastDelay	0	0	1	0
92.042	19	0	1	LastDelay	0.00336907	3369.07	1	1
92.0423	40	0	1	LastDelay	0	0	1	0
92.0676	16	0	1	LastDelay	0	0	1	0
92.0784	17	0	1	LastDelay	0.00557536	5575.36	1	1
92.1422	46	0	1	LastDelay	0	0	1	0
92.1939	13	0	1	LastDelay	0	0	1	0
92.2008	32	0	1	LastDelay	0.00173018	1730.18	1	1
92.2411	2	0	1	LastDelay	0.0275318	27531.8	1	1
92.2443	44	0	1	LastDelay	0	0	1	0
92.249	3	0	1	LastDelay	0	0	1	0
92.25	7	0	1	LastDelay	0	0	1	0
92.2518	12	0	1	LastDelay	0.00333015	3330.15	1	1
92.262	31	0	1	LastDelay	0	0	1	0
92.2815	42	0	1	LastDelay	0	0	1	0
92.2859	1	0	1	LastDelay	0	0	1	0
92.2952	23	0	1	LastDelay	0	0	1	0
92.2959	21	0	1	LastDelay	0.0033433	3343.3	1	1
92.3323	15	0	1	LastDelay	0.00213379	2133.79	1	1
92.3675	9	0	1	LastDelay	0	0	1	0
92.4245	35	0	1	LastDelay	0.000846597	846.597	1	1
92.4345	29	0	1	LastDelay	0.00279523	2795.23	1	1
92.5012	41	0	1	LastDelay	0.00333068	3330.68	1	1
92.5057	33	0	1	LastDelay	0.00338887	3388.87	1	1
92.5389	45	0	1	LastDelay	0.00508834	5088.34	1	1
92.5497	34	0	1	LastDelay	0.00645147	6451.48	1	1
92.6347	30	0	1	LastDelay	0.00642555	6425.55	1	1
92.8474	8	0	1	LastDelay	0	0	1	0
92.886	5	0	1	LastDelay	0.00333094	3330.94	1	1
92.8953	39	0	1	LastDelay	0.00270646	2706.46	1	1
92.8953	28	0	1	LastDelay	0.0107275	10727.5	1	1
92.904	25	0	1	LastDelay	0	0	1	0
92.9196	18	0	1	LastDelay	0	0	1	0
92.9429	14	0	1	LastDelay	0	0	1	0
92.9819	38	0	1	LastDelay	0.00367554	3675.54	1	1
92.999	36	0	1	LastDelay	0.00932926	9329.26	1	1
93.025	27	0	1	LastDelay	0.00451048	4510.48	1	1
93.0386	19	0	1	LastDelay	0	0	1	0
93.056	40	0	1	LastDelay	0.0136978	13697.8	1	1
93.07	11	0	1	LastDelay	0.00178899	1788.99	1	1
93.0728	17	0	1	LastDelay	0	0	1	0
93.0731	16	0	1	LastDelay	0.00547771	5477.71	1	1
93.1487	46	0	1	LastDelay	0.00645308	6453.08	1	1
93.1677	4	0	1	LastDelay	0.00642691	6426.9	1	1
93.1742	26	0	1	LastDelay	0.00115374	1153.74	1	1
93.199	32	0	1	LastDelay	0	0	1	0
93.2029	6	0	1	LastDelay	0.00749807	7498.07	1	1
93.2136	2	0	1	LastDelay	0	0	1	0
93.2485	12	0	1	LastDelay	0	0	1	0
93.2587	0	0	1	LastDelay	0.0190453	19045.3	1	1
93.2621	31	0	1	LastDelay	0.000106361	106.361	1	1
93.2867	1	0	1	LastDelay	0.000736035	736.035	1	1
93.2926	21	0	1	LastDelay	0	0	1	0
93.2957	23	0	1	LastDelay	0.000495737	495.737	1	1
93.3147	43	0	1	LastDelay	0.939367	939367	1	1
93.3302	15	0	1	LastDelay	0	0	1	0
93.334	10	0	1	LastDelay	0.00567563	5675.63	1	1
93.3696	20	0	1	LastDelay	0.00152304	1523.04	1	1
93.3753	43	0	1	LastDelay	0	0	1	0
93.3758	9	0	1	LastDelay	0.00838287	8382.88	1	1
93.4149	22	0	1	LastDelay	0.000567597	567.597	1	1
93.4237	35	0	1	LastDelay	0	0	1	0
93.4318	29	0	1	LastDelay	0	0	1	0
93.4979	41	0	1	LastDelay	0	0	1	0
93.5023	33	0	1	LastDelay	0	0	1	0
93.5338	45	0	1	LastDelay	0	0	1	0
93.5432	34	0	1	LastDelay	0	0	1	0
93.5962	24	0	1	LastDelay	0.00333018	3330.18	1	1
93.6283	30	0	1	LastDelay	0	0	1	0
93.8508	8	0	1	LastDelay	0.0034355	3435.5	1	1
93.8827	5	0	1	LastDelay	0	0	1	0
93.8846	28	0	1	LastDelay	0	0	1	0
93.8926	39	0	1	LastDelay	0	0	1	0
93.9782	38	0	1	LastDelay	0	0	1	0
93.9897	36	0	1	LastDelay	0	0	1	0
94.0205	27	0	1	LastDelay	0	0	1	0
94.0423	40	0	1	LastDelay	0	0	1	0
94.0676	16	0	1	LastDelay	0	0	1	0
94.0682	11	0	1	LastDelay	0	0	1	0
94.1422	46	0	1	LastDelay	0	0	1	0
94.1612	4	0	1	LastDelay	0	0	1	0
94.173	26	0	1	LastDelay	0	0	1	0
94.1954	6	0	1	LastDelay	0	0	1	0
94.1972	13	0	1	LastDelay	0.00333024	3330.24	1	1
94.2396	0	0	1	LastDelay	0	0	1	0
94.2551	12	0	1	LastDelay	0.00659529	6595.29	1	1
94.2602	3	0	1	LastDelay	0.0111845	11184.5	1	1
94.262	31	0	1	LastDelay	0	0	1	0
94.2859	1	0	1	LastDelay	0	0	1	0
94.2952	23	0	1	LastDelay	0	0	1	0
94.3283	10	0	1	LastDelay	0	0	1	0
94.3675	9	0	1	LastDelay	0	0	1	0
94.3681	20	0	1	LastDelay	0	0	1	0
94.4143	22	0	1	LastDelay	0	0	1	0
94.434	29	0	1	LastDelay	0.00220689	2206.89	1	1
94.5026	33	0	1	LastDelay	0.000305212	305.212	1	1
94.5371	45	0	1	LastDelay	0.00333018	3330.18	1	1
94.5929	24	0	1	LastDelay	0	0	1	0
94.6316	30	0	1	LastDelay	0.00334308	3343.08	1	1
94.8474	8	0	1	LastDelay	0	0	1	0
94.8878	28	0	1	LastDelay	0.00318406	3184.06	1	1
94.8992	39	0	1	LastDelay	0.00654965	6549.65	1	1
94.9315	18	0	1	LastDelay	0.011863	11863	1	1
94.9467	14	0	1	LastDelay	0.00372923	3729.23	1	1
94.9893	38	0	1	LastDelay	0.0111191	11119.1	1	1
95.0488	40	0	1	LastDelay	0.0065609	6560.9	1	1
95.0757	17	0	1	LastDelay	0.00285575	2855.76	1	1
95.0757	11	0	1	LastDelay	0.00751411	7514.11	1	1
95.0757	16	0	1	LastDelay	0.00810752	8107.52	1	1
95.1756	26	0	1	LastDelay	0.00260424	2604.24	1	1
95.1939	13	0	1	LastDelay	0	0	1	0
95.1971	6	0	1	LastDelay	0.00172194	1721.94	1	1
95.2009	32	0	1	LastDelay	0.0018724	1872.4	1	1
95.24	0	0	1	LastDelay	0.000363539	363.539	1	1
95.2485	12	0	1	LastDelay	0	0	1	0
95.249	3	0	1	LastDelay	0	0	1	0
95.2601	2	0	1	LastDelay	0.0465297	46529.7	1	1
95.2605	44	0	1	LastDelay	0.0162292	16229.2	1	1
95.267	31	0	1	LastDelay	0.00502529	5025.29	1	1
95.2911	1	0	1	LastDelay	0.00511899	5118.99	1	1
95.3033	23	0	1	LastDelay	0.00808555	8085.55	1	1
95.3033	21	0	1	LastDelay	0.0106541	10654.1	1	1
95.3362	15	0	1	LastDelay	0.00603135	6031.35	1	1
95.3555	10	0	1	LastDelay	0.0271868	27186.8	1	1
95.3751	20	0	1	LastDelay	0.00702347	7023.47	1	1
95.3953	43	0	1	LastDelay	0.0200354	20035.4	1	1
95.4171	22	0	1	LastDelay	0.00280932	2809.32	1	1
95.4264	35	0	1	LastDelay	0.00273385	2733.85	1	1
95.4318	29	0	1	LastDelay	0	0	1	0
95.5012	41	0	1	LastDelay	0.00334429	3344.29	1	1
95.5023	33	0	1	LastDelay	0	0	1	0
95.5338	45	0	1	LastDelay	0	0	1	0
95.5465	34	0	1	LastDelay	0.00333002	3330.02	1	1
95.6026	24	0	1	LastDelay	0.00966473	9664.73	1	1
95.6283	30	0	1	LastDelay	0	0	1	0
95.8846	28	0	1	LastDelay	0	0	1	0
95.886	5	0	1	LastDelay	0.00333192	3331.92	1	1
95.8926	39	0	1	LastDelay	0	0	1	0
95.9196	18	0	1	LastDelay	0	0	1	0
95.9429	14	0	1	LastDelay	0	0	1	0
95.9782	38	0	1	LastDelay	0	0	1	0
96.0258	27	0	1	LastDelay	0.00531473	5314.73	1	1
96.0423	40	0	1	LastDelay	0	0	1	0
96.0676	16	0	1	LastDelay	0	0	1	0
96.0682	11	0	1	LastDelay	0	0	1	0
96.0728	17	0	1	LastDelay	0	0	1	0
96.173	26	0	1	LastDelay	0	0	1	0
96.1954	6	0	1	LastDelay	0	0	1	0
96.199	32	0	1	LastDelay	0	0	1	0
96.2136	2	0	1	LastDelay	0	0	1	0
96.2396	0	0	1	LastDelay	0	0	1	0
96.2443	44	0	1	LastDelay	0	0	1	0
96.2534	7	0	1	LastDelay	0.00334305	3343.05	1	1
96.262	31	0	1	LastDelay	0	0	1	0
96.2859	1	0	1	LastDelay	0	0	1	0
96.2926	21	0	1	LastDelay	0	0	1	0
96.2952	23	0	1	LastDelay	0	0	1	0
96.3283	10	0	1	LastDelay	0	0	1	0
96.3302	15	0	1	LastDelay	0	0	1	0
96.3681	20	0	1	LastDelay	0	0	1	0
96.3753	43	0	1	LastDelay	0	0	1	0
96.4143	22	0	1	LastDelay	0	0	1	0
96.4237	35	0	1	LastDelay	0	0	1	0
96.4979	41	0	1	LastDelay	0	0	1	0
96.5371	45	0	1	LastDelay	0.00336969	3369.69	1	1
96.5432	34	0	1	LastDelay	0	0	1	0
96.5929	24	0	1	LastDelay	0	0	1	0
96.632	30	0	1	LastDelay	0.00368657	3686.57	1	1
96.8508	8	0	1	LastDelay	0.00335637	3356.37	1	1
96.8827	5	0	1	LastDelay	0	0	1	0
96.9815	38	0	1	LastDelay	0.00333024	3330.24	1	1
97.0205	27	0	1	LastDelay	0	0	1	0
97.0713	11	0	1	LastDelay	0.00312058	3120.58	1	1
97.227	2	0	1	LastDelay	0.0134111	13411.1	1	1
97.25	7	0	1	LastDelay	0	0	1	0
97.2643	31	0	1	LastDelay	0.0022756	2275.61	1	1
97.3043	23	0	1	LastDelay	0.0090909	9090.9	1	1
97.3719	20	0	1	LastDelay	0.00381228	3812.28	1	1
97.4284	35	0	1	LastDelay	0.00469268	4692.68	1	1
97.4366	29	0	1	LastDelay	0.00489514	4895.14	1	1
97.518	41	0	1	LastDelay	0.0201716	20171.6	1	1
97.5338	45	0	1	LastDelay	0	0	1	0
97.5502	34	0	1	LastDelay	0.00701369	7013.69	1	1
97.6283	30	0	1	LastDelay	0	0	1	0
97.8474	8	0	1	LastDelay	0	0	1	0
97.8979	39	0	1	LastDelay	0.00534381	5343.81	1	1
97.9212	18	0	1	LastDelay	0.00157448	1574.48	1	1
97.9543	14	0	1	LastDelay	0.0113371	11337.1	1	1
97.9782	38	0	1	LastDelay	0	0	1	0
98.0238	27	0	1	LastDelay	0.00333036	3330.36	1	1
98.0442	40	0	1	LastDelay	0.00189122	1891.22	1	1
98.0682	11	0	1	LastDelay	0	0	1	0
98.0729	17	0	1	LastDelay	6.9183e-05	69.183	1	1
98.1764	26	0	1	LastDelay	0.00334314	3343.14	1	1
98.195	13	0	1	LastDelay	0.00110748	1107.48	1	1
98.2091	32	0	1	LastDelay	0.0100433	10043.3	1	1
98.2136	2	0	1	LastDelay	0	0	1	0
98.2153	6	0	1	LastDelay	0.0198784	19878.4	1	1
98.2525	7	0	1	LastDelay	0.00251211	2512.11	1	1
98.2567	12	0	1	LastDelay	0.00824949	8249.49	1	1
98.262	31	0	1	LastDelay	0	0	1	0
98.2879	1	0	1	LastDelay	0.00197987	1979.87	1	1
98.2952	23	0	1	LastDelay	0	0	1	0
98.3056	21	0	1	LastDelay	0.0129943	12994.3	1	1
98.3335	15	0	1	LastDelay	0.00333044	3330.44	1	1
98.3681	20	0	1	LastDelay	0	0	1	0
98.4237	35	0	1	LastDelay	0	0	1	0
98.4318	29	0	1	LastDelay	0	0	1	0
98.4979	41	0	1	LastDelay	0	0	1	0
98.5349	45	0	1	LastDelay	0.00112431	1124.31	1	1
98.5432	34	0	1	LastDelay	0	0	1	0
98.6294	30	0	1	LastDelay	0.00117598	1175.98	1	1
98.7553	37	0	1	LastDelay	0.00333034	3330.34	1	1
98.8926	39	0	1	LastDelay	0	0	1	0
98.9096	25	0	1	LastDelay	0.0055322	5532.2	1	1
98.9196	18	0	1	LastDelay	0	0	1	0
98.9429	14	0	1	LastDelay	0	0	1	0
98.9815	38	0	1	LastDelay	0.0033301	3330.1	1	1
98.9978	36	0	1	LastDelay	0.00808189	8081.89	1	1
99.0205	27	0	1	LastDelay	0	0	1	0
99.0423	40	0	1	LastDelay	0	0	1	0
99.0728	17	0	1	LastDelay	0	0	1	0
99.0782	11	0	1	LastDelay	0.0100129	10012.9	1	1
99.173	26	0	1	LastDelay	0	0	1	0
99.1939	13	0	1	LastDelay	0	0	1	0
99.1954	6	0	1	LastDelay	0	0	1	0
99.199	32	0	1	LastDelay	0	0	1	0
99.2485	12	0	1	LastDelay	0	0	1	0
99.25	7	0	1	LastDelay	0	0	1	0
99.2685	31	0	1	LastDelay	0.00645116	6451.16	1	1
99.2859	1	0	1	LastDelay	0	0	1	0
99.2926	21	0	1	LastDelay	0	0	1	0
99.3302	15	0	1	LastDelay	0	0	1	0
99.427	35	0	1	LastDelay	0.00333011	3330.11	1	1
99.4378	29	0	1	LastDelay	0.00600528	6005.28	1	1
99.52	33	0	1	LastDelay	0.0177235	17723.5	1	1
99.5338	45	0	1	LastDelay	0	0	1	0
99.5465	34	0	1	LastDelay	0.00333057	3330.57	1	1
99.6283	30	0	1	LastDelay	0	0	1	0
99.752	37	0	1	LastDelay	0	0	1	0
99.904	25	0	1	LastDelay	0	0	1	0
99.923	18	0	1	LastDelay	0.00333023	3330.23	1	1
99.9471	14	0	1	LastDelay	0.00417656	4176.56	1	1
99.9782	38	0	1	LastDelay	0	0	1	0
99.9897	36	0	1	LastDelay	0	0	1	0
