Time	Node	AppId	SeqNo	Type	DelayS	DelayUS	RetxCount	HopCount
11.199	32	0	1	LastDelay	0	0	1	2
11.2136	2	0	1	LastDelay	0	0	1	1
11.2443	44	0	1	LastDelay	0	0	1	2
11.3681	20	0	1	LastDelay	0	0	1	2
11.8474	8	0	1	LastDelay	0	0	1	2
11.9429	14	0	1	LastDelay	0	0	1	2
11.9782	38	0	1	LastDelay	0	0	1	2
12.173	26	0	1	LastDelay	0	0	1	2
12.249	3	0	1	LastDelay	0	0	1	1
12.2926	21	0	1	LastDelay	0	0	1	2
12.3302	15	0	1	LastDelay	0	0	1	2
12.3675	9	0	1	LastDelay	0	0	1	2
12.5023	33	0	1	LastDelay	0	0	1	2
12.5338	45	0	1	LastDelay	0	0	1	2
12.8926	39	0	1	LastDelay	0	0	1	2
13.0205	27	0	1	LastDelay	0	0	1	2
13.2174	2	0	1	LastDelay	0.0038576	3857.6	1	1
13.8508	8	0	1	LastDelay	0.00337008	3370.08	1	1
13.9468	14	0	1	LastDelay	0.00383201	3832.01	1	1
13.9815	38	0	1	LastDelay	0.00334301	3343.01	1	1
14.1764	26	0	1	LastDelay	0.003356	3356	1	1
14.2024	32	0	1	LastDelay	0.00337015	3370.15	1	1
14.2136	2	0	1	LastDelay	0	0	1	0
14.2478	44	0	1	LastDelay	0.00356445	3564.45	1	1
14.3715	20	0	1	LastDelay	0.003356	3356	1	1
14.8474	8	0	1	LastDelay	0	0	1	0
14.9429	14	0	1	LastDelay	0	0	1	0
14.9782	38	0	1	LastDelay	0	0	1	0
15.173	26	0	1	LastDelay	0	0	1	0
15.199	32	0	1	LastDelay	0	0	1	0
15.2169	2	0	1	LastDelay	0.00337033	3370.33	1	1
15.2249	1	0	1	LastDelay	0.938953	938953	1	1
15.2443	44	0	1	LastDelay	0	0	1	0
15.2526	3	0	1	LastDelay	0.00351729	3517.29	1	1
15.2859	1	0	1	LastDelay	0	0	1	1
15.3681	20	0	1	LastDelay	0	0	1	0
15.3753	43	0	1	LastDelay	0	0	1	2
15.752	37	0	1	LastDelay	0	0	1	2
15.8959	39	0	1	LastDelay	0.00333155	3331.55	1	1
15.904	25	0	1	LastDelay	0	0	1	2
16.0386	19	0	1	LastDelay	0	0	1	2
16.0676	16	0	1	LastDelay	0	0	1	2
16.0682	11	0	1	LastDelay	0	0	1	2
16.0728	17	0	1	LastDelay	0	0	1	2
16.1422	46	0	1	LastDelay	0	0	1	2
16.1612	4	0	1	LastDelay	0	0	1	2
16.1939	13	0	1	LastDelay	0	0	1	2
16.1954	6	0	1	LastDelay	0	0	1	2
16.2136	2	0	1	LastDelay	0	0	1	0
16.2396	0	0	1	LastDelay	0	0	1	1
16.2485	12	0	1	LastDelay	0	0	1	2
16.249	3	0	1	LastDelay	0	0	1	0
16.25	7	0	1	LastDelay	0	0	1	2
16.262	31	0	1	LastDelay	0	0	1	2
16.2815	42	0	1	LastDelay	0	0	1	2
16.2952	23	0	1	LastDelay	0	0	1	2
16.3283	10	0	1	LastDelay	0	0	1	2
16.4143	22	0	1	LastDelay	0	0	1	2
16.4237	35	0	1	LastDelay	0	0	1	2
16.4318	29	0	1	LastDelay	0	0	1	2
16.4979	41	0	1	LastDelay	0	0	1	2
16.5371	45	0	1	LastDelay	0.003356	3356	1	1
16.5432	34	0	1	LastDelay	0	0	1	2
16.5929	24	0	1	LastDelay	0	0	1	2
16.6283	30	0	1	LastDelay	0	0	1	2
16.8827	5	0	1	LastDelay	0	0	1	2
16.8846	28	0	1	LastDelay	0	0	1	2
16.8926	39	0	1	LastDelay	0	0	1	0
16.9196	18	0	1	LastDelay	0	0	1	2
16.9897	36	0	1	LastDelay	0	0	1	2
17.0423	40	0	1	LastDelay	0	0	1	2
17.2194	1	0	1	LastDelay	0.933465	933465	1	1
17.2549	3	0	1	LastDelay	0.00587382	5873.82	1	1
17.2859	1	0	1	LastDelay	0	0	1	0
17.5338	45	0	1	LastDelay	0	0	1	0
18.2169	2	0	1	LastDelay	0.00333067	3330.67	1	1
18.249	3	0	1	LastDelay	0	0	1	0
18.8513	8	0	1	LastDelay	0.00388607	3886.07	1	1
19.2136	2	0	1	LastDelay	0	0	1	0
19.8474	8	0	1	LastDelay	0	0	1	0
22.243	0	0	1	LastDelay	0.00336962	3369.62	1	1
22.2525	3	0	1	LastDelay	0.00344949	3449.49	1	1
22.2893	1	0	1	LastDelay	0.00338267	3382.67	1	1
22.8898	5	0	1	LastDelay	0.00711979	7119.78	1	1
23.0795	11	0	1	LastDelay	0.0112813	11281.3	1	1
23.0795	28	0	1	LastDelay	0.194873	194873	1	1
23.1646	4	0	1	LastDelay	0.00334349	3343.49	1	1
23.2169	2	0	1	LastDelay	0.00333077	3330.77	1	1
23.2396	0	0	1	LastDelay	0	0	1	0
23.2481	44	0	1	LastDelay	0.00383385	3833.85	1	1
23.249	3	0	1	LastDelay	0	0	1	0
23.2859	1	0	1	LastDelay	0	0	1	0
23.3316	10	0	1	LastDelay	0.00333028	3330.28	1	1
23.4266	35	0	1	LastDelay	0.00289663	2896.63	1	1
23.4367	29	0	1	LastDelay	0.00499052	4990.52	1	1
23.547	34	0	1	LastDelay	0.00380643	3806.43	1	1
23.5993	24	0	1	LastDelay	0.00643844	6438.44	1	1
23.8827	5	0	1	LastDelay	0	0	1	0
23.8846	28	0	1	LastDelay	0	0	1	0
23.8959	39	0	1	LastDelay	0.00333189	3331.89	1	1
23.923	18	0	1	LastDelay	0.00333017	3330.17	1	1
24.0239	27	0	1	LastDelay	0.003356	3356	1	1
24.0519	40	0	1	LastDelay	0.00964049	9640.49	1	1
24.0682	11	0	1	LastDelay	0	0	1	0
24.0824	16	0	1	LastDelay	0.0148602	14860.2	1	1
24.0824	17	0	1	LastDelay	0.0096092	9609.2	1	1
24.1456	46	0	1	LastDelay	0.00333	3330	1	1
24.1612	4	0	1	LastDelay	0	0	1	0
24.2136	2	0	1	LastDelay	0	0	1	0
24.2443	44	0	1	LastDelay	0	0	1	0
24.2623	12	0	1	LastDelay	0.0138772	13877.2	1	1
24.2947	1	0	1	LastDelay	0.00871315	8713.15	1	1
24.2975	23	0	1	LastDelay	0.00230568	2305.68	1	1
24.2988	21	0	1	LastDelay	0.00617404	6174.04	1	1
24.3283	10	0	1	LastDelay	0	0	1	0
24.3708	9	0	1	LastDelay	0.00334389	3343.89	1	1
24.4177	22	0	1	LastDelay	0.00333	3330	1	1
24.4237	35	0	1	LastDelay	0	0	1	0
24.4318	29	0	1	LastDelay	0	0	1	0
24.5012	41	0	1	LastDelay	0.00333	3330	1	1
24.5057	33	0	1	LastDelay	0.00339591	3395.91	1	1
24.5371	45	0	1	LastDelay	0.00334391	3343.91	1	1
24.5432	34	0	1	LastDelay	0	0	1	0
24.5929	24	0	1	LastDelay	0	0	1	0
24.6316	30	0	1	LastDelay	0.00333	3330	1	1
24.8879	28	0	1	LastDelay	0.00333	3330	1	1
24.8926	39	0	1	LastDelay	0	0	1	0
24.9196	18	0	1	LastDelay	0	0	1	0
24.9963	36	0	1	LastDelay	0.006545	6545	1	1
25.0205	27	0	1	LastDelay	0	0	1	0
25.0423	40	0	1	LastDelay	0	0	1	0
25.0676	16	0	1	LastDelay	0	0	1	0
25.0728	17	0	1	LastDelay	0	0	1	0
25.1422	46	0	1	LastDelay	0	0	1	0
25.1646	4	0	1	LastDelay	0.00333057	3330.57	1	1
25.2485	12	0	1	LastDelay	0	0	1	0
25.259	3	0	1	LastDelay	0.00999875	9998.75	1	1
25.2848	42	0	1	LastDelay	0.003343	3343	1	1
25.2859	1	0	1	LastDelay	0	0	1	0
25.2926	21	0	1	LastDelay	0	0	1	0
25.2952	23	0	1	LastDelay	0	0	1	0
25.3335	15	0	1	LastDelay	0.00334404	3344.04	1	1
25.3675	9	0	1	LastDelay	0	0	1	0
25.4143	22	0	1	LastDelay	0	0	1	0
25.427	35	0	1	LastDelay	0.00333	3330	1	1
25.4344	29	0	1	LastDelay	0.00265794	2657.94	1	1
25.4979	41	0	1	LastDelay	0	0	1	0
25.5023	33	0	1	LastDelay	0	0	1	0
25.5338	45	0	1	LastDelay	0	0	1	0
25.5962	24	0	1	LastDelay	0.00333	3330	1	1
25.6283	30	0	1	LastDelay	0	0	1	0
25.8511	8	0	1	LastDelay	0.00368865	3688.66	1	1
25.8846	28	0	1	LastDelay	0	0	1	0
25.886	5	0	1	LastDelay	0.00333162	3331.62	1	1
25.9463	14	0	1	LastDelay	0.00339601	3396.01	1	1
25.9897	36	0	1	LastDelay	0	0	1	0
26.0895	11	0	1	LastDelay	0.0212753	21275.3	1	1
26.1456	46	0	1	LastDelay	0.003356	3356	1	1
26.1612	4	0	1	LastDelay	0	0	1	0
26.1764	26	0	1	LastDelay	0.00333131	3331.31	1	1
26.2019	6	0	1	LastDelay	0.00654455	6544.55	1	1
26.2053	32	0	1	LastDelay	0.00628909	6289.1	1	1
26.2461	0	0	1	LastDelay	0.00646612	6466.12	1	1
26.249	3	0	1	LastDelay	0	0	1	0
26.2531	44	0	1	LastDelay	0.00886158	8861.58	1	1
26.2815	42	0	1	LastDelay	0	0	1	0
26.2997	23	0	1	LastDelay	0.00451853	4518.53	1	1
26.3302	15	0	1	LastDelay	0	0	1	0
26.3316	10	0	1	LastDelay	0.00333079	3330.79	1	1
26.3714	20	0	1	LastDelay	0.00333	3330	1	1
26.4237	35	0	1	LastDelay	0	0	1	0
26.4318	29	0	1	LastDelay	0	0	1	0
26.5929	24	0	1	LastDelay	0	0	1	0
26.8474	8	0	1	LastDelay	0	0	1	0
26.8827	5	0	1	LastDelay	0	0	1	0
26.9429	14	0	1	LastDelay	0	0	1	0
26.9815	38	0	1	LastDelay	0.00333	3330	1	1
26.9976	36	0	1	LastDelay	0.00789331	7893.31	1	1
27.0461	40	0	1	LastDelay	0.003806	3806	1	1
27.0682	11	0	1	LastDelay	0	0	1	0
27.0779	17	0	1	LastDelay	0.00510147	5101.47	1	1
27.1422	46	0	1	LastDelay	0	0	1	0
27.173	26	0	1	LastDelay	0	0	1	0
27.1954	6	0	1	LastDelay	0	0	1	0
27.199	32	0	1	LastDelay	0	0	1	0
27.2396	0	0	1	LastDelay	0	0	1	0
27.2443	44	0	1	LastDelay	0	0	1	0
27.2952	23	0	1	LastDelay	0	0	1	0
27.3283	10	0	1	LastDelay	0	0	1	0
27.3681	20	0	1	LastDelay	0	0	1	0
27.4269	35	0	1	LastDelay	0.00319663	3196.63	1	1
27.4442	29	0	1	LastDelay	0.0124274	12427.4	1	1
27.5962	24	0	1	LastDelay	0.00333	3330	1	1
27.9261	18	0	1	LastDelay	0.006425	6425	1	1
27.9463	14	0	1	LastDelay	0.00336904	3369.04	1	1
27.9782	38	0	1	LastDelay	0	0	1	0
27.9897	36	0	1	LastDelay	0	0	1	0
28.0423	40	0	1	LastDelay	0	0	1	0
28.0728	17	0	1	LastDelay	0	0	1	0
28.0729	11	0	1	LastDelay	0.00471854	4718.54	1	1
28.2518	12	0	1	LastDelay	0.00333005	3330.05	1	1
28.2548	3	0	1	LastDelay	0.00575155	5751.55	1	1
28.2963	23	0	1	LastDelay	0.00112532	1125.32	1	1
28.3719	20	0	1	LastDelay	0.00378805	3788.05	1	1
28.4177	22	0	1	LastDelay	0.00333	3330	1	1
28.4237	35	0	1	LastDelay	0	0	1	0
28.4318	29	0	1	LastDelay	0	0	1	0
28.5465	34	0	1	LastDelay	0.00333	3330	1	1
28.5929	24	0	1	LastDelay	0	0	1	0
28.9196	18	0	1	LastDelay	0	0	1	0
28.9429	14	0	1	LastDelay	0	0	1	0
28.9962	36	0	1	LastDelay	0.00645108	6451.08	1	1
29.0682	11	0	1	LastDelay	0	0	1	0
29.0758	17	0	1	LastDelay	0.00293374	2933.74	1	1
29.1456	46	0	1	LastDelay	0.00333	3330	1	1
29.243	0	0	1	LastDelay	0.0033301	3330.1	1	1
29.2485	12	0	1	LastDelay	0	0	1	0
29.249	3	0	1	LastDelay	0	0	1	0
29.2848	42	0	1	LastDelay	0.003343	3343	1	1
29.2893	1	0	1	LastDelay	0.00335613	3356.13	1	1
29.2952	23	0	1	LastDelay	0	0	1	0
29.3681	20	0	1	LastDelay	0	0	1	0
29.4143	22	0	1	LastDelay	0	0	1	0
29.4389	29	0	1	LastDelay	0.00716973	7169.73	1	1
29.5012	41	0	1	LastDelay	0.00333	3330	1	1
29.5432	34	0	1	LastDelay	0	0	1	0
29.8507	8	0	1	LastDelay	0.00333048	3330.48	1	1
29.8866	5	0	1	LastDelay	0.0038826	3882.6	1	1
29.8936	28	0	1	LastDelay	0.00905605	9056.05	1	1
29.9361	18	0	1	LastDelay	0.016491	16491	1	1
29.9897	36	0	1	LastDelay	0	0	1	0
30.0461	40	0	1	LastDelay	0.003806	3806	1	1
30.0713	11	0	1	LastDelay	0.00309363	3093.63	1	1
30.0728	17	0	1	LastDelay	0	0	1	0
30.1422	46	0	1	LastDelay	0	0	1	0
30.1987	6	0	1	LastDelay	0.00333112	3331.12	1	1
30.2396	0	0	1	LastDelay	0	0	1	0
30.2556	7	0	1	LastDelay	0.00556844	5568.44	1	1
30.2815	42	0	1	LastDelay	0	0	1	0
30.2859	1	0	1	LastDelay	0	0	1	0
30.3316	10	0	1	LastDelay	0.00335661	3356.61	1	1
30.3708	9	0	1	LastDelay	0.00334394	3343.94	1	1
30.4177	22	0	1	LastDelay	0.003343	3343	1	1
30.4318	29	0	1	LastDelay	0	0	1	0
30.4352	35	0	1	LastDelay	0.0115092	11509.2	1	1
30.4979	41	0	1	LastDelay	0	0	1	0
30.6316	30	0	1	LastDelay	0.00333	3330	1	1
30.8474	8	0	1	LastDelay	0	0	1	0
30.8827	5	0	1	LastDelay	0	0	1	0
30.8846	28	0	1	LastDelay	0	0	1	0
30.9196	18	0	1	LastDelay	0	0	1	0
31.0423	40	0	1	LastDelay	0	0	1	0
31.0682	11	0	1	LastDelay	0	0	1	0
31.0734	17	0	1	LastDelay	0.000523221	523.221	1	1
31.1456	46	0	1	LastDelay	0.00333	3330	1	1
31.1954	6	0	1	LastDelay	0	0	1	0
31.243	0	0	1	LastDelay	0.0033691	3369.1	1	1
31.25	7	0	1	LastDelay	0	0	1	0
31.2507	12	0	1	LastDelay	0.00221321	2213.21	1	1
31.2893	1	0	1	LastDelay	0.00333031	3330.31	1	1
31.3283	10	0	1	LastDelay	0	0	1	0
31.3675	9	0	1	LastDelay	0	0	1	0
31.4143	22	0	1	LastDelay	0	0	1	0
31.4237	35	0	1	LastDelay	0	0	1	0
31.6283	30	0	1	LastDelay	0	0	1	0
31.8508	8	0	1	LastDelay	0.00335616	3356.16	1	1
32.0728	17	0	1	LastDelay	0	0	1	0
32.1422	46	0	1	LastDelay	0	0	1	0
32.1646	4	0	1	LastDelay	0.0033301	3330.1	1	1
32.1987	6	0	1	LastDelay	0.00333082	3330.82	1	1
32.2396	0	0	1	LastDelay	0	0	1	0
32.2485	12	0	1	LastDelay	0	0	1	0
32.2549	7	0	1	LastDelay	0.00482537	4825.37	1	1
32.2859	1	0	1	LastDelay	0	0	1	0
32.3355	10	0	1	LastDelay	0.00719241	7192.41	1	1
32.3708	9	0	1	LastDelay	0.00333015	3330.15	1	1
32.8474	8	0	1	LastDelay	0	0	1	0
33.0793	11	0	1	LastDelay	0.0111314	11131.4	1	1
33.1612	4	0	1	LastDelay	0	0	1	0
33.1954	6	0	1	LastDelay	0	0	1	0
33.2499	12	0	1	LastDelay	0.00144854	1448.54	1	1
33.25	7	0	1	LastDelay	0	0	1	0
33.3283	10	0	1	LastDelay	0	0	1	0
33.3675	9	0	1	LastDelay	0	0	1	0
33.5465	34	0	1	LastDelay	0.00333044	3330.44	1	1
33.5962	24	0	1	LastDelay	0.00333137	3331.37	1	1
34.0682	11	0	1	LastDelay	0	0	1	0
34.0894	17	0	1	LastDelay	0.0166086	16608.6	1	1
34.2485	12	0	1	LastDelay	0	0	1	0
34.4342	29	0	1	LastDelay	0.00241921	2419.22	1	1
34.5432	34	0	1	LastDelay	0	0	1	0
34.5929	24	0	1	LastDelay	0	0	1	0
35.0724	11	0	1	LastDelay	0.00424318	4243.18	1	1
35.0728	17	0	1	LastDelay	0	0	1	0
35.1988	6	0	1	LastDelay	0.0033702	3370.2	1	1
35.2461	0	0	1	LastDelay	0.00643953	6439.53	1	1
35.2557	7	0	1	LastDelay	0.0056724	5672.4	1	1
35.2848	42	0	1	LastDelay	0.00333	3330	1	1
35.3316	10	0	1	LastDelay	0.00333036	3330.36	1	1
35.3743	9	0	1	LastDelay	0.00683508	6835.08	1	1
35.4177	22	0	1	LastDelay	0.00334471	3344.71	1	1
35.4302	35	0	1	LastDelay	0.00654636	6546.36	1	1
35.4318	29	0	1	LastDelay	0	0	1	0
35.5465	34	0	1	LastDelay	0.00333	3330	1	1
35.886	5	0	1	LastDelay	0.00333097	3330.97	1	1
35.886	3	0	1	LastDelay	0.636949	636949	1	1
35.886	20	0	1	LastDelay	0.51788	517880	1	1
36.0682	11	0	1	LastDelay	0	0	1	0
36.0714	16	0	1	LastDelay	0.00379336	3793.36	1	1
36.0754	17	0	1	LastDelay	0.00257811	2578.11	1	1
36.1647	4	0	1	LastDelay	0.00343404	3434.04	1	1
36.1836	26	0	1	LastDelay	0.0105855	10585.5	1	1
36.1954	6	0	1	LastDelay	0	0	1	0
36.2024	32	0	1	LastDelay	0.003356	3356	1	1
36.2396	0	0	1	LastDelay	0	0	1	0
36.2476	44	0	1	LastDelay	0.003356	3356	1	1
36.249	3	0	1	LastDelay	0	0	1	0
36.25	7	0	1	LastDelay	0	0	1	0
36.2815	42	0	1	LastDelay	0	0	1	0
36.2897	1	0	1	LastDelay	0.00374098	3740.98	1	1
36.3002	23	0	1	LastDelay	0.00503739	5037.39	1	1
36.3283	10	0	1	LastDelay	0	0	1	0
36.3675	9	0	1	LastDelay	0	0	1	0
36.3681	20	0	1	LastDelay	0	0	1	0
36.4143	22	0	1	LastDelay	0	0	1	0
36.4237	35	0	1	LastDelay	0	0	1	0
36.5432	34	0	1	LastDelay	0	0	1	0
36.8573	8	0	1	LastDelay	0.00986513	9865.13	1	1
36.8827	5	0	1	LastDelay	0	0	1	0
36.8879	28	0	1	LastDelay	0.00334317	3343.17	1	1
36.993	36	0	1	LastDelay	0.00333017	3330.17	1	1
37.0239	27	0	1	LastDelay	0.00337011	3370.11	1	1
37.0676	16	0	1	LastDelay	0	0	1	0
37.0728	17	0	1	LastDelay	0	0	1	0
37.0819	11	0	1	LastDelay	0.013703	13703	1	1
37.1456	46	0	1	LastDelay	0.00333	3330	1	1
37.1612	4	0	1	LastDelay	0	0	1	0
37.173	26	0	1	LastDelay	0	0	1	0
37.199	32	0	1	LastDelay	0	0	1	0
37.2443	44	0	1	LastDelay	0	0	1	0
37.2576	12	0	1	LastDelay	0.00916725	9167.25	1	1
37.2616	7	0	1	LastDelay	0.0115506	11550.6	1	1
37.2848	42	0	1	LastDelay	0.00333	3330	1	1
37.2859	1	0	1	LastDelay	0	0	1	0
37.2952	23	0	1	LastDelay	0	0	1	0
37.3316	15	0	1	LastDelay	0.00144752	1447.52	1	1
37.4288	35	0	1	LastDelay	0.00514047	5140.47	1	1
37.4324	29	0	1	LastDelay	0.000622363	622.363	1	1
37.5043	41	0	1	LastDelay	0.006438	6438	1	1
37.5994	24	0	1	LastDelay	0.006464	6464	1	1
37.8474	8	0	1	LastDelay	0	0	1	0
37.8846	28	0	1	LastDelay	0	0	1	0
37.9897	36	0	1	LastDelay	0	0	1	0
38.0205	27	0	1	LastDelay	0	0	1	0
38.0682	11	0	1	LastDelay	0	0	1	0
38.0777	17	0	1	LastDelay	0.00486447	4864.47	1	1
38.1422	46	0	1	LastDelay	0	0	1	0
38.2485	12	0	1	LastDelay	0	0	1	0
38.25	7	0	1	LastDelay	0	0	1	0
38.2815	42	0	1	LastDelay	0	0	1	0
38.2893	1	0	1	LastDelay	0.00334313	3343.13	1	1
38.3302	15	0	1	LastDelay	0	0	1	0
38.4237	35	0	1	LastDelay	0	0	1	0
38.4318	29	0	1	LastDelay	0	0	1	0
38.4979	41	0	1	LastDelay	0	0	1	0
38.547	34	0	1	LastDelay	0.003832	3832	1	1
38.5929	24	0	1	LastDelay	0	0	1	0
38.923	18	0	1	LastDelay	0.00333032	3330.32	1	1
38.9463	14	0	1	LastDelay	0.00334444	3344.44	1	1
38.9816	38	0	1	LastDelay	0.00338317	3383.17	1	1
38.9935	36	0	1	LastDelay	0.00383201	3832.01	1	1
39.0456	40	0	1	LastDelay	0.00333035	3330.35	1	1
39.0728	17	0	1	LastDelay	0	0	1	0
39.0773	16	0	1	LastDelay	0.00966672	9666.72	1	1
39.1456	46	0	1	LastDelay	0.00333	3330	1	1
39.1979	6	0	1	LastDelay	0.00253249	2532.49	1	1
39.2083	32	0	1	LastDelay	0.00927096	9270.96	1	1
39.243	0	0	1	LastDelay	0.0033431	3343.1	1	1
39.2461	44	0	1	LastDelay	0.00181113	1811.13	1	1
39.2518	12	0	1	LastDelay	0.00333123	3331.23	1	1
39.2529	3	0	1	LastDelay	0.00389945	3899.45	1	1
39.2529	7	0	1	LastDelay	0.0029235	2923.5	1	1
39.2848	42	0	1	LastDelay	0.003343	3343	1	1
39.2859	1	0	1	LastDelay	0	0	1	0
39.2985	23	0	1	LastDelay	0.003356	3356	1	1
39.3329	15	0	1	LastDelay	0.00269662	2696.62	1	1
39.3708	20	0	1	LastDelay	0.00268873	2688.73	1	1
39.3708	9	0	1	LastDelay	0.00334348	3343.48	1	1
39.4177	22	0	1	LastDelay	0.00333003	3330.03	1	1
39.4301	35	0	1	LastDelay	0.00645733	6457.33	1	1
39.4336	29	0	1	LastDelay	0.00185828	1858.28	1	1
39.5012	41	0	1	LastDelay	0.003343	3343	1	1
39.5432	34	0	1	LastDelay	0	0	1	0
39.5995	24	0	1	LastDelay	0.00654503	6545.03	1	1
39.6316	30	0	1	LastDelay	0.00333	3330	1	1
39.8879	28	0	1	LastDelay	0.00333	3330	1	1
39.9196	18	0	1	LastDelay	0	0	1	0
39.9429	14	0	1	LastDelay	0	0	1	0
39.9782	38	0	1	LastDelay	0	0	1	0
39.9897	36	0	1	LastDelay	0	0	1	0
40.0423	40	0	1	LastDelay	0	0	1	0
40.0676	16	0	1	LastDelay	0	0	1	0
40.075	17	0	1	LastDelay	0.00220355	2203.55	1	1
40.1422	46	0	1	LastDelay	0	0	1	0
40.1826	26	0	1	LastDelay	0.00955178	9551.78	1	1
40.1954	6	0	1	LastDelay	0	0	1	0
40.199	32	0	1	LastDelay	0	0	1	0
40.2396	0	0	1	LastDelay	0	0	1	0
40.2443	44	0	1	LastDelay	0	0	1	0
40.2485	12	0	1	LastDelay	0	0	1	0
40.249	3	0	1	LastDelay	0	0	1	0
40.25	7	0	1	LastDelay	0	0	1	0
40.2815	42	0	1	LastDelay	0	0	1	0
40.2893	1	0	1	LastDelay	0.00335612	3356.12	1	1
40.2952	23	0	1	LastDelay	0	0	1	0
40.3302	15	0	1	LastDelay	0	0	1	0
40.3316	10	0	1	LastDelay	0.0033302	3330.2	1	1
40.3675	9	0	1	LastDelay	0	0	1	0
40.3681	20	0	1	LastDelay	0	0	1	0
40.4143	22	0	1	LastDelay	0	0	1	0
40.4237	35	0	1	LastDelay	0	0	1	0
40.4318	29	0	1	LastDelay	0	0	1	0
40.4979	41	0	1	LastDelay	0	0	1	0
40.5929	24	0	1	LastDelay	0	0	1	0
40.6283	30	0	1	LastDelay	0	0	1	0
40.8846	28	0	1	LastDelay	0	0	1	0
41.0728	17	0	1	LastDelay	0	0	1	0
41.1646	4	0	1	LastDelay	0.00334305	3343.05	1	1
41.173	26	0	1	LastDelay	0	0	1	0
41.1982	6	0	1	LastDelay	0.0028483	2848.3	1	1
41.2013	13	0	1	LastDelay	0.00746907	7469.07	1	1
41.25	12	0	1	LastDelay	0.00156598	1565.98	1	1
41.2531	7	0	1	LastDelay	0.00308935	3089.35	1	1
41.2859	1	0	1	LastDelay	0	0	1	0
41.299	23	0	1	LastDelay	0.00380466	3804.66	1	1
41.3283	10	0	1	LastDelay	0	0	1	0
41.3409	15	0	1	LastDelay	0.0107132	10713.2	1	1
41.434	29	0	1	LastDelay	0.00227303	2273.03	1	1
41.547	34	0	1	LastDelay	0.003793	3793	1	1
41.5967	24	0	1	LastDelay	0.003793	3793	1	1
41.7553	37	0	1	LastDelay	0.00337076	3370.76	1	1
41.8911	28	0	1	LastDelay	0.006558	6558	1	1
41.9074	25	0	1	LastDelay	0.003395	3395	1	1
41.923	18	0	1	LastDelay	0.00334314	3343.14	1	1
42.042	19	0	1	LastDelay	0.00338212	3382.12	1	1
42.0711	11	0	1	LastDelay	0.00288137	2881.37	1	1
42.0865	17	0	1	LastDelay	0.0136864	13686.4	1	1
42.1456	46	0	1	LastDelay	0.003343	3343	1	1
42.1612	4	0	1	LastDelay	0	0	1	0
42.1939	13	0	1	LastDelay	0	0	1	0
42.1954	6	0	1	LastDelay	0	0	1	0
42.2485	12	0	1	LastDelay	0	0	1	0
42.25	7	0	1	LastDelay	0	0	1	0
42.2848	42	0	1	LastDelay	0.00333	3330	1	1
42.2952	23	0	1	LastDelay	0	0	1	0
42.3302	15	0	1	LastDelay	0	0	1	0
42.4177	22	0	1	LastDelay	0.00334302	3343.02	1	1
42.4242	35	0	1	LastDelay	0.000527279	527.279	1	1
42.4318	29	0	1	LastDelay	0	0	1	0
42.5432	34	0	1	LastDelay	0	0	1	0
42.5929	24	0	1	LastDelay	0	0	1	0
42.752	37	0	1	LastDelay	0	0	1	0
42.8846	28	0	1	LastDelay	0	0	1	0
42.904	25	0	1	LastDelay	0	0	1	0
42.9196	18	0	1	LastDelay	0	0	1	0
42.9463	14	0	1	LastDelay	0.00333067	3330.67	1	1
43.0386	19	0	1	LastDelay	0	0	1	0
43.0682	11	0	1	LastDelay	0	0	1	0
43.0709	16	0	1	LastDelay	0.00333058	3330.58	1	1
43.0728	17	0	1	LastDelay	0	0	1	0
43.1422	46	0	1	LastDelay	0	0	1	0
43.1646	4	0	1	LastDelay	0.00333063	3330.63	1	1
43.1972	6	0	1	LastDelay	0.00181881	1818.81	1	1
43.1972	13	0	1	LastDelay	0.00334421	3344.21	1	1
43.2501	12	0	1	LastDelay	0.00167231	1672.31	1	1
43.2532	7	0	1	LastDelay	0.00322343	3223.43	1	1
43.2532	3	0	1	LastDelay	0.00420013	4200.13	1	1
43.2815	42	0	1	LastDelay	0	0	1	0
43.2906	1	0	1	LastDelay	0.00462423	4624.23	1	1
43.3032	23	0	1	LastDelay	0.00800308	8003.07	1	1
43.3316	10	0	1	LastDelay	0.0033301	3330.1	1	1
43.3316	15	0	1	LastDelay	0.00144695	1446.95	1	1
43.3804	9	0	1	LastDelay	0.0129798	12979.8	1	1
43.3804	20	0	1	LastDelay	0.0123253	12325.3	1	1
43.4143	22	0	1	LastDelay	0	0	1	0
43.4237	35	0	1	LastDelay	0	0	1	0
43.5962	24	0	1	LastDelay	0.00333152	3331.52	1	1
43.886	5	0	1	LastDelay	0.00333053	3330.53	1	1
43.9429	14	0	1	LastDelay	0	0	1	0
44.0676	16	0	1	LastDelay	0	0	1	0
44.0874	17	0	1	LastDelay	0.0145706	14570.6	1	1
44.1612	4	0	1	LastDelay	0	0	1	0
44.1939	13	0	1	LastDelay	0	0	1	0
44.1954	6	0	1	LastDelay	0	0	1	0
44.243	0	0	1	LastDelay	0.0033309	3330.9	1	1
44.2485	12	0	1	LastDelay	0	0	1	0
44.249	3	0	1	LastDelay	0	0	1	0
44.25	7	0	1	LastDelay	0	0	1	0
44.2859	1	0	1	LastDelay	0	0	1	0
44.2952	23	0	1	LastDelay	0	0	1	0
44.3283	10	0	1	LastDelay	0	0	1	0
44.3302	15	0	1	LastDelay	0	0	1	0
44.3675	9	0	1	LastDelay	0	0	1	0
44.3681	20	0	1	LastDelay	0	0	1	0
44.424	35	0	1	LastDelay	0.000299314	299.314	1	1
44.5012	41	0	1	LastDelay	0.00333105	3331.05	1	1
44.5929	24	0	1	LastDelay	0	0	1	0
44.8827	5	0	1	LastDelay	0	0	1	0
44.9936	36	0	1	LastDelay	0.003884	3884	1	1
45.0723	11	0	1	LastDelay	0.00413865	4138.65	1	1
45.0728	17	0	1	LastDelay	0	0	1	0
45.1646	4	0	1	LastDelay	0.0033431	3343.1	1	1
45.1979	6	0	1	LastDelay	0.00250497	2504.97	1	1
45.2396	0	0	1	LastDelay	0	0	1	0
45.2522	7	0	1	LastDelay	0.00214235	2142.35	1	1
45.2946	1	0	1	LastDelay	0.00870676	8706.76	1	1
45.3316	10	0	1	LastDelay	0.00336922	3369.22	1	1
45.3316	15	0	1	LastDelay	0.00148589	1485.89	1	1
45.4237	35	0	1	LastDelay	0	0	1	0
45.4979	41	0	1	LastDelay	0	0	1	0
45.9897	36	0	1	LastDelay	0	0	1	0
46.0682	11	0	1	LastDelay	0	0	1	0
46.0709	16	0	1	LastDelay	0.00333105	3331.05	1	1
46.0771	17	0	1	LastDelay	0.00428379	4283.79	1	1
46.1612	4	0	1	LastDelay	0	0	1	0
46.1954	6	0	1	LastDelay	0	0	1	0
46.1972	13	0	1	LastDelay	0.00334365	3343.65	1	1
46.243	0	0	1	LastDelay	0.00333019	3330.19	1	1
46.25	7	0	1	LastDelay	0	0	1	0
46.2527	12	0	1	LastDelay	0.00421141	4211.41	1	1
46.2859	1	0	1	LastDelay	0	0	1	0
46.3283	10	0	1	LastDelay	0	0	1	0
46.3302	15	0	1	LastDelay	0	0	1	0
46.4351	29	0	1	LastDelay	0.00334439	3344.39	1	1
46.8863	28	0	1	LastDelay	0.0017575	1757.51	1	1
46.9262	18	0	1	LastDelay	0.00654564	6545.64	1	1
46.9463	14	0	1	LastDelay	0.00337012	3370.12	1	1
46.993	36	0	1	LastDelay	0.00333	3330	1	1
47.0456	40	0	1	LastDelay	0.003356	3356	1	1
47.0676	16	0	1	LastDelay	0	0	1	0
47.0728	17	0	1	LastDelay	0	0	1	0
47.1939	13	0	1	LastDelay	0	0	1	0
47.1987	6	0	1	LastDelay	0.0033302	3330.2	1	1
47.2396	0	0	1	LastDelay	0	0	1	0
47.2485	12	0	1	LastDelay	0	0	1	0
47.2848	42	0	1	LastDelay	0.00333069	3330.69	1	1
47.2918	1	0	1	LastDelay	0.00582808	5828.08	1	1
47.2956	23	0	1	LastDelay	0.000399995	399.995	1	1
47.3316	10	0	1	LastDelay	0.0033301	3330.1	1	1
47.3347	15	0	1	LastDelay	0.00454187	4541.87	1	1
47.4258	35	0	1	LastDelay	0.00207533	2075.33	1	1
47.4318	29	0	1	LastDelay	0	0	1	0
47.5465	34	0	1	LastDelay	0.00333	3330	1	1
47.8846	28	0	1	LastDelay	0	0	1	0
47.9036	20	0	1	LastDelay	0.535462	535462	1	1
47.9196	18	0	1	LastDelay	0	0	1	0
47.9429	14	0	1	LastDelay	0	0	1	0
47.9897	36	0	1	LastDelay	0	0	1	0
48.0423	40	0	1	LastDelay	0	0	1	0
48.0713	11	0	1	LastDelay	0.00311977	3119.77	1	1
48.0751	17	0	1	LastDelay	0.00226941	2269.41	1	1
48.1954	6	0	1	LastDelay	0	0	1	0
48.1972	13	0	1	LastDelay	0.00333007	3330.07	1	1
48.2513	12	0	1	LastDelay	0.00284987	2849.87	1	1
48.2513	7	0	1	LastDelay	0.00127906	1279.06	1	1
48.2815	42	0	1	LastDelay	0	0	1	0
48.2859	1	0	1	LastDelay	0	0	1	0
48.2952	23	0	1	LastDelay	0	0	1	0
48.3283	10	0	1	LastDelay	0	0	1	0
48.3302	15	0	1	LastDelay	0	0	1	0
48.3681	20	0	1	LastDelay	0	0	1	0
48.4237	35	0	1	LastDelay	0	0	1	0
48.5432	34	0	1	LastDelay	0	0	1	0
48.886	5	0	1	LastDelay	0.00334315	3343.15	1	1
49.0682	11	0	1	LastDelay	0	0	1	0
49.0709	16	0	1	LastDelay	0.00333011	3330.11	1	1
49.0728	17	0	1	LastDelay	0	0	1	0
49.1646	4	0	1	LastDelay	0.0033561	3356.1	1	1
49.1939	13	0	1	LastDelay	0	0	1	0
49.2485	12	0	1	LastDelay	0	0	1	0
49.25	7	0	1	LastDelay	0	0	1	0
49.2897	1	0	1	LastDelay	0.00372703	3727.03	1	1
49.3316	10	0	1	LastDelay	0.00335602	3356.02	1	1
49.3316	15	0	1	LastDelay	0.00147267	1472.67	1	1
49.3819	20	0	1	LastDelay	0.0137982	13798.2	1	1
49.8827	5	0	1	LastDelay	0	0	1	0
49.9815	38	0	1	LastDelay	0.00333103	3331.03	1	1
50.0676	16	0	1	LastDelay	0	0	1	0
50.076	17	0	1	LastDelay	0.00316753	3167.53	1	1
50.1612	4	0	1	LastDelay	0	0	1	0
50.2062	6	0	1	LastDelay	0.0108218	10821.8	1	1
50.2502	12	0	1	LastDelay	0.0017635	1763.5	1	1
50.2502	7	0	1	LastDelay	0.000192906	192.906	1	1
50.2859	1	0	1	LastDelay	0	0	1	0
50.295	21	0	1	LastDelay	0.00239021	2390.21	1	1
50.3283	10	0	1	LastDelay	0	0	1	0
50.3302	15	0	1	LastDelay	0	0	1	0
50.3681	20	0	1	LastDelay	0	0	1	0
50.8934	39	0	1	LastDelay	0.000744795	744.795	1	1
50.9782	38	0	1	LastDelay	0	0	1	0
51.0239	27	0	1	LastDelay	0.003356	3356	1	1
51.0728	17	0	1	LastDelay	0	0	1	0
51.084	11	0	1	LastDelay	0.0158581	15858.1	1	1
51.1646	4	0	1	LastDelay	0.00335611	3356.11	1	1
51.1954	6	0	1	LastDelay	0	0	1	0
51.2485	12	0	1	LastDelay	0	0	1	0
51.25	7	0	1	LastDelay	0	0	1	0
51.2926	21	0	1	LastDelay	0	0	1	0
51.3327	15	0	1	LastDelay	0.00250318	2503.18	1	1
51.8508	8	0	1	LastDelay	0.00338213	3382.13	1	1
51.8926	39	0	1	LastDelay	0	0	1	0
51.9296	18	0	1	LastDelay	0.00998205	9982.05	1	1
52.0205	27	0	1	LastDelay	0	0	1	0
52.0682	11	0	1	LastDelay	0	0	1	0
52.0709	16	0	1	LastDelay	0.00333033	3330.33	1	1
52.074	17	0	1	LastDelay	0.00121482	1214.82	1	1
52.1612	4	0	1	LastDelay	0	0	1	0
52.1986	6	0	1	LastDelay	0.00321994	3219.94	1	1
52.2503	12	0	1	LastDelay	0.00181658	1816.58	1	1
52.2548	7	0	1	LastDelay	0.00474271	4742.71	1	1
52.2843	42	0	1	LastDelay	0.00284467	2844.67	1	1
52.2874	1	0	1	LastDelay	0.00147975	1479.75	1	1
52.294	21	0	1	LastDelay	0.00137243	1372.43	1	1
52.3302	15	0	1	LastDelay	0	0	1	0
52.3313	10	0	1	LastDelay	0.00304218	3042.18	1	1
52.3703	20	0	1	LastDelay	0.00220675	2206.75	1	1
52.4287	35	0	1	LastDelay	0.0050282	5028.2	1	1
52.4372	29	0	1	LastDelay	0.00544482	5444.82	1	1
52.5465	34	0	1	LastDelay	0.003343	3343	1	1
52.5966	24	0	1	LastDelay	0.00368788	3687.88	1	1
52.6316	30	0	1	LastDelay	0.00333158	3331.58	1	1
52.8474	8	0	1	LastDelay	0	0	1	0
52.886	5	0	1	LastDelay	0.0033435	3343.5	1	1
52.8896	28	0	1	LastDelay	0.00498451	4984.51	1	1
52.9196	18	0	1	LastDelay	0	0	1	0
52.9463	14	0	1	LastDelay	0.00334337	3343.37	1	1
52.9931	36	0	1	LastDelay	0.003369	3369	1	1
53.0486	40	0	1	LastDelay	0.00635429	6354.29	1	1
53.0676	16	0	1	LastDelay	0	0	1	0
53.0715	11	0	1	LastDelay	0.00336903	3369.03	1	1
53.0728	17	0	1	LastDelay	0	0	1	0
53.1456	46	0	1	LastDelay	0.00333003	3330.03	1	1
53.1954	6	0	1	LastDelay	0	0	1	0
53.1986	13	0	1	LastDelay	0.00476512	4765.12	1	1
53.2485	12	0	1	LastDelay	0	0	1	0
53.25	7	0	1	LastDelay	0	0	1	0
53.2815	42	0	1	LastDelay	0	0	1	0
53.2859	1	0	1	LastDelay	0	0	1	0
53.2926	21	0	1	LastDelay	0	0	1	0
53.2985	23	0	1	LastDelay	0.00333059	3330.59	1	1
53.3283	10	0	1	LastDelay	0	0	1	0
53.3366	15	0	1	LastDelay	0.00642611	6426.11	1	1
53.3681	20	0	1	LastDelay	0	0	1	0
53.3708	9	0	1	LastDelay	0.00338343	3383.43	1	1
53.4237	35	0	1	LastDelay	0	0	1	0
53.4318	29	0	1	LastDelay	0	0	1	0
53.5432	34	0	1	LastDelay	0	0	1	0
53.5929	24	0	1	LastDelay	0	0	1	0
53.6283	30	0	1	LastDelay	0	0	1	0
53.8827	5	0	1	LastDelay	0	0	1	0
53.8846	28	0	1	LastDelay	0	0	1	0
53.9429	14	0	1	LastDelay	0	0	1	0
53.9815	38	0	1	LastDelay	0.00334326	3343.26	1	1
53.9897	36	0	1	LastDelay	0	0	1	0
54.0423	40	0	1	LastDelay	0	0	1	0
54.0682	11	0	1	LastDelay	0	0	1	0
54.0803	17	0	1	LastDelay	0.0074286	7428.6	1	1
54.1422	46	0	1	LastDelay	0	0	1	0
54.1799	26	0	1	LastDelay	0.00682801	6828.01	1	1
54.1939	13	0	1	LastDelay	0	0	1	0
54.2485	12	0	1	LastDelay	5.4303e-05	54.303	1	1
54.2561	7	0	1	LastDelay	0.00604841	6048.41	1	1
54.2592	44	0	1	LastDelay	0.0148993	14899.3	1	1
54.2629	3	0	1	LastDelay	0.0138803	13880.3	1	1
54.2875	1	0	1	LastDelay	0.001592	1592	1	1
54.2952	23	0	1	LastDelay	0	0	1	0
54.3064	21	0	1	LastDelay	0.0138227	13822.7	1	1
54.3302	15	0	1	LastDelay	0	0	1	0
54.3309	10	0	1	LastDelay	0.00259924	2599.24	1	1
54.3675	9	0	1	LastDelay	0	0	1	0
54.4208	22	0	1	LastDelay	0.00642655	6426.55	1	1
54.4346	29	0	1	LastDelay	0.00284796	2847.96	1	1
54.5012	41	0	1	LastDelay	0.00333128	3331.28	1	1
54.5962	24	0	1	LastDelay	0.00333137	3331.37	1	1
54.8891	5	0	1	LastDelay	0.00643883	6438.83	1	1
54.9437	14	0	1	LastDelay	0.000750817	750.817	1	1
54.9782	38	0	1	LastDelay	0	0	1	0
54.9931	36	0	1	LastDelay	0.0033431	3343.1	1	1
55.0728	17	0	1	LastDelay	0	0	1	0
55.0747	11	0	1	LastDelay	0.00657199	6571.99	1	1
55.1629	4	0	1	LastDelay	0.00168647	1686.47	1	1
55.173	26	0	1	LastDelay	0	0	1	0
55.1972	13	0	1	LastDelay	0.00333077	3330.77	1	1
55.2006	6	0	1	LastDelay	0.00523409	5234.09	1	1
55.2406	0	0	1	LastDelay	0.000959245	959.245	1	1
55.2443	44	0	1	LastDelay	0	0	1	0
55.2485	12	0	1	LastDelay	0	0	1	0
55.249	3	0	1	LastDelay	0	0	1	0
55.25	7	0	1	LastDelay	0	0	1	0
55.2859	1	0	1	LastDelay	0	0	1	0
55.2926	21	0	1	LastDelay	0	0	1	0
55.2956	23	0	1	LastDelay	0.000450475	450.475	1	1
55.3283	10	0	1	LastDelay	0	0	1	0
55.3335	15	0	1	LastDelay	0.00333014	3330.14	1	1
55.4143	22	0	1	LastDelay	0	0	1	0
55.427	35	0	1	LastDelay	0.00333	3330	1	1
55.4318	29	0	1	LastDelay	0	0	1	0
55.4979	41	0	1	LastDelay	0	0	1	0
55.5929	24	0	1	LastDelay	0	0	1	0
55.8827	5	0	1	LastDelay	0	0	1	0
55.9261	18	0	1	LastDelay	0.00643903	6439.02	1	1
55.9429	14	0	1	LastDelay	0	0	1	0
55.9897	36	0	1	LastDelay	0	0	1	0
56.0451	19	0	1	LastDelay	0.00641342	6413.42	1	1
56.0682	11	0	1	LastDelay	0	0	1	0
56.0744	17	0	1	LastDelay	0.00156943	1569.43	1	1
56.1456	46	0	1	LastDelay	0.00333042	3330.42	1	1
56.1612	4	0	1	LastDelay	0	0	1	0
56.1939	13	0	1	LastDelay	0	0	1	0
56.1954	6	0	1	LastDelay	0	0	1	0
56.2396	0	0	1	LastDelay	0	0	1	0
56.2518	12	0	1	LastDelay	0.00333066	3330.66	1	1
56.2518	7	0	1	LastDelay	0.00176005	1760.05	1	1
56.29	1	0	1	LastDelay	0.00406619	4066.19	1	1
56.2952	23	0	1	LastDelay	0	0	1	0
56.2973	21	0	1	LastDelay	0.00464828	4648.28	1	1
56.3302	15	0	1	LastDelay	0	0	1	0
56.3316	10	0	1	LastDelay	0.00333027	3330.27	1	1
56.4237	35	0	1	LastDelay	0	0	1	0
56.5465	34	0	1	LastDelay	0.00333098	3330.98	1	1
56.886	5	0	1	LastDelay	0.00333015	3330.15	1	1
56.9196	18	0	1	LastDelay	0	0	1	0
56.9931	36	0	1	LastDelay	0.003343	3343	1	1
57.0386	19	0	1	LastDelay	0	0	1	0
57.0456	40	0	1	LastDelay	0.00333	3330	1	1
57.0713	11	0	1	LastDelay	0.00309334	3093.34	1	1
57.0728	17	0	1	LastDelay	0	0	1	0
57.1422	46	0	1	LastDelay	0	0	1	0
57.1646	4	0	1	LastDelay	0.00333041	3330.41	1	1
57.1972	13	0	1	LastDelay	0.00333115	3331.15	1	1
57.1972	6	0	1	LastDelay	0.0018066	1806.6	1	1
57.243	0	0	1	LastDelay	0.00333002	3330.02	1	1
57.2485	12	0	1	LastDelay	0	0	1	0
57.25	7	0	1	LastDelay	0	0	1	0
57.2848	42	0	1	LastDelay	0.00333	3330	1	1
57.2859	1	0	1	LastDelay	0	0	1	0
57.2926	21	0	1	LastDelay	0	0	1	0
57.2991	23	0	1	LastDelay	0.00394109	3941.09	1	1
57.3283	10	0	1	LastDelay	0	0	1	0
57.3729	20	0	1	LastDelay	0.00473521	4735.21	1	1
57.4246	35	0	1	LastDelay	0.000874269	874.269	1	1
57.4367	29	0	1	LastDelay	0.00489953	4899.53	1	1
57.5432	34	0	1	LastDelay	0	0	1	0
57.5962	24	0	1	LastDelay	0.00333026	3330.26	1	1
57.8827	5	0	1	LastDelay	0	0	1	0
57.923	18	0	1	LastDelay	0.00333078	3330.78	1	1
57.9897	36	0	1	LastDelay	0	0	1	0
58.0423	40	0	1	LastDelay	0	0	1	0
58.0682	11	0	1	LastDelay	0	0	1	0
58.0709	16	0	1	LastDelay	0.00333028	3330.28	1	1
58.074	17	0	1	LastDelay	0.001189	1189	1	1
58.1456	46	0	1	LastDelay	0.00333031	3330.31	1	1
58.1612	4	0	1	LastDelay	0	0	1	0
58.1939	13	0	1	LastDelay	0	0	1	0
58.1954	6	0	1	LastDelay	0	0	1	0
58.2396	0	0	1	LastDelay	0	0	1	0
58.2815	42	0	1	LastDelay	0	0	1	0
58.2931	21	0	1	LastDelay	0.000458202	458.202	1	1
58.2952	23	0	1	LastDelay	0	0	1	0
58.3326	15	0	1	LastDelay	0.00248924	2489.24	1	1
58.3681	20	0	1	LastDelay	0	0	1	0
58.4177	22	0	1	LastDelay	0.00333113	3331.13	1	1
58.4237	35	0	1	LastDelay	0	0	1	0
58.4318	29	0	1	LastDelay	0	0	1	0
58.5012	41	0	1	LastDelay	0.003343	3343	1	1
58.5929	24	0	1	LastDelay	0	0	1	0
58.886	5	0	1	LastDelay	0.00333002	3330.02	1	1
58.8925	28	0	1	LastDelay	0.00793672	7936.72	1	1
58.9196	18	0	1	LastDelay	0	0	1	0
58.993	36	0	1	LastDelay	0.00333	3330	1	1
59.0676	16	0	1	LastDelay	0	0	1	0
59.0728	17	0	1	LastDelay	0	0	1	0
59.1422	46	0	1	LastDelay	0	0	1	0
59.2506	12	0	1	LastDelay	0.00211959	2119.59	1	1
59.2862	1	0	1	LastDelay	0.000281924	281.924	1	1
59.2926	21	0	1	LastDelay	0	0	1	0
59.3302	15	0	1	LastDelay	0	0	1	0
59.4143	22	0	1	LastDelay	0	0	1	0
59.435	29	0	1	LastDelay	0.00326396	3263.96	1	1
59.4979	41	0	1	LastDelay	0	0	1	0
59.8827	5	0	1	LastDelay	0	0	1	0
59.8846	28	0	1	LastDelay	0	0	1	0
59.9897	36	0	1	LastDelay	0	0	1	0
60.0731	17	0	1	LastDelay	0.000230767	230.767	1	1
60.0731	11	0	1	LastDelay	0.00488896	4888.96	1	1
60.243	0	0	1	LastDelay	0.00333025	3330.25	1	1
60.2485	12	0	1	LastDelay	0	0	1	0
60.2859	1	0	1	LastDelay	0	0	1	0
60.2966	23	0	1	LastDelay	0.00144853	1448.53	1	1
60.3316	10	0	1	LastDelay	0.0033301	3330.1	1	1
60.3462	15	0	1	LastDelay	0.0160057	16005.7	1	1
60.3714	20	0	1	LastDelay	0.00333009	3330.09	1	1
60.4177	22	0	1	LastDelay	0.00333086	3330.86	1	1
60.4318	29	0	1	LastDelay	0	0	1	0
60.886	5	0	1	LastDelay	0.00333015	3330.15	1	1
60.9457	14	0	1	LastDelay	0.00274969	2749.7	1	1
61.0404	19	0	1	LastDelay	0.00170432	1704.32	1	1
61.0682	11	0	1	LastDelay	0	0	1	0
61.0697	16	0	1	LastDelay	0.00209098	2090.98	1	1
61.0728	17	0	1	LastDelay	0	0	1	0
61.1677	4	0	1	LastDelay	0.00643937	6439.37	1	1
61.1807	26	0	1	LastDelay	0.00771423	7714.23	1	1
61.1974	6	0	1	LastDelay	0.00196749	1967.49	1	1
61.2078	32	0	1	LastDelay	0.00874808	8748.08	1	1
61.2396	0	0	1	LastDelay	0	0	1	0
61.2515	3	0	1	LastDelay	0.00242367	2423.67	1	1
61.293	21	0	1	LastDelay	0.000443852	443.852	1	1
61.2952	23	0	1	LastDelay	0	0	1	0
61.3283	10	0	1	LastDelay	0	0	1	0
61.3302	15	0	1	LastDelay	0	0	1	0
61.3681	20	0	1	LastDelay	0	0	1	0
61.3708	9	0	1	LastDelay	0.00338245	3382.45	1	1
61.4143	22	0	1	LastDelay	0	0	1	0
61.8827	5	0	1	LastDelay	0	0	1	0
61.923	18	0	1	LastDelay	0.00333032	3330.32	1	1
61.9429	14	0	1	LastDelay	0	0	1	0
61.9816	38	0	1	LastDelay	0.003356	3356	1	1
62.0386	19	0	1	LastDelay	0	0	1	0
62.0676	16	0	1	LastDelay	0	0	1	0
62.1612	4	0	1	LastDelay	0	0	1	0
62.173	26	0	1	LastDelay	0	0	1	0
62.1954	6	0	1	LastDelay	0	0	1	0
62.199	32	0	1	LastDelay	0	0	1	0
62.249	3	0	1	LastDelay	0	0	1	0
62.2524	12	0	1	LastDelay	0.00392978	3929.78	1	1
62.2926	21	0	1	LastDelay	0	0	1	0
62.3385	15	0	1	LastDelay	0.00833689	8336.89	1	1
62.3675	9	0	1	LastDelay	0	0	1	0
62.9196	18	0	1	LastDelay	0	0	1	0
62.9782	38	0	1	LastDelay	0	0	1	0
63.0709	11	0	1	LastDelay	0.00273732	2737.32	1	1
63.0709	16	0	1	LastDelay	0.00333015	3330.15	1	1
63.1731	26	0	1	LastDelay	3.4518e-05	34.518	1	1
63.1989	6	0	1	LastDelay	0.00352433	3524.33	1	1
63.2472	44	0	1	LastDelay	0.00293216	2932.16	1	1
63.2485	12	0	1	LastDelay	0	0	1	0
63.2641	3	0	1	LastDelay	0.0150442	15044.2	1	1
63.2967	23	0	1	LastDelay	0.00148726	1487.26	1	1
63.3296	10	0	1	LastDelay	0.00130456	1304.56	1	1
63.3302	15	0	1	LastDelay	0	0	1	0
63.3708	9	0	1	LastDelay	0.00333026	3330.26	1	1
63.923	18	0	1	LastDelay	0.0033563	3356.3	1	1
64.0387	19	0	1	LastDelay	1.0008e-05	10.008	1	1
64.0676	16	0	1	LastDelay	0	0	1	0
64.0682	11	0	1	LastDelay	0	0	1	0
64.173	26	0	1	LastDelay	0	0	1	0
64.1954	6	0	1	LastDelay	0	0	1	0
64.243	0	0	1	LastDelay	0.00334302	3343.02	1	1
64.2443	44	0	1	LastDelay	0	0	1	0
64.249	3	0	1	LastDelay	0	0	1	0
64.254	12	0	1	LastDelay	0.00557222	5572.22	1	1
64.2929	21	0	1	LastDelay	0.000254598	254.598	1	1
64.2952	23	0	1	LastDelay	0	0	1	0
64.3283	10	0	1	LastDelay	0	0	1	0
64.3675	9	0	1	LastDelay	0	0	1	0
64.4177	22	0	1	LastDelay	0.00333002	3330.02	1	1
64.4364	29	0	1	LastDelay	0.00463975	4639.75	1	1
64.5465	34	0	1	LastDelay	0.00334343	3343.43	1	1
64.9196	18	0	1	LastDelay	0	0	1	0
65.0386	19	0	1	LastDelay	0	0	1	0
65.0789	11	0	1	LastDelay	0.0107618	10761.8	1	1
65.0789	17	0	1	LastDelay	0.00610369	6103.69	1	1
65.1784	26	0	1	LastDelay	0.00539603	5396.03	1	1
65.1979	6	0	1	LastDelay	0.0024626	2462.6	1	1
65.2396	0	0	1	LastDelay	0	0	1	0
65.2485	12	0	1	LastDelay	0	0	1	0
65.2526	3	0	1	LastDelay	0.00357315	3573.15	1	1
65.2534	7	0	1	LastDelay	0.00333009	3330.09	1	1
65.2863	1	0	1	LastDelay	0.000375727	375.727	1	1
65.2926	21	0	1	LastDelay	0	0	1	0
65.3319	15	0	1	LastDelay	0.00179001	1790.01	1	1
65.3744	20	0	1	LastDelay	0.00625789	6257.89	1	1
65.4143	22	0	1	LastDelay	0	0	1	0
65.4301	35	0	1	LastDelay	0.00642553	6425.53	1	1
65.4318	29	0	1	LastDelay	0	0	1	0
65.5432	34	0	1	LastDelay	0	0	1	0
65.886	5	0	1	LastDelay	0.00335605	3356.05	1	1
65.923	18	0	1	LastDelay	0.00333036	3330.36	1	1
65.9439	14	0	1	LastDelay	0.00100292	1002.92	1	1
66.0467	19	0	1	LastDelay	0.00800442	8004.42	1	1
66.0682	11	0	1	LastDelay	0	0	1	0
66.0728	17	0	1	LastDelay	0	0	1	0
66.0789	16	0	1	LastDelay	0.01134	11340	1	1
66.1456	46	0	1	LastDelay	0.003343	3343	1	1
66.173	26	0	1	LastDelay	0	0	1	0
66.1954	6	0	1	LastDelay	0	0	1	0
66.1977	13	0	1	LastDelay	0.00380615	3806.15	1	1
66.243	0	0	1	LastDelay	0.00333012	3330.12	1	1
66.249	3	0	1	LastDelay	0	0	1	0
66.25	7	0	1	LastDelay	0	0	1	0
66.2573	12	0	1	LastDelay	0.00882584	8825.84	1	1
66.2859	1	0	1	LastDelay	0	0	1	0
66.2981	21	0	1	LastDelay	0.00552225	5522.25	1	1
66.2981	23	0	1	LastDelay	0.002954	2953.99	1	1
66.3302	15	0	1	LastDelay	0	0	1	0
66.3681	20	0	1	LastDelay	0	0	1	0
66.4237	35	0	1	LastDelay	0	0	1	0
66.8827	5	0	1	LastDelay	0	0	1	0
66.9196	18	0	1	LastDelay	0	0	1	0
66.9429	14	0	1	LastDelay	0	0	1	0
67.0386	19	0	1	LastDelay	0	0	1	0
67.0676	16	0	1	LastDelay	0	0	1	0
67.0753	17	0	1	LastDelay	0.00248006	2480.06	1	1
67.1422	46	0	1	LastDelay	0	0	1	0
67.1646	4	0	1	LastDelay	0.00333041	3330.41	1	1
67.1789	26	0	1	LastDelay	0.00584352	5843.52	1	1
67.1939	13	0	1	LastDelay	0	0	1	0
67.1973	6	0	1	LastDelay	0.00194925	1949.25	1	1
67.2396	0	0	1	LastDelay	0	0	1	0
67.2485	12	0	1	LastDelay	0	0	1	0
67.2926	21	0	1	LastDelay	0	0	1	0
67.2952	23	0	1	LastDelay	0	0	1	0
67.3372	15	0	1	LastDelay	0.0069962	6996.2	1	1
67.3712	20	0	1	LastDelay	0.00307188	3071.88	1	1
67.4177	22	0	1	LastDelay	0.00333021	3330.21	1	1
67.886	5	0	1	LastDelay	0.0033302	3330.2	1	1
67.8937	28	0	1	LastDelay	0.00913551	9135.51	1	1
67.9105	25	0	1	LastDelay	0.00644007	6440.07	1	1
67.9201	18	0	1	LastDelay	0.000460443	460.443	1	1
67.9463	14	0	1	LastDelay	0.00334327	3343.27	1	1
67.9694	29	0	1	LastDelay	0.537681	537681	1	1
68.0487	40	0	1	LastDelay	0.00641393	6413.93	1	1
68.0728	17	0	1	LastDelay	0	0	1	0
68.0741	16	0	1	LastDelay	0.00654647	6546.47	1	1
68.0741	11	0	1	LastDelay	0.00595373	5953.73	1	1
68.1612	4	0	1	LastDelay	0	0	1	0
68.173	26	0	1	LastDelay	0	0	1	0
68.1954	6	0	1	LastDelay	0	0	1	0
68.2496	12	0	1	LastDelay	0.00110383	1103.83	1	1
68.253	7	0	1	LastDelay	0.00297381	2973.81	1	1
68.2934	1	0	1	LastDelay	0.0074224	7422.4	1	1
68.2969	21	0	1	LastDelay	0.00426426	4264.27	1	1
68.3142	23	0	1	LastDelay	0.0189981	18998.1	1	1
68.3302	15	0	1	LastDelay	0	0	1	0
68.3681	20	0	1	LastDelay	0	0	1	0
68.4143	22	0	1	LastDelay	0	0	1	0
68.4318	29	0	1	LastDelay	0	0	1	0
68.5012	41	0	1	LastDelay	0.00334443	3344.43	1	1
68.5466	34	0	1	LastDelay	0.00335603	3356.03	1	1
68.6097	24	0	1	LastDelay	0.0167552	16755.2	1	1
68.8827	5	0	1	LastDelay	0	0	1	0
68.8846	28	0	1	LastDelay	0	0	1	0
68.904	25	0	1	LastDelay	0	0	1	0
68.9196	18	0	1	LastDelay	0	0	1	0
68.9429	14	0	1	LastDelay	0	0	1	0
68.9931	36	0	1	LastDelay	0.00334309	3343.09	1	1
69.0423	40	0	1	LastDelay	0	0	1	0
69.0676	16	0	1	LastDelay	0	0	1	0
69.0682	11	0	1	LastDelay	0	0	1	0
69.1456	46	0	1	LastDelay	0.00334311	3343.11	1	1
69.1759	26	0	1	LastDelay	0.00290897	2908.97	1	1
69.2029	13	0	1	LastDelay	0.00905578	9055.78	1	1
69.243	0	0	1	LastDelay	0.00333013	3330.13	1	1
69.2485	12	0	1	LastDelay	0	0	1	0
69.25	7	0	1	LastDelay	0	0	1	0
69.2859	1	0	1	LastDelay	0	0	1	0
69.2926	21	0	1	LastDelay	0	0	1	0
69.2952	23	0	1	LastDelay	0	0	1	0
69.332	15	0	1	LastDelay	0.0018158	1815.8	1	1
69.372	20	0	1	LastDelay	0.00383588	3835.88	1	1
69.4177	22	0	1	LastDelay	0.0033302	3330.2	1	1
69.4979	41	0	1	LastDelay	0	0	1	0
69.5432	34	0	1	LastDelay	0	0	1	0
69.5929	24	0	1	LastDelay	0	0	1	0
69.8908	28	0	1	LastDelay	0.006264	6264	1	1
69.9057	25	0	1	LastDelay	0.001678	1678	1	1
69.9203	18	0	1	LastDelay	0.000645982	645.982	1	1
69.9463	14	0	1	LastDelay	0.00339938	3399.38	1	1
69.9897	36	0	1	LastDelay	0	0	1	0
70.0429	40	0	1	LastDelay	0.000583779	583.779	1	1
70.0714	16	0	1	LastDelay	0.00378019	3780.19	1	1
70.0714	11	0	1	LastDelay	0.00318746	3187.46	1	1
70.0748	17	0	1	LastDelay	0.00196825	1968.25	1	1
70.1422	46	0	1	LastDelay	0	0	1	0
70.1677	4	0	1	LastDelay	0.00642515	6425.15	1	1
70.173	26	0	1	LastDelay	0	0	1	0
70.1939	13	0	1	LastDelay	0	0	1	0
70.2021	6	0	1	LastDelay	0.00668926	6689.26	1	1
70.2396	0	0	1	LastDelay	0	0	1	0
70.2959	21	0	1	LastDelay	0.00333017	3330.17	1	1
70.2959	23	0	1	LastDelay	0.000761808	761.808	1	1
70.3302	15	0	1	LastDelay	0	0	1	0
70.3681	20	0	1	LastDelay	0	0	1	0
70.4143	22	0	1	LastDelay	0	0	1	0
70.4329	29	0	1	LastDelay	0.00109774	1097.74	1	1
70.5993	24	0	1	LastDelay	0.00643856	6438.56	1	1
70.6287	30	0	1	LastDelay	0.000404399	404.399	1	1
70.8846	28	0	1	LastDelay	0	0	1	0
70.904	25	0	1	LastDelay	0	0	1	0
70.9196	18	0	1	LastDelay	0	0	1	0
70.9429	14	0	1	LastDelay	0	0	1	0
71.0423	40	0	1	LastDelay	0	0	1	0
71.0676	16	0	1	LastDelay	0	0	1	0
71.0682	11	0	1	LastDelay	0	0	1	0
71.0728	17	0	1	LastDelay	0	0	1	0
71.1612	4	0	1	LastDelay	0	0	1	0
71.1795	26	0	1	LastDelay	0.00644006	6440.06	1	1
71.1954	6	0	1	LastDelay	0	0	1	0
71.1975	13	0	1	LastDelay	0.0036086	3608.6	1	1
71.243	0	0	1	LastDelay	0.00333035	3330.35	1	1
71.2528	12	0	1	LastDelay	0.00433023	4330.23	1	1
71.2894	1	0	1	LastDelay	0.00342713	3427.13	1	1
71.2926	21	0	1	LastDelay	0	0	1	0
71.2952	23	0	1	LastDelay	0	0	1	0
71.3316	10	0	1	LastDelay	0.00335602	3356.02	1	1
71.3316	15	0	1	LastDelay	0.00147265	1472.65	1	1
71.373	20	0	1	LastDelay	0.00489389	4893.89	1	1
71.4318	29	0	1	LastDelay	0	0	1	0
71.5496	34	0	1	LastDelay	0.00643834	6438.34	1	1
71.5929	24	0	1	LastDelay	0	0	1	0
71.6283	30	0	1	LastDelay	0	0	1	0
71.8863	5	0	1	LastDelay	0.0036733	3673.3	1	1
71.8863	28	0	1	LastDelay	0.00175673	1756.73	1	1
71.9046	25	0	1	LastDelay	0.000553876	553.876	1	1
71.9204	18	0	1	LastDelay	0.000728865	728.865	1	1
71.9441	14	0	1	LastDelay	0.00117006	1170.06	1	1
72.0238	27	0	1	LastDelay	0.00333027	3330.27	1	1
72.0527	40	0	1	LastDelay	0.0103834	10383.4	1	1
72.0773	17	0	1	LastDelay	0.00443451	4434.51	1	1
72.0773	16	0	1	LastDelay	0.00968553	9685.53	1	1
72.1646	4	0	1	LastDelay	0.00333005	3330.05	1	1
72.173	26	0	1	LastDelay	0	0	1	0
72.1939	13	0	1	LastDelay	0	0	1	0
72.2396	0	0	1	LastDelay	0	0	1	0
72.2485	12	0	1	LastDelay	0	0	1	0
72.2859	1	0	1	LastDelay	0	0	1	0
72.2959	21	0	1	LastDelay	0.00334326	3343.26	1	1
72.2959	23	0	1	LastDelay	0.000775017	775.017	1	1
72.3283	10	0	1	LastDelay	0	0	1	0
72.3302	15	0	1	LastDelay	0	0	1	0
72.3681	20	0	1	LastDelay	0	0	1	0
72.4384	29	0	1	LastDelay	0.00665693	6656.93	1	1
72.5012	41	0	1	LastDelay	0.003356	3356	1	1
72.5432	34	0	1	LastDelay	0	0	1	0
72.8827	5	0	1	LastDelay	0	0	1	0
72.8846	28	0	1	LastDelay	0	0	1	0
72.904	25	0	1	LastDelay	0	0	1	0
72.9196	18	0	1	LastDelay	0	0	1	0
72.9429	14	0	1	LastDelay	0	0	1	0
73.0205	27	0	1	LastDelay	0	0	1	0
73.0423	40	0	1	LastDelay	0	0	1	0
73.0676	16	0	1	LastDelay	0	0	1	0
73.0728	17	0	1	LastDelay	0	0	1	0
73.1612	4	0	1	LastDelay	0	0	1	0
73.1764	26	0	1	LastDelay	0.00333048	3330.48	1	1
73.1972	6	0	1	LastDelay	0.0018066	1806.6	1	1
73.2009	13	0	1	LastDelay	0.00707715	7077.15	1	1
73.2495	12	0	1	LastDelay	0.0010519	1051.9	1	1
73.2886	1	0	1	LastDelay	0.00270447	2704.47	1	1
73.2926	21	0	1	LastDelay	0	0	1	0
73.2952	23	0	1	LastDelay	0	0	1	0
73.427	35	0	1	LastDelay	0.00331501	3315.01	1	1
73.4318	29	0	1	LastDelay	0	0	1	0
73.4979	41	0	1	LastDelay	0	0	1	0
73.8867	28	0	1	LastDelay	0.00212617	2126.16	1	1
73.9064	25	0	1	LastDelay	0.00241955	2419.55	1	1
73.9216	18	0	1	LastDelay	0.00196516	1965.16	1	1
74.042	19	0	1	LastDelay	0.00335609	3356.09	1	1
74.0451	40	0	1	LastDelay	0.00280786	2807.86	1	1
74.0709	11	0	1	LastDelay	0.00273727	2737.27	1	1
74.0709	16	0	1	LastDelay	0.00333006	3330.06	1	1
74.0761	17	0	1	LastDelay	0.00327245	3272.45	1	1
74.1456	46	0	1	LastDelay	0.003356	3356	1	1
74.1646	4	0	1	LastDelay	0.00338221	3382.21	1	1
74.173	26	0	1	LastDelay	0	0	1	0
74.1939	13	0	1	LastDelay	0	0	1	0
74.1954	6	0	1	LastDelay	0	0	1	0
74.2433	0	0	1	LastDelay	0.00367331	3673.31	1	1
74.2485	12	0	1	LastDelay	0	0	1	0
74.2544	7	0	1	LastDelay	0.00441362	4413.62	1	1
74.2848	42	0	1	LastDelay	0.00333011	3330.11	1	1
74.2859	1	0	1	LastDelay	0	0	1	0
74.2963	23	0	1	LastDelay	0.00110491	1104.91	1	1
74.3312	10	0	1	LastDelay	0.00294156	2941.56	1	1
74.3312	15	0	1	LastDelay	0.00105817	1058.17	1	1
74.3711	20	0	1	LastDelay	0.00301306	3013.06	1	1
74.4177	22	0	1	LastDelay	0.00334316	3343.16	1	1
74.4237	35	0	1	LastDelay	0	0	1	0
74.437	29	0	1	LastDelay	0.0052024	5202.4	1	1
74.5012	41	0	1	LastDelay	0.00333	3330	1	1
74.5963	24	0	1	LastDelay	0.00334319	3343.19	1	1
74.6347	30	0	1	LastDelay	0.00644004	6440.04	1	1
74.8846	28	0	1	LastDelay	0	0	1	0
74.904	25	0	1	LastDelay	0	0	1	0
74.9196	18	0	1	LastDelay	0	0	1	0
74.9931	36	0	1	LastDelay	0.00334386	3343.86	1	1
75.0238	27	0	1	LastDelay	0.00334321	3343.21	1	1
75.0386	19	0	1	LastDelay	0	0	1	0
75.0423	40	0	1	LastDelay	0	0	1	0
75.0676	16	0	1	LastDelay	0	0	1	0
75.0682	11	0	1	LastDelay	0	0	1	0
75.0728	17	0	1	LastDelay	0	0	1	0
75.1422	46	0	1	LastDelay	0	0	1	0
75.1612	4	0	1	LastDelay	0	0	1	0
75.1972	6	0	1	LastDelay	0.00178715	1787.15	1	1
75.2396	0	0	1	LastDelay	0	0	1	0
75.25	7	0	1	LastDelay	0	0	1	0
75.2549	12	0	1	LastDelay	0.0064921	6492.1	1	1
75.2815	42	0	1	LastDelay	0	0	1	0
75.2893	1	0	1	LastDelay	0.0033309	3330.9	1	1
75.2952	23	0	1	LastDelay	0	0	1	0
75.2959	21	0	1	LastDelay	0.00333021	3330.21	1	1
75.3283	10	0	1	LastDelay	0	0	1	0
75.3302	15	0	1	LastDelay	0	0	1	0
75.3681	20	0	1	LastDelay	0	0	1	0
75.4143	22	0	1	LastDelay	0	0	1	0
75.4318	29	0	1	LastDelay	0	0	1	0
75.4979	41	0	1	LastDelay	0	0	1	0
75.5496	34	0	1	LastDelay	0.00643894	6438.94	1	1
75.5929	24	0	1	LastDelay	0	0	1	0
75.6283	30	0	1	LastDelay	0	0	1	0
75.8887	28	0	1	LastDelay	0.00416205	4162.05	1	1
75.9463	14	0	1	LastDelay	0.00334308	3343.08	1	1
75.9897	36	0	1	LastDelay	0	0	1	0
76.0205	27	0	1	LastDelay	0	0	1	0
76.079	17	0	1	LastDelay	0.00618165	6181.65	1	1
76.079	11	0	1	LastDelay	0.0108398	10839.8	1	1
76.1456	46	0	1	LastDelay	0.00335669	3356.69	1	1
76.1734	26	0	1	LastDelay	0.000351583	351.583	1	1
76.1954	6	0	1	LastDelay	0	0	1	0
76.2051	32	0	1	LastDelay	0.00604274	6042.74	1	1
76.2485	12	0	1	LastDelay	0	0	1	0
76.2541	3	0	1	LastDelay	0.00509976	5099.76	1	1
76.2541	44	0	1	LastDelay	0.00987908	9879.08	1	1
76.2859	1	0	1	LastDelay	0	0	1	0
76.2926	21	0	1	LastDelay	0	0	1	0
76.3316	10	0	1	LastDelay	0.00333013	3330.13	1	1
76.3316	15	0	1	LastDelay	0.00144675	1446.75	1	1
76.3733	9	0	1	LastDelay	0.00579981	5799.81	1	1
76.387	20	0	1	LastDelay	0.0188352	18835.2	1	1
76.4177	22	0	1	LastDelay	0.00333021	3330.21	1	1
76.4335	29	0	1	LastDelay	0.00177752	1777.52	1	1
76.5012	41	0	1	LastDelay	0.003356	3356	1	1
76.5432	34	0	1	LastDelay	0	0	1	0
76.5962	24	0	1	LastDelay	0.00333015	3330.15	1	1
76.8846	28	0	1	LastDelay	0	0	1	0
76.9088	25	0	1	LastDelay	0.00478853	4788.53	1	1
76.923	18	0	1	LastDelay	0.00335928	3359.28	1	1
76.9429	14	0	1	LastDelay	0	0	1	0
76.9816	38	0	1	LastDelay	0.00340831	3408.31	1	1
77.042	19	0	1	LastDelay	0.00335611	3356.11	1	1
77.0451	40	0	1	LastDelay	0.00280777	2807.77	1	1
77.0682	11	0	1	LastDelay	0	0	1	0
77.0709	16	0	1	LastDelay	0.00334315	3343.15	1	1
77.0728	17	0	1	LastDelay	0	0	1	0
77.1422	46	0	1	LastDelay	0	0	1	0
77.173	26	0	1	LastDelay	0	0	1	0
77.199	32	0	1	LastDelay	0	0	1	0
77.2014	6	0	1	LastDelay	0.00596007	5960.07	1	1
77.243	0	0	1	LastDelay	0.00333007	3330.07	1	1
77.2443	44	0	1	LastDelay	0	0	1	0
77.249	3	0	1	LastDelay	0	0	1	0
77.2533	12	0	1	LastDelay	0.00488604	4886.04	1	1
77.2602	7	0	1	LastDelay	0.0101958	10195.8	1	1
77.2952	21	0	1	LastDelay	0.00256025	2560.25	1	1
77.2955	1	0	1	LastDelay	0.00957307	9573.07	1	1
77.3021	23	0	1	LastDelay	0.00694965	6949.65	1	1
77.3283	10	0	1	LastDelay	0	0	1	0
77.3302	15	0	1	LastDelay	0	0	1	0
77.3675	9	0	1	LastDelay	0	0	1	0
77.3681	20	0	1	LastDelay	0	0	1	0
77.4143	22	0	1	LastDelay	0	0	1	0
77.427	35	0	1	LastDelay	0.00334337	3343.37	1	1
77.4318	29	0	1	LastDelay	0	0	1	0
77.4979	41	0	1	LastDelay	0	0	1	0
77.5497	34	0	1	LastDelay	0.00645388	6453.88	1	1
77.5929	24	0	1	LastDelay	0	0	1	0
77.6316	30	0	1	LastDelay	0.00333038	3330.38	1	1
77.886	5	0	1	LastDelay	0.00334302	3343.02	1	1
77.8933	28	0	1	LastDelay	0.00868689	8686.89	1	1
77.904	25	0	1	LastDelay	0	0	1	0
77.9196	18	0	1	LastDelay	0	0	1	0
77.9525	14	0	1	LastDelay	0.00956108	9561.08	1	1
77.9782	38	0	1	LastDelay	0	0	1	0
77.9994	36	0	1	LastDelay	0.00965144	9651.44	1	1
78.0386	19	0	1	LastDelay	0	0	1	0
78.0423	40	0	1	LastDelay	0	0	1	0
78.0676	16	0	1	LastDelay	0	0	1	0
78.075	17	0	1	LastDelay	0.0021242	2124.2	1	1
78.1622	4	0	1	LastDelay	0.000984363	984.363	1	1
78.1795	26	0	1	LastDelay	0.00650178	6501.78	1	1
78.1954	6	0	1	LastDelay	0	0	1	0
78.1998	32	0	1	LastDelay	0.000764317	764.317	1	1
78.2396	0	0	1	LastDelay	0	0	1	0
78.2485	12	0	1	LastDelay	0	0	1	0
78.25	7	0	1	LastDelay	0	0	1	0
78.2509	3	0	1	LastDelay	0.00184477	1844.77	1	1
78.2509	44	0	1	LastDelay	0.00662409	6624.09	1	1
78.2848	42	0	1	LastDelay	0.00333005	3330.05	1	1
78.2859	1	0	1	LastDelay	0	0	1	0
78.2926	21	0	1	LastDelay	0	0	1	0
78.2952	23	0	1	LastDelay	0	0	1	0
78.335	15	0	1	LastDelay	0.00488562	4885.62	1	1
78.369	20	0	1	LastDelay	0.000901485	901.485	1	1
78.3934	9	0	1	LastDelay	0.0259828	25982.8	1	1
78.4237	35	0	1	LastDelay	0	0	1	0
78.5056	33	0	1	LastDelay	0.00334437	3344.37	1	1
78.5372	45	0	1	LastDelay	0.0033963	3396.3	1	1
78.5432	34	0	1	LastDelay	0	0	1	0
78.6283	30	0	1	LastDelay	0	0	1	0
78.8508	8	0	1	LastDelay	0.00342113	3421.13	1	1
78.8827	5	0	1	LastDelay	0	0	1	0
78.8846	28	0	1	LastDelay	0	0	1	0
78.896	39	0	1	LastDelay	0.00342111	3421.11	1	1
78.9212	18	0	1	LastDelay	0.00159461	1594.61	1	1
78.9429	14	0	1	LastDelay	0	0	1	0
78.9815	38	0	1	LastDelay	0.00334319	3343.19	1	1
78.9897	36	0	1	LastDelay	0	0	1	0
79.0238	27	0	1	LastDelay	0.00333013	3330.13	1	1
79.0511	19	0	1	LastDelay	0.0124994	12499.4	1	1
79.0728	17	0	1	LastDelay	0	0	1	0
79.0751	11	0	1	LastDelay	0.00687745	6877.45	1	1
79.1612	4	0	1	LastDelay	0	0	1	0
79.173	26	0	1	LastDelay	0	0	1	0
79.199	32	0	1	LastDelay	0	0	1	0
79.2169	2	0	1	LastDelay	0.00335616	3356.16	1	1
79.2443	44	0	1	LastDelay	0	0	1	0
79.249	3	0	1	LastDelay	0	0	1	0
79.2538	12	0	1	LastDelay	0.00533563	5335.63	1	1
79.2771	31	0	1	LastDelay	0.0150611	15061.1	1	1
79.2815	42	0	1	LastDelay	0	0	1	0
79.2893	1	0	1	LastDelay	0.00336902	3369.02	1	1
79.3071	23	0	1	LastDelay	0.0118831	11883.1	1	1
79.3302	15	0	1	LastDelay	0	0	1	0
79.3311	10	0	1	LastDelay	0.00283781	2837.81	1	1
79.3675	9	0	1	LastDelay	0	0	1	0
79.3681	20	0	1	LastDelay	0	0	1	0
79.4357	29	0	1	LastDelay	0.00394531	3945.31	1	1
79.4636	35	0	1	LastDelay	0.0398636	39863.6	1	1
79.5023	33	0	1	LastDelay	0	0	1	0
79.5338	45	0	1	LastDelay	0	0	1	0
79.5963	24	0	1	LastDelay	0.00334308	3343.08	1	1
79.7553	37	0	1	LastDelay	0.0033315	3331.5	1	1
79.8474	8	0	1	LastDelay	0	0	1	0
79.886	5	0	1	LastDelay	0.00333017	3330.17	1	1
79.886	28	0	1	LastDelay	0.00141316	1413.16	1	1
79.8926	39	0	1	LastDelay	0	0	1	0
79.9196	18	0	1	LastDelay	0	0	1	0
79.9271	25	0	1	LastDelay	0.0230685	23068.5	1	1
79.9782	38	0	1	LastDelay	0	0	1	0
79.993	36	0	1	LastDelay	0.00333091	3330.91	1	1
80.0205	27	0	1	LastDelay	0	0	1	0
80.0386	19	0	1	LastDelay	0	0	1	0
80.0456	40	0	1	LastDelay	0.00333011	3330.11	1	1
80.0682	11	0	1	LastDelay	0	0	1	0
80.0758	17	0	1	LastDelay	0.00291731	2917.31	1	1
80.1456	46	0	1	LastDelay	0.00333011	3330.11	1	1
80.1753	26	0	1	LastDelay	0.00231647	2316.47	1	1
80.1958	6	0	1	LastDelay	0.000360864	360.864	1	1
80.203	32	0	1	LastDelay	0.00395152	3951.52	1	1
80.2136	2	0	1	LastDelay	0	0	1	0
80.2404	0	0	1	LastDelay	0.000724032	724.032	1	1
80.2485	12	0	1	LastDelay	0	0	1	0
80.254	7	0	1	LastDelay	0.00393542	3935.42	1	1
80.262	31	0	1	LastDelay	0	0	1	0
80.2851	42	0	1	LastDelay	0.00366167	3661.67	1	1
80.2859	1	0	1	LastDelay	0	0	1	0
80.2948	21	0	1	LastDelay	0.00216388	2163.88	1	1
80.2952	23	0	1	LastDelay	0	0	1	0
80.3283	10	0	1	LastDelay	0	0	1	0
80.331	15	0	1	LastDelay	0.000849339	849.339	1	1
80.3708	20	0	1	LastDelay	0.00272863	2728.63	1	1
80.3708	9	0	1	LastDelay	0.0033836	3383.6	1	1
80.3787	43	0	1	LastDelay	0.00336915	3369.15	1	1
80.4208	22	0	1	LastDelay	0.00649018	6490.18	1	1
80.4237	35	0	1	LastDelay	0	0	1	0
80.4318	29	0	1	LastDelay	0	0	1	0
80.5663	34	0	1	LastDelay	0.023067	23067	1	1
80.5929	24	0	1	LastDelay	0	0	1	0
80.6347	30	0	1	LastDelay	0.00642643	6426.43	1	1
80.752	37	0	1	LastDelay	0	0	1	0
80.8827	5	0	1	LastDelay	0	0	1	0
80.8846	28	0	1	LastDelay	0	0	1	0
80.904	25	0	1	LastDelay	0	0	1	0
80.923	18	0	1	LastDelay	0.00333028	3330.28	1	1
80.9464	14	0	1	LastDelay	0.00342495	3424.95	1	1
80.9897	36	0	1	LastDelay	0	0	1	0
81.0423	40	0	1	LastDelay	0	0	1	0
81.0467	19	0	1	LastDelay	0.00803819	8038.19	1	1
81.0709	16	0	1	LastDelay	0.00333018	3330.18	1	1
81.0709	11	0	1	LastDelay	0.00273747	2737.47	1	1
81.0728	17	0	1	LastDelay	0	0	1	0
81.1422	46	0	1	LastDelay	0	0	1	0
81.1646	4	0	1	LastDelay	0.00334306	3343.06	1	1
81.173	26	0	1	LastDelay	0	0	1	0
81.1954	6	0	1	LastDelay	0	0	1	0
81.1976	13	0	1	LastDelay	0.00375119	3751.19	1	1
81.199	32	0	1	LastDelay	0	0	1	0
81.2396	0	0	1	LastDelay	0	0	1	0
81.25	7	0	1	LastDelay	0	0	1	0
81.2751	31	0	1	LastDelay	0.0130725	13072.5	1	1
81.2815	42	0	1	LastDelay	0	0	1	0
81.2923	1	0	1	LastDelay	0.00634159	6341.59	1	1
81.2926	21	0	1	LastDelay	0	0	1	0
81.2963	23	0	1	LastDelay	0.00108334	1083.34	1	1
81.3302	15	0	1	LastDelay	0	0	1	0
81.3306	10	0	1	LastDelay	0.00228472	2284.72	1	1
81.3675	9	0	1	LastDelay	0	0	1	0
81.3681	20	0	1	LastDelay	0	0	1	0
81.3753	43	0	1	LastDelay	0	0	1	0
81.4143	22	0	1	LastDelay	0	0	1	0
81.4353	29	0	1	LastDelay	0.00358604	3586.04	1	1
81.5432	34	0	1	LastDelay	0	0	1	0
81.5962	24	0	1	LastDelay	0.00333052	3330.52	1	1
81.6283	30	0	1	LastDelay	0	0	1	0
81.886	5	0	1	LastDelay	0.00333009	3330.09	1	1
81.8891	28	0	1	LastDelay	0.00450836	4508.35	1	1
81.9142	25	0	1	LastDelay	0.0102062	10206.2	1	1
81.9196	18	0	1	LastDelay	0	0	1	0
81.9429	14	0	1	LastDelay	0	0	1	0
82.0238	27	0	1	LastDelay	0.0033305	3330.5	1	1
82.0386	19	0	1	LastDelay	0	0	1	0
82.0676	16	0	1	LastDelay	0	0	1	0
82.0682	11	0	1	LastDelay	0	0	1	0
82.0762	17	0	1	LastDelay	0.00334335	3343.35	1	1
82.1612	4	0	1	LastDelay	0	0	1	0
82.1764	26	0	1	LastDelay	0.00333007	3330.07	1	1
82.1939	13	0	1	LastDelay	0	0	1	0
82.1994	6	0	1	LastDelay	0.0040377	4037.7	1	1
82.1994	32	0	1	LastDelay	0.000393751	393.751	1	1
82.2406	0	0	1	LastDelay	0.000930936	930.936	1	1
82.2549	12	0	1	LastDelay	0.0064715	6471.5	1	1
82.2619	7	0	1	LastDelay	0.0118328	11832.8	1	1
82.262	31	0	1	LastDelay	0	0	1	0
82.2859	1	0	1	LastDelay	0	0	1	0
82.2935	21	0	1	LastDelay	0.000870152	870.152	1	1
82.2952	23	0	1	LastDelay	0	0	1	0
82.3283	10	0	1	LastDelay	0	0	1	0
82.3318	15	0	1	LastDelay	0.00159616	1596.16	1	1
82.3682	20	0	1	LastDelay	7.6135e-05	76.135	1	1
82.4318	29	0	1	LastDelay	0	0	1	0
82.5056	33	0	1	LastDelay	0.00334406	3344.06	1	1
82.5663	34	0	1	LastDelay	0.0231061	23106.1	1	1
82.5929	24	0	1	LastDelay	0	0	1	0
82.6316	30	0	1	LastDelay	0.00334343	3343.43	1	1
82.8827	5	0	1	LastDelay	0	0	1	0
82.8846	28	0	1	LastDelay	0	0	1	0
82.904	25	0	1	LastDelay	0	0	1	0
82.9434	14	0	1	LastDelay	0.000418972	418.972	1	1
83.0205	27	0	1	LastDelay	0	0	1	0
83.0423	40	0	1	LastDelay	4.3884e-05	43.884	1	1
83.0716	11	0	1	LastDelay	0.0034243	3424.3	1	1
83.0728	17	0	1	LastDelay	0	0	1	0
83.173	26	0	1	LastDelay	0	0	1	0
83.1954	6	0	1	LastDelay	0	0	1	0
83.1972	13	0	1	LastDelay	0.00334308	3343.08	1	1
83.199	32	0	1	LastDelay	0	0	1	0
83.2169	2	0	1	LastDelay	0.00337094	3370.94	1	1
83.2396	0	0	1	LastDelay	0	0	1	0
83.2485	12	0	1	LastDelay	0	0	1	0
83.25	7	0	1	LastDelay	0	0	1	0
83.2891	1	0	1	LastDelay	0.00319573	3195.73	1	1
83.2926	21	0	1	LastDelay	0	0	1	0
83.3302	15	0	1	LastDelay	0	0	1	0
83.3316	10	0	1	LastDelay	0.00333022	3330.22	1	1
83.3681	20	0	1	LastDelay	0	0	1	0
83.4245	35	0	1	LastDelay	0.000858935	858.935	1	1
83.5012	41	0	1	LastDelay	0.00333014	3330.14	1	1
83.5023	33	0	1	LastDelay	0	0	1	0
83.5432	34	0	1	LastDelay	0	0	1	0
83.6283	30	0	1	LastDelay	0	0	1	0
83.8508	8	0	1	LastDelay	0.00335613	3356.13	1	1
83.886	5	0	1	LastDelay	0.00333017	3330.17	1	1
83.886	28	0	1	LastDelay	0.00141315	1413.15	1	1
83.9095	25	0	1	LastDelay	0.00545933	5459.33	1	1
83.9305	18	0	1	LastDelay	0.0108835	10883.5	1	1
83.9429	14	0	1	LastDelay	0	0	1	0
84.0423	40	0	1	LastDelay	0	0	1	0
84.0682	11	0	1	LastDelay	0	0	1	0
84.0743	17	0	1	LastDelay	0.00150427	1504.27	1	1
84.1749	26	0	1	LastDelay	0.00186447	1864.47	1	1
84.1939	13	0	1	LastDelay	0	0	1	0
84.1998	32	0	1	LastDelay	0.000754224	754.224	1	1
84.2136	2	0	1	LastDelay	0	0	1	0
84.2419	0	0	1	LastDelay	0.00228848	2288.48	1	1
84.2526	12	0	1	LastDelay	0.00413645	4136.45	1	1
84.2534	7	0	1	LastDelay	0.00333003	3330.03	1	1
84.2705	31	0	1	LastDelay	0.00849155	8491.55	1	1
84.2859	1	0	1	LastDelay	0	0	1	0
84.302	23	0	1	LastDelay	0.00678064	6780.64	1	1
84.302	21	0	1	LastDelay	0.00934926	9349.26	1	1
84.3283	10	0	1	LastDelay	0	0	1	0
84.3333	15	0	1	LastDelay	0.00315171	3151.71	1	1
84.3685	20	0	1	LastDelay	0.000370926	370.926	1	1
84.4237	35	0	1	LastDelay	0	0	1	0
84.4338	29	0	1	LastDelay	0.00209549	2095.49	1	1
84.4979	41	0	1	LastDelay	0	0	1	0
84.5056	33	0	1	LastDelay	0.00333024	3330.24	1	1
84.5443	45	0	1	LastDelay	0.0105699	10569.9	1	1
84.5962	24	0	1	LastDelay	0.0033301	3330.1	1	1
84.5962	34	0	1	LastDelay	0.0530372	53037.2	1	1
84.8474	8	0	1	LastDelay	0	0	1	0
84.8827	5	0	1	LastDelay	0	0	1	0
84.8846	28	0	1	LastDelay	0	0	1	0
84.904	25	0	1	LastDelay	0	0	1	0
84.9196	18	0	1	LastDelay	0	0	1	0
84.9915	38	0	1	LastDelay	0.0132847	13284.7	1	1
85.0242	27	0	1	LastDelay	0.00371223	3712.23	1	1
85.0709	16	0	1	LastDelay	0.00333009	3330.09	1	1
85.0709	11	0	1	LastDelay	0.00273735	2737.35	1	1
85.0728	17	0	1	LastDelay	0	0	1	0
85.1646	4	0	1	LastDelay	0.00333019	3330.19	1	1
85.173	26	0	1	LastDelay	0	0	1	0
85.197	6	0	1	LastDelay	0.00158085	1580.85	1	1
85.199	32	0	1	LastDelay	0	0	1	0
85.2396	0	0	1	LastDelay	0	0	1	0
85.2485	12	0	1	LastDelay	0	0	1	0
85.25	7	0	1	LastDelay	0	0	1	0
85.2502	3	0	1	LastDelay	0.00112551	1125.52	1	1
85.2502	44	0	1	LastDelay	0.00590483	5904.83	1	1
85.262	31	0	1	LastDelay	0	0	1	0
85.2926	21	0	1	LastDelay	0	0	1	0
85.2952	23	0	1	LastDelay	0	0	1	0
85.3302	15	0	1	LastDelay	0	0	1	0
85.3316	10	0	1	LastDelay	0.00333003	3330.03	1	1
85.3681	20	0	1	LastDelay	0	0	1	0
85.3708	9	0	1	LastDelay	0.00334307	3343.07	1	1
85.4318	29	0	1	LastDelay	0	0	1	0
85.438	35	0	1	LastDelay	0.0142844	14284.4	1	1
85.5023	33	0	1	LastDelay	0	0	1	0
85.5338	45	0	1	LastDelay	0	0	1	0
85.5432	34	0	1	LastDelay	0	0	1	0
85.5929	24	0	1	LastDelay	0	0	1	0
85.886	28	0	1	LastDelay	0.00141304	1413.04	1	1
85.902	39	0	1	LastDelay	0.00940617	9406.17	1	1
85.9461	14	0	1	LastDelay	0.00312186	3121.86	1	1
85.9782	38	0	1	LastDelay	0	0	1	0
86.0205	27	0	1	LastDelay	0	0	1	0
86.0445	40	0	1	LastDelay	0.00225939	2259.39	1	1
86.0676	16	0	1	LastDelay	0	0	1	0
86.0682	11	0	1	LastDelay	0	0	1	0
86.1612	4	0	1	LastDelay	0	0	1	0
86.1954	6	0	1	LastDelay	0	0	1	0
86.2443	44	0	1	LastDelay	0	0	1	0
86.249	3	0	1	LastDelay	0	0	1	0
86.2544	12	0	1	LastDelay	0.00597075	5970.75	1	1
86.2631	31	0	1	LastDelay	0.00111603	1116.03	1	1
86.2905	1	0	1	LastDelay	0.00451448	4514.48	1	1
86.2988	23	0	1	LastDelay	0.00358199	3581.99	1	1
86.3283	10	0	1	LastDelay	0	0	1	0
86.3303	15	0	1	LastDelay	0.000128235	128.235	1	1
86.3675	9	0	1	LastDelay	0	0	1	0
86.4237	35	0	1	LastDelay	0	0	1	0
86.4359	29	0	1	LastDelay	0.00415075	4150.76	1	1
86.8846	28	0	1	LastDelay	0	0	1	0
86.8926	39	0	1	LastDelay	0	0	1	0
86.9429	14	0	1	LastDelay	0	0	1	0
86.9815	38	0	1	LastDelay	0.00333186	3331.86	1	1
87.042	19	0	1	LastDelay	0.00333002	3330.02	1	1
87.0423	40	0	1	LastDelay	0	0	1	0
87.0723	11	0	1	LastDelay	0.00413691	4136.91	1	1
87.0758	17	0	1	LastDelay	0.00291733	2917.33	1	1
87.1646	4	0	1	LastDelay	0.00333059	3330.59	1	1
87.1764	26	0	1	LastDelay	0.00334157	3341.57	1	1
87.2076	32	0	1	LastDelay	0.00852009	8520.09	1	1
87.2447	0	0	1	LastDelay	0.00509239	5092.4	1	1
87.2478	44	0	1	LastDelay	0.00356033	3560.33	1	1
87.2485	12	0	1	LastDelay	0	0	1	0
87.259	7	0	1	LastDelay	0.00895699	8956.99	1	1
87.262	31	0	1	LastDelay	0	0	1	0
87.2626	3	0	1	LastDelay	0.013517	13517	1	1
87.2848	42	0	1	LastDelay	0.00333011	3330.11	1	1
87.2859	1	0	1	LastDelay	0	0	1	0
87.2952	23	0	1	LastDelay	0	0	1	0
87.3302	15	0	1	LastDelay	0	0	1	0
87.3709	9	0	1	LastDelay	0.0033956	3395.6	1	1
87.3709	20	0	1	LastDelay	0.00274164	2741.64	1	1
87.418	22	0	1	LastDelay	0.00369993	3699.93	1	1
87.4249	35	0	1	LastDelay	0.00121547	1215.47	1	1
87.4318	29	0	1	LastDelay	0	0	1	0
87.506	33	0	1	LastDelay	0.00368802	3688.02	1	1
87.6316	30	0	1	LastDelay	0.00335605	3356.05	1	1
87.8891	28	0	1	LastDelay	0.00450866	4508.66	1	1
87.8891	5	0	1	LastDelay	0.00642587	6425.87	1	1
87.9174	39	0	1	LastDelay	0.0247673	24767.3	1	1
87.9246	18	0	1	LastDelay	0.0049391	4939.1	1	1
87.9449	14	0	1	LastDelay	0.00194202	1942.02	1	1
87.9782	38	0	1	LastDelay	0	0	1	0
88.0233	27	0	1	LastDelay	0.00278153	2781.53	1	1
88.0386	19	0	1	LastDelay	0	0	1	0
88.0681	16	0	1	LastDelay	0.000533933	533.933	1	1
88.0682	11	0	1	LastDelay	0	0	1	0
88.0684	40	0	1	LastDelay	0.026136	26136	1	1
88.0728	17	0	1	LastDelay	0	0	1	0
88.1612	4	0	1	LastDelay	0	0	1	0
88.173	26	0	1	LastDelay	0	0	1	0
88.199	32	0	1	LastDelay	0	0	1	0
88.2046	6	0	1	LastDelay	0.00917138	9171.38	1	1
88.2173	2	0	1	LastDelay	0.00375521	3755.21	1	1
88.2396	0	0	1	LastDelay	0	0	1	0
88.2443	44	0	1	LastDelay	0	0	1	0
88.249	3	0	1	LastDelay	0	0	1	0
88.25	7	0	1	LastDelay	0	0	1	0
88.2687	31	0	1	LastDelay	0.00665431	6654.31	1	1
88.2815	42	0	1	LastDelay	0	0	1	0
88.2986	21	0	1	LastDelay	0.00596722	5967.22	1	1
88.2986	23	0	1	LastDelay	0.00339895	3398.95	1	1
88.3315	15	0	1	LastDelay	0.00133509	1335.09	1	1
88.3377	10	0	1	LastDelay	0.00946107	9461.07	1	1
88.3675	9	0	1	LastDelay	0	0	1	0
88.3681	20	0	1	LastDelay	0	0	1	0
88.4143	22	0	1	LastDelay	0	0	1	0
88.4237	35	0	1	LastDelay	0	0	1	0
88.4351	29	0	1	LastDelay	0.00333013	3330.13	1	1
88.5023	33	0	1	LastDelay	0	0	1	0
88.5371	45	0	1	LastDelay	0.00335623	3356.23	1	1
88.6283	30	0	1	LastDelay	0	0	1	0
88.8508	8	0	1	LastDelay	0.00335705	3357.05	1	1
88.8827	5	0	1	LastDelay	0	0	1	0
88.8846	28	0	1	LastDelay	0	0	1	0
88.8926	39	0	1	LastDelay	0	0	1	0
88.9196	18	0	1	LastDelay	0	0	1	0
88.9429	14	0	1	LastDelay	0	0	1	0
88.9967	36	0	1	LastDelay	0.00698401	6984.01	1	1
89.0205	27	0	1	LastDelay	0	0	1	0
89.042	19	0	1	LastDelay	0.00334372	3343.72	1	1
89.0423	40	0	1	LastDelay	0	0	1	0
89.0676	16	0	1	LastDelay	0	0	1	0
89.0753	17	0	1	LastDelay	0.00244129	2441.29	1	1
89.1749	26	0	1	LastDelay	0.00185215	1852.15	1	1
89.1954	6	0	1	LastDelay	0	0	1	0
89.1972	13	0	1	LastDelay	0.00337114	3371.14	1	1
89.2136	2	0	1	LastDelay	0	0	1	0
89.2539	12	0	1	LastDelay	0.00541068	5410.68	1	1
89.2542	7	0	1	LastDelay	0.00418609	4186.09	1	1
89.262	31	0	1	LastDelay	0	0	1	0
89.2884	1	0	1	LastDelay	0.00245085	2450.85	1	1
89.2926	21	0	1	LastDelay	0	0	1	0
89.2952	23	0	1	LastDelay	0	0	1	0
89.3283	10	0	1	LastDelay	0	0	1	0
89.3302	15	0	1	LastDelay	0	0	1	0
89.4318	29	0	1	LastDelay	0	0	1	0
89.4318	35	0	1	LastDelay	0.00808025	8080.25	1	1
89.5338	45	0	1	LastDelay	0	0	1	0
89.8474	8	0	1	LastDelay	0	0	1	0
89.8864	28	0	1	LastDelay	0.00177151	1771.51	1	1
89.8864	5	0	1	LastDelay	0.00368873	3688.73	1	1
89.9133	39	0	1	LastDelay	0.0207203	20720.3	1	1
89.9209	18	0	1	LastDelay	0.00125799	1257.99	1	1
89.9274	25	0	1	LastDelay	0.023405	23405	1	1
89.9812	38	0	1	LastDelay	0.00303006	3030.06	1	1
89.9897	36	0	1	LastDelay	0	0	1	0
90.0386	19	0	1	LastDelay	0	0	1	0
90.0728	17	0	1	LastDelay	0	0	1	0
90.0787	11	0	1	LastDelay	0.010475	10475	1	1
90.1456	46	0	1	LastDelay	0.00336932	3369.32	1	1
90.1646	4	0	1	LastDelay	0.00333051	3330.51	1	1
90.173	26	0	1	LastDelay	0	0	1	0
90.1939	13	0	1	LastDelay	0	0	1	0
90.207	32	0	1	LastDelay	0.00797749	7977.49	1	1
90.2485	12	0	1	LastDelay	0	0	1	0
90.25	7	0	1	LastDelay	0	0	1	0
90.2525	3	0	1	LastDelay	0.00347809	3478.09	1	1
90.2525	44	0	1	LastDelay	0.00825741	8257.41	1	1
90.2625	31	0	1	LastDelay	0.000489821	489.821	1	1
90.2852	42	0	1	LastDelay	0.00369916	3699.16	1	1
90.2859	1	0	1	LastDelay	0	0	1	0
90.2952	21	0	1	LastDelay	0.0025583	2558.3	1	1
90.3298	10	0	1	LastDelay	0.00147444	1474.44	1	1
90.3328	15	0	1	LastDelay	0.00268606	2686.06	1	1
90.3747	9	0	1	LastDelay	0.00719496	7194.96	1	1
90.3747	20	0	1	LastDelay	0.00654049	6540.49	1	1
90.4237	35	0	1	LastDelay	0	0	1	0
90.442	22	0	1	LastDelay	0.027672	27672	1	1
90.5062	33	0	1	LastDelay	0.00394247	3942.47	1	1
90.5356	45	0	1	LastDelay	0.00185905	1859.05	1	1
90.544	34	0	1	LastDelay	0.000778142	778.142	1	1
90.6316	30	0	1	LastDelay	0.00333069	3330.69	1	1
90.7553	37	0	1	LastDelay	0.00333106	3331.06	1	1
90.8508	8	0	1	LastDelay	0.00339684	3396.84	1	1
90.8827	5	0	1	LastDelay	0	0	1	0
90.8846	28	0	1	LastDelay	0	0	1	0
90.8926	39	0	1	LastDelay	0	0	1	0
90.904	25	0	1	LastDelay	0	0	1	0
90.9196	18	0	1	LastDelay	0	0	1	0
90.9533	43	0	1	LastDelay	0.577973	577973	1	1
90.9782	38	0	1	LastDelay	0	0	1	0
91.0061	36	0	1	LastDelay	0.0164129	16412.9	1	1
91.0247	27	0	1	LastDelay	0.00424734	4247.34	1	1
91.0441	19	0	1	LastDelay	0.00545097	5450.97	1	1
91.0541	40	0	1	LastDelay	0.0118066	11806.6	1	1
91.0682	11	0	1	LastDelay	0	0	1	0
91.0709	16	0	1	LastDelay	0.00335633	3356.33	1	1
91.0754	17	0	1	LastDelay	0.00259942	2599.43	1	1
91.1422	46	0	1	LastDelay	0	0	1	0
91.1612	4	0	1	LastDelay	0	0	1	0
91.1764	26	0	1	LastDelay	0.00333025	3330.25	1	1
91.199	32	0	1	LastDelay	0	0	1	0
91.2029	6	0	1	LastDelay	0.00746418	7464.18	1	1
91.2426	0	0	1	LastDelay	0.00292409	2924.09	1	1
91.2443	44	0	1	LastDelay	0	0	1	0
91.249	3	0	1	LastDelay	0	0	1	0
91.2506	7	0	1	LastDelay	0.000600061	600.061	1	1
91.2564	2	0	1	LastDelay	0.0428855	42885.5	1	1
91.2595	12	0	1	LastDelay	0.0110883	11088.3	1	1
91.262	31	0	1	LastDelay	0	0	1	0
91.2815	42	0	1	LastDelay	0	0	1	0
91.2899	1	0	1	LastDelay	0.00395245	3952.45	1	1
91.2926	21	0	1	LastDelay	0	0	1	0
91.2988	23	0	1	LastDelay	0.00363172	3631.72	1	1
91.3283	10	0	1	LastDelay	0	0	1	0
91.3302	15	0	1	LastDelay	0	0	1	0
91.3675	9	0	1	LastDelay	0	0	1	0
91.3681	20	0	1	LastDelay	0	0	1	0
91.3753	43	0	1	LastDelay	0	0	1	0
91.4143	22	0	1	LastDelay	0	0	1	0
91.427	35	0	1	LastDelay	0.00333063	3330.63	1	1
91.4332	29	0	1	LastDelay	0.00145832	1458.33	1	1
91.4987	41	0	1	LastDelay	0.000876332	876.332	1	1
91.5023	33	0	1	LastDelay	0	0	1	0
91.5338	45	0	1	LastDelay	0	0	1	0
91.5432	34	0	1	LastDelay	0	0	1	0
91.5993	24	0	1	LastDelay	0.00642645	6426.45	1	1
91.6283	30	0	1	LastDelay	0	0	1	0
91.752	37	0	1	LastDelay	0	0	1	0
91.8474	8	0	1	LastDelay	0	0	1	0
91.8929	28	0	1	LastDelay	0.00830673	8306.73	1	1
91.8929	39	0	1	LastDelay	0.000285908	285.908	1	1
91.9074	25	0	1	LastDelay	0.00333046	3330.46	1	1
91.9245	18	0	1	LastDelay	0.00490017	4900.17	1	1
91.9812	38	0	1	LastDelay	0.00302344	3023.44	1	1
91.9897	36	0	1	LastDelay	0	0	1	0
92.0205	27	0	1	LastDelay	0	0	1	0
92.0386	19	0	1	LastDelay	0	0	1	0
92.0423	40	0	1	LastDelay	0	0	1	0
92.0676	16	0	1	LastDelay	0	0	1	0
92.0728	17	0	1	LastDelay	0	0	1	0
92.173	26	0	1	LastDelay	0	0	1	0
92.1738	4	0	1	LastDelay	0.0126178	12617.8	1	1
92.1954	6	0	1	LastDelay	0	0	1	0
92.2136	2	0	1	LastDelay	0	0	1	0
92.2396	0	0	1	LastDelay	0	0	1	0
92.2485	12	0	1	LastDelay	0	0	1	0
92.25	7	0	1	LastDelay	0	0	1	0
92.2653	31	0	1	LastDelay	0.00333049	3330.49	1	1
92.2859	1	0	1	LastDelay	0	0	1	0
92.2952	23	0	1	LastDelay	0	0	1	0
92.3347	10	0	1	LastDelay	0.00642676	6426.76	1	1
92.3378	15	0	1	LastDelay	0.0076386	7638.6	1	1
92.3726	20	0	1	LastDelay	0.00450647	4506.47	1	1
92.3766	43	0	1	LastDelay	0.0012682	1268.2	1	1
92.4237	35	0	1	LastDelay	0	0	1	0
92.4242	22	0	1	LastDelay	0.0098784	9878.41	1	1
92.4318	29	0	1	LastDelay	0	0	1	0
92.4979	41	0	1	LastDelay	0	0	1	0
92.5929	24	0	1	LastDelay	0	0	1	0
92.8846	28	0	1	LastDelay	0	0	1	0
92.8926	39	0	1	LastDelay	0	0	1	0
92.904	25	0	1	LastDelay	0	0	1	0
92.9196	18	0	1	LastDelay	0	0	1	0
92.9782	38	0	1	LastDelay	0	0	1	0
93.0709	11	0	1	LastDelay	0.00273791	2737.91	1	1
93.0709	16	0	1	LastDelay	0.00333119	3331.19	1	1
93.0858	17	0	1	LastDelay	0.0129312	12931.2	1	1
93.1612	4	0	1	LastDelay	0	0	1	0
93.2001	32	0	1	LastDelay	0.00109007	1090.07	1	1
93.2513	12	0	1	LastDelay	0.00282086	2820.86	1	1
93.262	31	0	1	LastDelay	0	0	1	0
93.2959	21	0	1	LastDelay	0.00330581	3305.81	1	1
93.2959	23	0	1	LastDelay	0.000737422	737.422	1	1
93.3283	10	0	1	LastDelay	0	0	1	0
93.3302	15	0	1	LastDelay	0	0	1	0
93.3681	20	0	1	LastDelay	0	0	1	0
93.3753	43	0	1	LastDelay	0	0	1	0
93.4143	22	0	1	LastDelay	0	0	1	0
93.4339	29	0	1	LastDelay	0.00214571	2145.71	1	1
93.5496	34	0	1	LastDelay	0.00642517	6425.17	1	1
93.7553	37	0	1	LastDelay	0.00333114	3331.14	1	1
93.8863	28	0	1	LastDelay	0.00175705	1757.05	1	1
93.9204	18	0	1	LastDelay	0.000760844	760.844	1	1
93.9449	14	0	1	LastDelay	0.00199269	1992.68	1	1
93.9825	38	0	1	LastDelay	0.00425056	4250.56	1	1
93.9956	36	0	1	LastDelay	0.00585752	5857.52	1	1
94.0227	27	0	1	LastDelay	0.00222536	2225.36	1	1
94.0333	44	0	1	LastDelay	0.788992	788992	1	1
94.0656	40	0	1	LastDelay	0.0232674	23267.4	1	1
94.0676	16	0	1	LastDelay	0	0	1	0
94.0682	11	0	1	LastDelay	0	0	1	0
94.0728	17	0	1	LastDelay	0	0	1	0
94.1649	4	0	1	LastDelay	0.00367502	3675.02	1	1
94.1756	26	0	1	LastDelay	0.00252614	2526.14	1	1
94.199	32	0	1	LastDelay	0	0	1	0
94.1997	6	0	1	LastDelay	0.00428188	4281.88	1	1
94.2443	44	0	1	LastDelay	0	0	1	0
94.2485	12	0	1	LastDelay	0	0	1	0
94.2628	31	0	1	LastDelay	0.000763443	763.443	1	1
94.2668	3	0	1	LastDelay	0.0177052	17705.2	1	1
94.2926	21	0	1	LastDelay	0	0	1	0
94.2952	23	0	1	LastDelay	0	0	1	0
94.3364	15	0	1	LastDelay	0.00625861	6258.61	1	1
94.3695	20	0	1	LastDelay	0.00135809	1358.09	1	1
94.3884	9	0	1	LastDelay	0.020943	20943	1	1
94.3916	43	0	1	LastDelay	0.0162699	16269.9	1	1
94.4242	35	0	1	LastDelay	0.000552887	552.887	1	1
94.4242	22	0	1	LastDelay	0.00991496	9914.96	1	1
94.4318	29	0	1	LastDelay	0	0	1	0
94.5012	41	0	1	LastDelay	0.00333045	3330.45	1	1
94.505	33	0	1	LastDelay	0.00267299	2672.99	1	1
94.5432	34	0	1	LastDelay	0	0	1	0
94.6318	30	0	1	LastDelay	0.00357383	3573.83	1	1
94.752	37	0	1	LastDelay	0	0	1	0
94.8846	28	0	1	LastDelay	0	0	1	0
94.8956	39	0	1	LastDelay	0.00302465	3024.66	1	1
94.9196	18	0	1	LastDelay	0	0	1	0
94.9429	14	0	1	LastDelay	0	0	1	0
94.9782	38	0	1	LastDelay	0	0	1	0
94.9897	36	0	1	LastDelay	0	0	1	0
95.0205	27	0	1	LastDelay	0	0	1	0
95.0423	40	0	1	LastDelay	0	0	1	0
95.0718	11	0	1	LastDelay	0.00358356	3583.56	1	1
95.078	16	0	1	LastDelay	0.0103674	10367.4	1	1
95.0852	17	0	1	LastDelay	0.012378	12378	1	1
95.1612	4	0	1	LastDelay	0	0	1	0
95.173	26	0	1	LastDelay	0	0	1	0
95.1954	6	0	1	LastDelay	0	0	1	0
95.249	3	0	1	LastDelay	0	0	1	0
95.2495	12	0	1	LastDelay	0.00105339	1053.39	1	1
95.262	31	0	1	LastDelay	0	0	1	0
95.2644	44	0	1	LastDelay	0.0201719	20171.9	1	1
95.3064	23	0	1	LastDelay	0.0112487	11248.7	1	1
95.3302	15	0	1	LastDelay	0	0	1	0
95.3322	10	0	1	LastDelay	0.00396885	3968.85	1	1
95.3675	9	0	1	LastDelay	0	0	1	0
95.3681	20	0	1	LastDelay	0	0	1	0
95.3753	43	0	1	LastDelay	0	0	1	0
95.4143	22	0	1	LastDelay	0	0	1	0
95.4237	35	0	1	LastDelay	0	0	1	0
95.4351	29	0	1	LastDelay	0.00333009	3330.09	1	1
95.4979	41	0	1	LastDelay	0	0	1	0
95.5023	33	0	1	LastDelay	0	0	1	0
95.5465	34	0	1	LastDelay	0.00334345	3343.45	1	1
95.5962	24	0	1	LastDelay	0.00333009	3330.09	1	1
95.6283	30	0	1	LastDelay	0	0	1	0
95.7553	37	0	1	LastDelay	0.00333145	3331.45	1	1
95.886	28	0	1	LastDelay	0.00141427	1414.28	1	1
95.8926	39	0	1	LastDelay	0	0	1	0
95.923	18	0	1	LastDelay	0.00333009	3330.09	1	1
95.9457	14	0	1	LastDelay	0.00273891	2738.91	1	1
95.9815	38	0	1	LastDelay	0.00333026	3330.26	1	1
95.9915	36	0	1	LastDelay	0.00181496	1814.96	1	1
96.0212	27	0	1	LastDelay	0.000693545	693.545	1	1
96.0484	40	0	1	LastDelay	0.00612491	6124.91	1	1
96.0676	16	0	1	LastDelay	0	0	1	0
96.0682	11	0	1	LastDelay	0	0	1	0
96.0728	17	0	1	LastDelay	0	0	1	0
96.1799	26	0	1	LastDelay	0.00682311	6823.11	1	1
96.1997	32	0	1	LastDelay	0.000658872	658.872	1	1
96.2069	6	0	1	LastDelay	0.0115536	11553.6	1	1
96.2443	44	0	1	LastDelay	0	0	1	0
96.2448	0	0	1	LastDelay	0.00513412	5134.12	1	1
96.2485	12	0	1	LastDelay	0	0	1	0
96.2573	3	0	1	LastDelay	0.00820826	8208.26	1	1
96.2641	31	0	1	LastDelay	0.00211563	2115.64	1	1
96.2877	42	0	1	LastDelay	0.00627043	6270.43	1	1
96.295	21	0	1	LastDelay	0.00242912	2429.12	1	1
96.2952	23	0	1	LastDelay	0	0	1	0
96.3283	10	0	1	LastDelay	0	0	1	0
96.3321	15	0	1	LastDelay	0.00197857	1978.57	1	1
96.3738	20	0	1	LastDelay	0.00569816	5698.16	1	1
96.3783	43	0	1	LastDelay	0.00296424	2964.24	1	1
96.4197	22	0	1	LastDelay	0.00537776	5377.76	1	1
96.4262	35	0	1	LastDelay	0.00255188	2551.88	1	1
96.4318	29	0	1	LastDelay	0	0	1	0
96.5012	41	0	1	LastDelay	0.00333111	3331.11	1	1
96.5043	33	0	1	LastDelay	0.00198624	1986.24	1	1
96.5432	34	0	1	LastDelay	0	0	1	0
96.5929	24	0	1	LastDelay	0	0	1	0
96.6347	30	0	1	LastDelay	0.00645386	6453.86	1	1
96.752	37	0	1	LastDelay	0	0	1	0
96.8846	28	0	1	LastDelay	0	0	1	0
96.8957	39	0	1	LastDelay	0.0030486	3048.6	1	1
96.9196	18	0	1	LastDelay	0	0	1	0
96.9429	14	0	1	LastDelay	0	0	1	0
96.9782	38	0	1	LastDelay	0	0	1	0
96.9897	36	0	1	LastDelay	0	0	1	0
97.0205	27	0	1	LastDelay	0	0	1	0
97.042	19	0	1	LastDelay	0.00333048	3330.48	1	1
97.0423	40	0	1	LastDelay	0	0	1	0
97.0709	11	0	1	LastDelay	0.00273848	2738.48	1	1
97.074	17	0	1	LastDelay	0.00117525	1175.25	1	1
97.1646	4	0	1	LastDelay	0.00335637	3356.37	1	1
97.173	26	0	1	LastDelay	0	0	1	0
97.1954	6	0	1	LastDelay	0	0	1	0
97.1972	13	0	1	LastDelay	0.00333009	3330.09	1	1
97.199	32	0	1	LastDelay	0	0	1	0
97.2396	0	0	1	LastDelay	0	0	1	0
97.2476	44	0	1	LastDelay	0.0033692	3369.2	1	1
97.249	3	0	1	LastDelay	0	0	1	0
97.2534	7	0	1	LastDelay	0.00336902	3369.02	1	1
97.262	31	0	1	LastDelay	0	0	1	0
97.2815	42	0	1	LastDelay	0	0	1	0
97.2893	1	0	1	LastDelay	0.00334302	3343.02	1	1
97.2926	21	0	1	LastDelay	0	0	1	0
97.2959	23	0	1	LastDelay	0.000679995	679.995	1	1
97.3302	15	0	1	LastDelay	0	0	1	0
97.3681	20	0	1	LastDelay	0	0	1	0
97.3708	9	0	1	LastDelay	0.00333027	3330.27	1	1
97.3753	43	0	1	LastDelay	0	0	1	0
97.4143	22	0	1	LastDelay	0	0	1	0
97.4237	35	0	1	LastDelay	0	0	1	0
97.4979	41	0	1	LastDelay	0	0	1	0
97.5023	33	0	1	LastDelay	0	0	1	0
97.5448	34	0	1	LastDelay	0.00157315	1573.15	1	1
97.6283	30	0	1	LastDelay	0	0	1	0
97.886	5	0	1	LastDelay	0.0033312	3331.2	1	1
97.8926	39	0	1	LastDelay	0	0	1	0
97.8971	28	0	1	LastDelay	0.0124956	12495.6	1	1
97.9074	25	0	1	LastDelay	0.00333029	3330.29	1	1
97.923	18	0	1	LastDelay	0.00333066	3330.66	1	1
97.9459	14	0	1	LastDelay	0.00293253	2932.53	1	1
97.9815	38	0	1	LastDelay	0.00333185	3331.85	1	1
97.9964	36	0	1	LastDelay	0.00666706	6667.06	1	1
98.0238	27	0	1	LastDelay	0.00333073	3330.73	1	1
98.0386	19	0	1	LastDelay	0	0	1	0
98.0472	40	0	1	LastDelay	0.0049333	4933.31	1	1
98.0682	11	0	1	LastDelay	0	0	1	0
98.0728	17	0	1	LastDelay	0	0	1	0
98.1612	4	0	1	LastDelay	0	0	1	0
98.1939	13	0	1	LastDelay	0	0	1	0
98.196	6	0	1	LastDelay	0.000600469	600.469	1	1
98.1991	32	0	1	LastDelay	5.144e-05	51.44	1	1
98.2443	44	0	1	LastDelay	0	0	1	0
98.2489	12	0	1	LastDelay	0.000483337	483.337	1	1
98.25	7	0	1	LastDelay	0	0	1	0
98.2682	31	0	1	LastDelay	0.00617948	6179.48	1	1
98.2755	3	0	1	LastDelay	0.026453	26453	1	1
98.2859	1	0	1	LastDelay	0	0	1	0
98.2952	23	0	1	LastDelay	0	0	1	0
98.2987	21	0	1	LastDelay	0.00608633	6086.33	1	1
98.3433	10	0	1	LastDelay	0.0149972	14997.2	1	1
98.3675	9	0	1	LastDelay	0	0	1	0
98.3685	20	0	1	LastDelay	0.00038489	384.89	1	1
98.3778	43	0	1	LastDelay	0.00253014	2530.14	1	1
98.4281	35	0	1	LastDelay	0.00436068	4360.68	1	1
98.4312	22	0	1	LastDelay	0.0168442	16844.2	1	1
98.4446	29	0	1	LastDelay	0.0128889	12888.9	1	1
98.5012	41	0	1	LastDelay	0.00334368	3343.68	1	1
98.5116	33	0	1	LastDelay	0.00927471	9274.71	1	1
98.5432	34	0	1	LastDelay	0	0	1	0
98.5963	24	0	1	LastDelay	0.0033432	3343.2	1	1
98.6379	30	0	1	LastDelay	0.00959915	9599.15	1	1
98.7584	37	0	1	LastDelay	0.00645139	6451.39	1	1
98.8827	5	0	1	LastDelay	0	0	1	0
98.8846	28	0	1	LastDelay	0	0	1	0
98.904	25	0	1	LastDelay	0	0	1	0
98.9196	18	0	1	LastDelay	0	0	1	0
98.9429	14	0	1	LastDelay	0	0	1	0
98.9782	38	0	1	LastDelay	0	0	1	0
98.9897	36	0	1	LastDelay	0	0	1	0
99.0205	27	0	1	LastDelay	0	0	1	0
99.0423	40	0	1	LastDelay	0	0	1	0
99.0709	16	0	1	LastDelay	0.0033431	3343.1	1	1
99.0782	17	0	1	LastDelay	0.00535614	5356.14	1	1
99.0782	11	0	1	LastDelay	0.0100147	10014.7	1	1
99.1646	4	0	1	LastDelay	0.00334343	3343.43	1	1
99.1777	26	0	1	LastDelay	0.00468511	4685.11	1	1
99.1954	6	0	1	LastDelay	0	0	1	0
99.199	32	0	1	LastDelay	0	0	1	0
99.2169	2	0	1	LastDelay	0.00337042	3370.42	1	1
99.2485	12	0	1	LastDelay	0	0	1	0
99.249	3	0	1	LastDelay	0	0	1	0
99.2494	44	0	1	LastDelay	0.00511659	5116.59	1	1
99.262	31	0	1	LastDelay	0	0	1	0
99.2926	21	0	1	LastDelay	0	0	1	0
99.3283	10	0	1	LastDelay	0	0	1	0
99.3681	20	0	1	LastDelay	0	0	1	0
99.3753	43	0	1	LastDelay	0	0	1	0
99.4143	22	0	1	LastDelay	0	0	1	0
99.4237	35	0	1	LastDelay	0	0	1	0
99.4318	29	0	1	LastDelay	0	0	1	0
99.4979	41	0	1	LastDelay	0	0	1	0
99.5023	33	0	1	LastDelay	0	0	1	0
99.5375	45	0	1	LastDelay	0.00371432	3714.32	1	1
99.5482	34	0	1	LastDelay	0.00500207	5002.07	1	1
99.5929	24	0	1	LastDelay	0	0	1	0
99.6283	30	0	1	LastDelay	0	0	1	0
99.752	37	0	1	LastDelay	0	0	1	0
99.8861	5	0	1	LastDelay	0.00338338	3383.38	1	1
99.8926	28	0	1	LastDelay	0.00797732	7977.32	1	1
99.896	39	0	1	LastDelay	0.00337178	3371.78	1	1
99.923	18	0	1	LastDelay	0.00333111	3331.11	1	1
99.9443	14	0	1	LastDelay	0.00132015	1320.15	1	1
99.9928	36	0	1	LastDelay	0.0030976	3097.61	1	1
