Time	Node	AppId	SeqNo	Type	DelayS	DelayUS	RetxCount	HopCount
17.217	3	0	1	LastDelay	0.967998	967998	1	1
17.249	3	0	1	LastDelay	0	0	1	0
18.217	2	0	1	LastDelay	0.00342167	3421.67	1	1
18.2525	3	0	1	LastDelay	0.00348659	3486.59	1	1
19.2136	2	0	1	LastDelay	0	0	1	0
19.249	3	0	1	LastDelay	0	0	1	0
20.2525	3	0	1	LastDelay	0.0034211	3421.1	1	1
20.2859	1	0	1	LastDelay	0	0	1	1
21.2169	2	0	1	LastDelay	0.00334325	3343.25	1	1
21.2462	0	0	1	LastDelay	0.00656896	6568.96	1	1
21.249	3	0	1	LastDelay	0	0	1	0
21.2893	1	0	1	LastDelay	0.00336939	3369.39	1	1
22.2136	2	0	1	LastDelay	0	0	1	0
22.2396	0	0	1	LastDelay	0	0	1	0
22.2524	3	0	1	LastDelay	0.00333067	3330.67	1	1
22.2859	1	0	1	LastDelay	0	0	1	0
23.2431	0	0	1	LastDelay	0.00340846	3408.46	1	1
23.249	3	0	1	LastDelay	0	0	1	0
23.2893	1	0	1	LastDelay	0.00333023	3330.23	1	1
24.1612	4	0	1	LastDelay	0	0	1	1
24.2169	2	0	1	LastDelay	0.0033698	3369.8	1	1
24.2396	0	0	1	LastDelay	0	0	1	0
24.2859	1	0	1	LastDelay	0	0	1	0
25.1677	4	0	1	LastDelay	0.00652195	6521.95	1	1
25.2136	2	0	1	LastDelay	0	0	1	0
25.2461	0	0	1	LastDelay	0.00646971	6469.71	1	1
25.2893	1	0	1	LastDelay	0.00338234	3382.34	1	1
25.8827	5	0	1	LastDelay	0	0	1	2
26.1612	4	0	1	LastDelay	0	0	1	0
26.2396	0	0	1	LastDelay	0	0	1	0
26.2859	1	0	1	LastDelay	0	0	1	0
27.2894	1	0	1	LastDelay	0.00346013	3460.13	1	1
28.2859	1	0	1	LastDelay	0	0	1	0
28.8508	8	0	1	LastDelay	0.00336972	3369.72	1	1
28.886	5	0	1	LastDelay	0.00335635	3356.35	1	1
29.1646	4	0	1	LastDelay	0.00339518	3395.18	1	1
29.243	0	0	1	LastDelay	0.00335621	3356.21	1	1
29.2894	1	0	1	LastDelay	0.00342141	3421.41	1	1
29.3709	9	0	1	LastDelay	0.00343475	3434.75	1	1
29.8474	8	0	1	LastDelay	0	0	1	0
29.8827	5	0	1	LastDelay	0	0	1	0
30.1612	4	0	1	LastDelay	0	0	1	0
30.2396	0	0	1	LastDelay	0	0	1	0
30.2859	1	0	1	LastDelay	0	0	1	0
30.3675	9	0	1	LastDelay	0	0	1	0
30.8508	8	0	1	LastDelay	0.00336923	3369.23	1	1
30.886	5	0	1	LastDelay	0.00335619	3356.19	1	1
31.243	0	0	1	LastDelay	0.00334308	3343.08	1	1
31.2893	1	0	1	LastDelay	0.0033692	3369.2	1	1
31.3708	9	0	1	LastDelay	0.00335629	3356.29	1	1
31.8474	8	0	1	LastDelay	0	0	1	0
31.8827	5	0	1	LastDelay	0	0	1	0
32.1677	4	0	1	LastDelay	0.00645123	6451.23	1	1
32.1677	7	0	1	LastDelay	0.917652	917652	1	1
32.2396	0	0	1	LastDelay	0	0	1	0
32.25	7	0	1	LastDelay	0	0	1	1
32.2859	1	0	1	LastDelay	0	0	1	0
32.3675	9	0	1	LastDelay	0	0	1	0
32.8508	8	0	1	LastDelay	0.00334331	3343.31	1	1
32.8508	6	0	1	LastDelay	0.655364	655364	1	1
32.8928	10	0	1	LastDelay	0.564493	564493	1	1
33.1612	4	0	1	LastDelay	0	0	1	0
33.1954	6	0	1	LastDelay	0	0	1	0
33.2893	1	0	1	LastDelay	0.00333035	3330.35	1	1
33.3283	10	0	1	LastDelay	0	0	1	0
33.8474	8	0	1	LastDelay	0	0	1	0
34.1987	6	0	1	LastDelay	0.00335657	3356.57	1	1
34.243	0	0	1	LastDelay	0.0033301	3330.1	1	1
34.2859	1	0	1	LastDelay	0	0	1	0
35.1954	6	0	1	LastDelay	0	0	1	0
35.2396	0	0	1	LastDelay	0	0	1	0
36.332	10	0	1	LastDelay	0.00372583	3725.83	1	1
37.0716	11	0	1	LastDelay	0.00342175	3421.75	1	1
37.1646	4	0	1	LastDelay	0.0034081	3408.1	1	1
37.243	0	0	1	LastDelay	0.00335604	3356.04	1	1
37.3283	10	0	1	LastDelay	0	0	1	0
38.0682	11	0	1	LastDelay	0	0	1	0
38.1612	4	0	1	LastDelay	0	0	1	0
38.1987	6	0	1	LastDelay	0.00334312	3343.12	1	1
38.2396	0	0	1	LastDelay	0	0	1	0
38.2893	1	0	1	LastDelay	0.00334313	3343.13	1	1
39.1954	6	0	1	LastDelay	0	0	1	0
39.243	0	0	1	LastDelay	0.00338221	3382.21	1	1
39.2534	7	0	1	LastDelay	0.00333011	3330.11	1	1
39.2859	1	0	1	LastDelay	0	0	1	0
40.1646	4	0	1	LastDelay	0.00333018	3330.18	1	1
40.1987	6	0	1	LastDelay	0.00333011	3330.11	1	1
40.2396	0	0	1	LastDelay	0	0	1	0
40.25	7	0	1	LastDelay	0	0	1	0
40.886	5	0	1	LastDelay	0.00336915	3369.15	1	1
41.1612	4	0	1	LastDelay	0	0	1	0
41.1954	6	0	1	LastDelay	0	0	1	0
41.243	0	0	1	LastDelay	0.00334305	3343.05	1	1
41.2534	7	0	1	LastDelay	0.00334318	3343.18	1	1
41.2893	1	0	1	LastDelay	0.0033301	3330.1	1	1
41.8827	5	0	1	LastDelay	0	0	1	0
42.0722	15	0	1	LastDelay	0.742086	742086	1	1
42.1646	4	0	1	LastDelay	0.00333016	3330.16	1	1
42.2396	0	0	1	LastDelay	0	0	1	0
42.25	7	0	1	LastDelay	0	0	1	0
42.2859	1	0	1	LastDelay	0	0	1	0
42.3302	15	0	1	LastDelay	0	0	1	0
42.3324	14	0	1	LastDelay	0.389423	389423	1	1
42.886	5	0	1	LastDelay	0.00334307	3343.07	1	1
42.9429	14	0	1	LastDelay	0	0	1	0
43.0715	11	0	1	LastDelay	0.00334324	3343.24	1	1
43.1612	4	0	1	LastDelay	0	0	1	0
43.1987	6	0	1	LastDelay	0.00333005	3330.05	1	1
43.2501	7	0	1	LastDelay	4.7244e-05	47.244	1	1
43.3355	15	0	1	LastDelay	0.00531905	5319.05	1	1
43.8827	5	0	1	LastDelay	0	0	1	0
44.0682	11	0	1	LastDelay	0	0	1	0
44.1954	6	0	1	LastDelay	0	0	1	0
44.25	7	0	1	LastDelay	0	0	1	0
44.3302	15	0	1	LastDelay	0	0	1	0
44.3316	10	0	1	LastDelay	0.0033301	3330.1	1	1
44.886	5	0	1	LastDelay	0.00334306	3343.06	1	1
44.9463	14	0	1	LastDelay	0.00333044	3330.43	1	1
45.0715	11	0	1	LastDelay	0.00335626	3356.26	1	1
45.1972	6	0	1	LastDelay	0.00184462	1844.62	1	1
45.243	0	0	1	LastDelay	0.00334302	3343.02	1	1
45.2493	13	0	1	LastDelay	0.0553867	55386.7	1	1
45.2527	7	0	1	LastDelay	0.00270491	2704.91	1	1
45.2527	12	0	1	LastDelay	0.00427612	4276.12	1	1
45.2893	1	0	1	LastDelay	0.00334307	3343.07	1	1
45.3283	10	0	1	LastDelay	0	0	1	0
45.3335	15	0	1	LastDelay	0.00335633	3356.33	1	1
45.8827	5	0	1	LastDelay	0	0	1	0
45.9429	14	0	1	LastDelay	0	0	1	0
46.0682	11	0	1	LastDelay	0	0	1	0
46.1939	13	0	1	LastDelay	0	0	1	0
46.1954	6	0	1	LastDelay	0	0	1	0
46.2396	0	0	1	LastDelay	0	0	1	0
46.2485	12	0	1	LastDelay	0	0	1	0
46.25	7	0	1	LastDelay	0	0	1	0
46.2859	1	0	1	LastDelay	0	0	1	0
46.3302	15	0	1	LastDelay	0	0	1	0
46.9463	14	0	1	LastDelay	0.00338216	3382.16	1	1
47.1997	6	0	1	LastDelay	0.00427278	4272.78	1	1
47.2518	7	0	1	LastDelay	0.00177271	1772.71	1	1
47.2518	12	0	1	LastDelay	0.00334365	3343.65	1	1
47.3326	15	0	1	LastDelay	0.00248905	2489.05	1	1
47.886	5	0	1	LastDelay	0.00333005	3330.05	1	1
47.9429	14	0	1	LastDelay	0	0	1	0
48.0709	16	0	1	LastDelay	0.0033564	3356.4	1	1
48.0745	11	0	1	LastDelay	0.00627996	6279.96	1	1
48.0983	17	0	1	LastDelay	0.0254221	25422.1	1	1
48.1646	4	0	1	LastDelay	0.00334307	3343.07	1	1
48.1954	6	0	1	LastDelay	0	0	1	0
48.243	0	0	1	LastDelay	0.00334315	3343.15	1	1
48.2485	12	0	1	LastDelay	0	0	1	0
48.25	7	0	1	LastDelay	0	0	1	0
48.3302	15	0	1	LastDelay	0	0	1	0
48.3316	10	0	1	LastDelay	0.00334315	3343.15	1	1
48.8827	5	0	1	LastDelay	0	0	1	0
49.0676	16	0	1	LastDelay	0	0	1	0
49.0682	11	0	1	LastDelay	0	0	1	0
49.0728	17	0	1	LastDelay	0	0	1	0
49.1612	4	0	1	LastDelay	0	0	1	0
49.1975	6	0	1	LastDelay	0.00214885	2148.85	1	1
49.2396	0	0	1	LastDelay	0	0	1	0
49.256	7	0	1	LastDelay	0.00598823	5988.23	1	1
49.3283	10	0	1	LastDelay	0	0	1	0
49.886	5	0	1	LastDelay	0.00333075	3330.75	1	1
50.0709	16	0	1	LastDelay	0.00334326	3343.26	1	1
50.0709	11	0	1	LastDelay	0.00275048	2750.49	1	1
50.0833	17	0	1	LastDelay	0.0104403	10440.3	1	1
50.1954	6	0	1	LastDelay	0	0	1	0
50.243	0	0	1	LastDelay	0.00333005	3330.05	1	1
50.25	7	0	1	LastDelay	0	0	1	0
50.2509	12	0	1	LastDelay	0.0024757	2475.7	1	1
50.3316	10	0	1	LastDelay	0.00334323	3343.23	1	1
50.3316	15	0	1	LastDelay	0.00145985	1459.85	1	1
50.8827	5	0	1	LastDelay	0	0	1	0
51.0676	16	0	1	LastDelay	0	0	1	0
51.0682	11	0	1	LastDelay	0	0	1	0
51.0728	17	0	1	LastDelay	0	0	1	0
51.2396	0	0	1	LastDelay	0	0	1	0
51.2485	12	0	1	LastDelay	0	0	1	0
51.3283	10	0	1	LastDelay	0	0	1	0
51.3302	15	0	1	LastDelay	0	0	1	0
52.0715	11	0	1	LastDelay	0.00332765	3327.65	1	1
52.076	17	0	1	LastDelay	0.00313959	3139.59	1	1
52.1646	4	0	1	LastDelay	0.0034081	3408.1	1	1
52.1972	6	0	1	LastDelay	0.00184465	1844.65	1	1
52.2506	12	0	1	LastDelay	0.0021061	2106.1	1	1
52.2955	1	0	1	LastDelay	0.00954682	9546.82	1	1
52.3316	10	0	1	LastDelay	0.00334315	3343.15	1	1
52.3316	15	0	1	LastDelay	0.00145977	1459.77	1	1
52.886	5	0	1	LastDelay	0.00333007	3330.07	1	1
52.9463	14	0	1	LastDelay	0.00333008	3330.08	1	1
53.0682	11	0	1	LastDelay	0	0	1	0
53.0709	16	0	1	LastDelay	0.00333041	3330.41	1	1
53.0728	17	0	1	LastDelay	0	0	1	0
53.1612	4	0	1	LastDelay	0	0	1	0
53.1954	6	0	1	LastDelay	0	0	1	0
53.243	0	0	1	LastDelay	0.00333005	3330.05	1	1
53.2485	12	0	1	LastDelay	0	0	1	0
53.2859	1	0	1	LastDelay	0	0	1	0
53.3283	10	0	1	LastDelay	0	0	1	0
53.3302	15	0	1	LastDelay	0	0	1	0
53.8827	5	0	1	LastDelay	0	0	1	0
53.9429	14	0	1	LastDelay	0	0	1	0
54.0676	16	0	1	LastDelay	0	0	1	0
54.0815	20	0	1	LastDelay	0.713406	713406	1	1
54.2396	0	0	1	LastDelay	0	0	1	0
54.3681	20	0	1	LastDelay	0	0	1	0
54.8898	15	0	1	LastDelay	0.55962	559620	1	1
55.0832	11	0	1	LastDelay	0.0149835	14983.5	1	1
55.1646	4	0	1	LastDelay	0.0033301	3330.1	1	1
55.2461	0	0	1	LastDelay	0.00642525	6425.25	1	1
55.2499	12	0	1	LastDelay	0.00143332	1433.32	1	1
55.2926	21	0	1	LastDelay	0	0	1	1
55.3302	15	0	1	LastDelay	0	0	1	0
55.3316	10	0	1	LastDelay	0.00335602	3356.02	1	1
56.0682	11	0	1	LastDelay	0	0	1	0
56.0744	17	0	1	LastDelay	0.00158236	1582.36	1	1
56.1612	4	0	1	LastDelay	0	0	1	0
56.2396	0	0	1	LastDelay	0	0	1	0
56.2485	12	0	1	LastDelay	0	0	1	0
56.3283	10	0	1	LastDelay	0	0	1	0
56.3335	15	0	1	LastDelay	0.00333014	3330.14	1	1
56.3715	20	0	1	LastDelay	0.00335659	3356.59	1	1
56.886	5	0	1	LastDelay	0.0033694	3369.4	1	1
57.0728	17	0	1	LastDelay	0	0	1	0
57.0782	11	0	1	LastDelay	0.0100619	10061.9	1	1
57.1987	6	0	1	LastDelay	0.00333005	3330.05	1	1
57.243	0	0	1	LastDelay	0.00333005	3330.05	1	1
57.2496	12	0	1	LastDelay	0.0011549	1154.9	1	1
57.3302	15	0	1	LastDelay	0	0	1	0
57.3316	10	0	1	LastDelay	0.0033431	3343.1	1	1
57.3681	20	0	1	LastDelay	0	0	1	0
57.8827	5	0	1	LastDelay	0	0	1	0
57.9296	19	0	1	LastDelay	0.890953	890953	1	1
58.0386	19	0	1	LastDelay	0	0	1	0
58.0682	11	0	1	LastDelay	0	0	1	0
58.1646	4	0	1	LastDelay	0.0033561	3356.1	1	1
58.1954	6	0	1	LastDelay	0	0	1	0
58.2396	0	0	1	LastDelay	0	0	1	0
58.2485	12	0	1	LastDelay	0	0	1	0
58.2959	21	0	1	LastDelay	0.00333031	3330.31	1	1
58.3283	10	0	1	LastDelay	0	0	1	0
58.4143	22	0	1	LastDelay	0	0	1	2
58.9196	18	0	1	LastDelay	0	0	1	1
59.0713	11	0	1	LastDelay	0.00310657	3106.57	1	1
59.0747	17	0	1	LastDelay	0.0018866	1886.6	1	1
59.1612	4	0	1	LastDelay	0	0	1	0
59.243	0	0	1	LastDelay	0.0033561	3356.1	1	1
59.253	12	0	1	LastDelay	0.00455426	4554.26	1	1
59.2926	21	0	1	LastDelay	0	0	1	0
59.2952	23	0	1	LastDelay	0	0	1	3
59.3358	15	0	1	LastDelay	0.00563657	5636.57	1	1
59.3715	20	0	1	LastDelay	0.00334312	3343.12	1	1
59.4208	22	0	1	LastDelay	0.00645173	6451.73	1	1
59.923	18	0	1	LastDelay	0.0033304	3330.4	1	1
59.9469	14	0	1	LastDelay	0.00391042	3910.42	1	1
60.0682	11	0	1	LastDelay	0	0	1	0
60.0728	17	0	1	LastDelay	0	0	1	0
60.1646	4	0	1	LastDelay	0.00334316	3343.16	1	1
60.2396	0	0	1	LastDelay	0	0	1	0
60.2485	12	0	1	LastDelay	0	0	1	0
60.2959	21	0	1	LastDelay	0.00333019	3330.19	1	1
60.3302	15	0	1	LastDelay	0	0	1	0
60.3316	10	0	1	LastDelay	0.00333016	3330.16	1	1
60.3548	23	0	1	LastDelay	0.0595877	59587.7	1	1
60.3681	20	0	1	LastDelay	0	0	1	0
60.4143	22	0	1	LastDelay	0	0	1	0
60.9196	18	0	1	LastDelay	0	0	1	0
60.9429	14	0	1	LastDelay	0	0	1	0
61.0713	11	0	1	LastDelay	0.00309347	3093.47	1	1
61.0863	17	0	1	LastDelay	0.013479	13479	1	1
61.1612	4	0	1	LastDelay	0	0	1	0
61.2461	0	0	1	LastDelay	0.00645119	6451.19	1	1
61.2499	12	0	1	LastDelay	0.00147158	1471.58	1	1
61.2926	21	0	1	LastDelay	0	0	1	0
61.2952	23	0	1	LastDelay	0	0	1	0
61.3283	10	0	1	LastDelay	0	0	1	0
61.3335	15	0	1	LastDelay	0.00333014	3330.14	1	1
61.9463	14	0	1	LastDelay	0.00333041	3330.41	1	1
62.0682	11	0	1	LastDelay	0	0	1	0
62.0728	17	0	1	LastDelay	0	0	1	0
62.2396	0	0	1	LastDelay	0	0	1	0
62.2485	12	0	1	LastDelay	0	0	1	0
62.3302	15	0	1	LastDelay	0	0	1	0
62.3316	10	0	1	LastDelay	0.00333014	3330.14	1	1
62.9429	14	0	1	LastDelay	0	0	1	0
63.0716	11	0	1	LastDelay	0.00343648	3436.48	1	1
63.0768	17	0	1	LastDelay	0.0040106	4010.6	1	1
63.09	23	0	1	LastDelay	0.794799	794799	1	1
63.2517	12	0	1	LastDelay	0.00327869	3278.69	1	1
63.2952	23	0	1	LastDelay	0	0	1	0
63.3283	10	0	1	LastDelay	0	0	1	0
63.4177	22	0	1	LastDelay	0.00335621	3356.21	1	1
63.886	5	0	1	LastDelay	0.00333015	3330.15	1	1
63.923	18	0	1	LastDelay	0.0033304	3330.4	1	1
63.9463	14	0	1	LastDelay	0.00333022	3330.22	1	1
64.042	19	0	1	LastDelay	0.00334374	3343.74	1	1
64.0682	11	0	1	LastDelay	0	0	1	0
64.0728	17	0	1	LastDelay	0	0	1	0
64.1646	4	0	1	LastDelay	0.00334307	3343.07	1	1
64.1987	6	0	1	LastDelay	0.00333027	3330.27	1	1
64.2485	12	0	1	LastDelay	0	0	1	0
64.2963	21	0	1	LastDelay	0.00368652	3686.52	1	1
64.2963	23	0	1	LastDelay	0.00111808	1118.08	1	1
64.3302	10	0	1	LastDelay	0.00188508	1885.08	1	1
64.3302	15	0	1	LastDelay	1.701e-06	1.701	1	1
64.3698	20	0	1	LastDelay	0.00170902	1709.02	1	1
64.4143	22	0	1	LastDelay	0	0	1	0
64.8827	5	0	1	LastDelay	0	0	1	0
64.9196	18	0	1	LastDelay	0	0	1	0
64.9429	14	0	1	LastDelay	0	0	1	0
65.0386	19	0	1	LastDelay	0	0	1	0
65.0709	16	0	1	LastDelay	0.00333005	3330.05	1	1
65.0709	11	0	1	LastDelay	0.00273732	2737.32	1	1
65.074	17	0	1	LastDelay	0.00117418	1174.18	1	1
65.1612	4	0	1	LastDelay	0	0	1	0
65.1954	6	0	1	LastDelay	0	0	1	0
65.2509	12	0	1	LastDelay	0.00246207	2462.07	1	1
65.2926	21	0	1	LastDelay	0	0	1	0
65.2952	23	0	1	LastDelay	0	0	1	0
65.3283	10	0	1	LastDelay	0	0	1	0
65.3302	15	0	1	LastDelay	0	0	1	0
65.3681	20	0	1	LastDelay	0	0	1	0
65.4177	22	0	1	LastDelay	0.00333004	3330.04	1	1
65.923	18	0	1	LastDelay	0.00336915	3369.15	1	1
66.0676	16	0	1	LastDelay	0	0	1	0
66.0682	11	0	1	LastDelay	0	0	1	0
66.0728	17	0	1	LastDelay	0	0	1	0
66.1987	6	0	1	LastDelay	0.0033302	3330.2	1	1
66.2485	12	0	1	LastDelay	0	0	1	0
66.3351	15	0	1	LastDelay	0.00492402	4924.02	1	1
66.3715	20	0	1	LastDelay	0.00336929	3369.29	1	1
66.4143	22	0	1	LastDelay	0	0	1	0
66.9196	18	0	1	LastDelay	0	0	1	0
66.9463	14	0	1	LastDelay	0.00333002	3330.02	1	1
67.0709	11	0	1	LastDelay	0.00273727	2737.27	1	1
67.0771	17	0	1	LastDelay	0.0042824	4282.4	1	1
67.1954	6	0	1	LastDelay	0	0	1	0
67.243	0	0	1	LastDelay	0.00333018	3330.18	1	1
67.2495	12	0	1	LastDelay	0.00105109	1051.09	1	1
67.2959	23	0	1	LastDelay	0.000774794	774.794	1	1
67.3299	10	0	1	LastDelay	0.0016217	1621.7	1	1
67.3302	15	0	1	LastDelay	0	0	1	0
67.3681	20	0	1	LastDelay	0	0	1	0
67.9054	26	0	1	LastDelay	0.732352	732352	1	1
67.923	18	0	1	LastDelay	0.0033301	3330.1	1	1
67.9429	14	0	1	LastDelay	0	0	1	0
68.0205	27	0	1	LastDelay	0	0	1	1
68.0682	11	0	1	LastDelay	0	0	1	0
68.0709	16	0	1	LastDelay	0.00333033	3330.33	1	1
68.0728	17	0	1	LastDelay	0	0	1	0
68.173	26	0	1	LastDelay	0	0	1	0
68.1987	6	0	1	LastDelay	0.0033301	3330.1	1	1
68.2396	0	0	1	LastDelay	0	0	1	0
68.2485	12	0	1	LastDelay	0	0	1	0
68.2952	23	0	1	LastDelay	0	0	1	0
68.3283	10	0	1	LastDelay	0	0	1	0
68.3714	20	0	1	LastDelay	0.00333019	3330.19	1	1
68.4177	22	0	1	LastDelay	0.00333002	3330.02	1	1
68.9196	18	0	1	LastDelay	0	0	1	0
69.0676	16	0	1	LastDelay	0	0	1	0
69.076	17	0	1	LastDelay	0.00319202	3192.02	1	1
69.1646	4	0	1	LastDelay	0.0033301	3330.1	1	1
69.1767	26	0	1	LastDelay	0.00365763	3657.63	1	1
69.1954	6	0	1	LastDelay	0	0	1	0
69.2509	12	0	1	LastDelay	0.00248829	2488.29	1	1
69.2959	23	0	1	LastDelay	0.000761767	761.767	1	1
69.2991	21	0	1	LastDelay	0.00646475	6464.74	1	1
69.3284	10	0	1	LastDelay	0.000135455	135.455	1	1
69.3326	15	0	1	LastDelay	0.00245658	2456.58	1	1
69.3681	20	0	1	LastDelay	0	0	1	0
69.4143	22	0	1	LastDelay	0	0	1	0
69.923	18	0	1	LastDelay	0.0033303	3330.3	1	1
69.9468	14	0	1	LastDelay	0.00388434	3884.34	1	1
70.0238	27	0	1	LastDelay	0.00333045	3330.45	1	1
70.0728	17	0	1	LastDelay	0	0	1	0
70.0803	11	0	1	LastDelay	0.0121141	12114.1	1	1
70.1612	4	0	1	LastDelay	0	0	1	0
70.173	26	0	1	LastDelay	0	0	1	0
70.2485	12	0	1	LastDelay	0	0	1	0
70.2926	21	0	1	LastDelay	0	0	1	0
70.2952	23	0	1	LastDelay	0	0	1	0
70.3283	10	0	1	LastDelay	0	0	1	0
70.3302	15	0	1	LastDelay	0	0	1	0
70.886	5	0	1	LastDelay	0.00333031	3330.31	1	1
70.904	25	0	1	LastDelay	0	0	1	1
70.9196	18	0	1	LastDelay	0	0	1	0
70.9429	14	0	1	LastDelay	0	0	1	0
71.0205	27	0	1	LastDelay	0	0	1	0
71.0682	11	0	1	LastDelay	0	0	1	0
71.297	23	0	1	LastDelay	0.0018432	1843.2	1	1
71.3316	10	0	1	LastDelay	0.00333006	3330.06	1	1
71.3316	15	0	1	LastDelay	0.00144669	1446.68	1	1
71.8827	5	0	1	LastDelay	0	0	1	0
71.923	18	0	1	LastDelay	0.00333005	3330.05	1	1
72.0246	27	0	1	LastDelay	0.00409453	4094.53	1	1
72.0712	11	0	1	LastDelay	0.00306765	3067.65	1	1
72.0782	17	0	1	LastDelay	0.0053249	5324.9	1	1
72.1646	4	0	1	LastDelay	0.0033301	3330.1	1	1
72.1777	26	0	1	LastDelay	0.00468084	4680.84	1	1
72.2012	6	0	1	LastDelay	0.0057889	5788.9	1	1
72.2431	0	0	1	LastDelay	0.00347413	3474.13	1	1
72.2496	12	0	1	LastDelay	0.00119467	1194.67	1	1
72.2948	21	0	1	LastDelay	0.0022164	2216.4	1	1
72.2952	23	0	1	LastDelay	0	0	1	0
72.3283	10	0	1	LastDelay	0	0	1	0
72.3302	15	0	1	LastDelay	0	0	1	0
72.4208	22	0	1	LastDelay	0.0064254	6425.4	1	1
72.4318	29	0	1	LastDelay	0	0	1	3
72.5929	24	0	1	LastDelay	0	0	1	1
72.8846	28	0	1	LastDelay	0	0	1	2
72.9053	25	0	1	LastDelay	0.00124937	1249.37	1	1
72.9196	18	0	1	LastDelay	0	0	1	0
72.95	14	0	1	LastDelay	0.00700907	7009.07	1	1
73.0205	27	0	1	LastDelay	0	0	1	0
73.0682	11	0	1	LastDelay	0	0	1	0
73.0709	16	0	1	LastDelay	0.00335606	3356.06	1	1
73.0728	17	0	1	LastDelay	0	0	1	0
73.1612	4	0	1	LastDelay	0	0	1	0
73.173	26	0	1	LastDelay	0	0	1	0
73.1954	6	0	1	LastDelay	0	0	1	0
73.2396	0	0	1	LastDelay	0	0	1	0
73.2485	12	0	1	LastDelay	0	0	1	0
73.2926	21	0	1	LastDelay	0	0	1	0
73.3364	15	0	1	LastDelay	0.00628331	6283.31	1	1
73.3714	20	0	1	LastDelay	0.00333019	3330.19	1	1
73.4143	22	0	1	LastDelay	0	0	1	0
73.904	25	0	1	LastDelay	0	0	1	0
73.9429	14	0	1	LastDelay	0	0	1	0
74.0238	27	0	1	LastDelay	0.00334321	3343.21	1	1
74.0676	16	0	1	LastDelay	0	0	1	0
74.0784	17	0	1	LastDelay	0.00556152	5561.52	1	1
74.243	0	0	1	LastDelay	0.00333016	3330.16	1	1
74.2554	12	0	1	LastDelay	0.00695573	6955.73	1	1
74.2963	23	0	1	LastDelay	0.00110491	1104.91	1	1
74.3302	15	0	1	LastDelay	0	0	1	0
74.3681	20	0	1	LastDelay	0	0	1	0
74.5962	24	0	1	LastDelay	0.00333009	3330.09	1	1
74.8867	28	0	1	LastDelay	0.00212564	2125.64	1	1
74.9068	25	0	1	LastDelay	0.00273405	2734.05	1	1
74.9229	18	0	1	LastDelay	0.00322703	3227.03	1	1
75.0205	27	0	1	LastDelay	0	0	1	0
75.0728	17	0	1	LastDelay	0	0	1	0
75.074	11	0	1	LastDelay	0.00583274	5832.74	1	1
75.1808	26	0	1	LastDelay	0.00773709	7737.09	1	1
75.2018	6	0	1	LastDelay	0.00640514	6405.14	1	1
75.2396	0	0	1	LastDelay	0	0	1	0
75.2485	12	0	1	LastDelay	0	0	1	0
75.2952	23	0	1	LastDelay	0	0	1	0
75.2959	21	0	1	LastDelay	0.00333043	3330.43	1	1
75.3316	10	0	1	LastDelay	0.00333015	3330.15	1	1
75.3316	15	0	1	LastDelay	0.00144677	1446.77	1	1
75.4177	22	0	1	LastDelay	0.00333025	3330.25	1	1
75.4528	29	0	1	LastDelay	0.0210751	21075.1	1	1
75.5929	24	0	1	LastDelay	0	0	1	0
75.8846	28	0	1	LastDelay	0	0	1	0
75.904	25	0	1	LastDelay	0	0	1	0
75.9196	18	0	1	LastDelay	0	0	1	0
75.9463	14	0	1	LastDelay	0.00333027	3330.27	1	1
76.0682	11	0	1	LastDelay	0	0	1	0
76.0709	16	0	1	LastDelay	0.00333017	3330.17	1	1
76.0782	17	0	1	LastDelay	0.00535082	5350.82	1	1
76.173	26	0	1	LastDelay	0	0	1	0
76.1954	6	0	1	LastDelay	0	0	1	0
76.2544	12	0	1	LastDelay	0.00595274	5952.74	1	1
76.2926	21	0	1	LastDelay	0	0	1	0
76.3283	10	0	1	LastDelay	0	0	1	0
76.3302	15	0	1	LastDelay	0	0	1	0
76.3714	20	0	1	LastDelay	0.00333019	3330.19	1	1
76.4143	22	0	1	LastDelay	0	0	1	0
76.4318	29	0	1	LastDelay	0	0	1	0
76.8864	28	0	1	LastDelay	0.00179572	1795.72	1	1
76.923	18	0	1	LastDelay	0.0033304	3330.4	1	1
76.9429	14	0	1	LastDelay	0	0	1	0
77.0676	16	0	1	LastDelay	0	0	1	0
77.0715	11	0	1	LastDelay	0.00334325	3343.25	1	1
77.0728	17	0	1	LastDelay	0	0	1	0
77.176	26	0	1	LastDelay	0.00294491	2944.91	1	1
77.204	6	0	1	LastDelay	0.00861902	8619.02	1	1
77.243	0	0	1	LastDelay	0.0033301	3330.1	1	1
77.2485	12	0	1	LastDelay	0	0	1	0
77.3029	23	0	1	LastDelay	0.00769059	7690.59	1	1
77.3373	10	0	1	LastDelay	0.00899708	8997.08	1	1
77.3373	15	0	1	LastDelay	0.0071137	7113.7	1	1
77.3681	20	0	1	LastDelay	0	0	1	0
77.4346	29	0	1	LastDelay	0.00283126	2831.26	1	1
77.6024	24	0	1	LastDelay	0.00953399	9533.99	1	1
77.8846	28	0	1	LastDelay	0	0	1	0
77.886	5	0	1	LastDelay	0.00334325	3343.25	1	1
77.9196	18	0	1	LastDelay	0	0	1	0
78.0238	27	0	1	LastDelay	0.00333014	3330.14	1	1
78.0682	11	0	1	LastDelay	0	0	1	0
78.0709	16	0	1	LastDelay	0.0033301	3330.1	1	1
78.0775	17	0	1	LastDelay	0.00463876	4638.76	1	1
78.1646	4	0	1	LastDelay	0.00333016	3330.16	1	1
78.173	26	0	1	LastDelay	0	0	1	0
78.1954	6	0	1	LastDelay	0	0	1	0
78.2396	0	0	1	LastDelay	0	0	1	0
78.2952	23	0	1	LastDelay	0	0	1	0
78.2959	21	0	1	LastDelay	0.00334314	3343.14	1	1
78.3283	10	0	1	LastDelay	0	0	1	0
78.3302	15	0	1	LastDelay	0	0	1	0
78.3714	20	0	1	LastDelay	0.00333069	3330.69	1	1
78.4318	29	0	1	LastDelay	0	0	1	0
78.5929	24	0	1	LastDelay	0	0	1	0
78.8827	5	0	1	LastDelay	0	0	1	0
79.0205	27	0	1	LastDelay	0	0	1	0
79.0676	16	0	1	LastDelay	0	0	1	0
79.0728	17	0	1	LastDelay	0	0	1	0
79.1612	4	0	1	LastDelay	0	0	1	0
79.1764	26	0	1	LastDelay	0.0033302	3330.2	1	1
79.2513	12	0	1	LastDelay	0.00283158	2831.58	1	1
79.2926	21	0	1	LastDelay	0	0	1	0
79.3326	15	0	1	LastDelay	0.00248934	2489.34	1	1
79.3681	20	0	1	LastDelay	0	0	1	0
79.8867	28	0	1	LastDelay	0.00216435	2164.35	1	1
80.0719	11	0	1	LastDelay	0.00375373	3753.73	1	1
80.0768	17	0	1	LastDelay	0.00395842	3958.42	1	1
80.173	26	0	1	LastDelay	0	0	1	0
80.1987	6	0	1	LastDelay	0.0033301	3330.1	1	1
80.2091	32	0	1	LastDelay	0.0100792	10079.2	1	1
80.2485	12	0	1	LastDelay	0	0	1	0
80.2994	23	0	1	LastDelay	0.00420007	4200.07	1	1
80.3302	15	0	1	LastDelay	0	0	1	0
80.3308	10	0	1	LastDelay	0.00253146	2531.46	1	1
80.4177	22	0	1	LastDelay	0.00333011	3330.11	1	1
80.4425	29	0	1	LastDelay	0.01074	10740	1	1
80.5962	24	0	1	LastDelay	0.00333015	3330.15	1	1
80.8846	28	0	1	LastDelay	0	0	1	0
80.943	14	0	1	LastDelay	2.2773e-05	22.773	1	1
81.0682	11	0	1	LastDelay	0	0	1	0
81.0728	17	0	1	LastDelay	0	0	1	0
81.1646	4	0	1	LastDelay	0.0033306	3330.6	1	1
81.1745	26	0	1	LastDelay	0.00150825	1508.25	1	1
81.1954	6	0	1	LastDelay	0	0	1	0
81.199	32	0	1	LastDelay	0	0	1	0
81.2506	12	0	1	LastDelay	0.00211968	2119.68	1	1
81.2952	23	0	1	LastDelay	0	0	1	0
81.2959	21	0	1	LastDelay	0.00333015	3330.15	1	1
81.3283	10	0	1	LastDelay	0	0	1	0
81.3335	15	0	1	LastDelay	0.00333002	3330.02	1	1
81.4143	22	0	1	LastDelay	0	0	1	0
81.4318	29	0	1	LastDelay	0	0	1	0
81.5929	24	0	1	LastDelay	0	0	1	0
81.8929	28	0	1	LastDelay	0.00830237	8302.37	1	1
81.9429	14	0	1	LastDelay	0	0	1	0
82.0238	27	0	1	LastDelay	0.00333002	3330.02	1	1
82.0709	11	0	1	LastDelay	0.00273731	2737.31	1	1
82.0775	17	0	1	LastDelay	0.00462549	4625.49	1	1
82.1612	4	0	1	LastDelay	0	0	1	0
82.173	26	0	1	LastDelay	0	0	1	0
82.1991	32	0	1	LastDelay	2.9186e-05	29.186	1	1
82.2425	0	0	1	LastDelay	0.00285399	2853.99	1	1
82.2485	12	0	1	LastDelay	0	0	1	0
82.2926	21	0	1	LastDelay	0	0	1	0
82.2985	23	0	1	LastDelay	0.00333041	3330.41	1	1
82.3302	15	0	1	LastDelay	0	0	1	0
82.3714	20	0	1	LastDelay	0.00333007	3330.07	1	1
82.4177	22	0	1	LastDelay	0.00333042	3330.42	1	1
82.4339	29	0	1	LastDelay	0.00211942	2119.42	1	1
82.5023	33	0	1	LastDelay	0	0	1	1
82.632	30	0	1	LastDelay	0.00368696	3686.96	1	1
82.8846	28	0	1	LastDelay	0	0	1	0
82.9457	14	0	1	LastDelay	0.00276271	2762.71	1	1
83.0205	27	0	1	LastDelay	0	0	1	0
83.0682	11	0	1	LastDelay	0	0	1	0
83.0728	17	0	1	LastDelay	0	0	1	0
83.1753	26	0	1	LastDelay	0.00222017	2220.17	1	1
83.1959	6	0	1	LastDelay	0.000518799	518.799	1	1
83.199	32	0	1	LastDelay	0	0	1	0
83.2396	0	0	1	LastDelay	0	0	1	0
83.2952	23	0	1	LastDelay	0	0	1	0
83.3358	15	0	1	LastDelay	0.00559727	5597.27	1	1
83.3681	20	0	1	LastDelay	0	0	1	0
83.4143	22	0	1	LastDelay	0	0	1	0
83.4318	29	0	1	LastDelay	0	0	1	0
83.5091	33	0	1	LastDelay	0.00680765	6807.65	1	1
83.5091	31	0	1	LastDelay	0.24709	247090	1	1
83.5962	24	0	1	LastDelay	0.00333036	3330.36	1	1
83.6283	30	0	1	LastDelay	0	0	1	0
83.8871	28	0	1	LastDelay	0.00248175	2481.75	1	1
83.9249	18	0	1	LastDelay	0.00523074	5230.74	1	1
83.9429	14	0	1	LastDelay	0	0	1	0
84.0744	11	0	1	LastDelay	0.00621503	6215.03	1	1
84.0744	17	0	1	LastDelay	0.00155691	1556.91	1	1
84.173	26	0	1	LastDelay	0	0	1	0
84.1954	6	0	1	LastDelay	0	0	1	0
84.2024	32	0	1	LastDelay	0.00334376	3343.76	1	1
84.243	0	0	1	LastDelay	0.00333038	3330.38	1	1
84.2529	12	0	1	LastDelay	0.00448936	4489.36	1	1
84.262	31	0	1	LastDelay	0	0	1	0
84.2932	21	0	1	LastDelay	0.000610079	610.079	1	1
84.2967	23	0	1	LastDelay	0.00148003	1480.03	1	1
84.3302	15	0	1	LastDelay	0	0	1	0
84.4208	22	0	1	LastDelay	0.00642612	6426.12	1	1
84.4335	29	0	1	LastDelay	0.00172519	1725.19	1	1
84.5023	33	0	1	LastDelay	0	0	1	0
84.5929	24	0	1	LastDelay	0	0	1	0
84.8846	28	0	1	LastDelay	0	0	1	0
84.9196	18	0	1	LastDelay	0	0	1	0
85.0273	27	0	1	LastDelay	0.00682078	6820.77	1	1
85.0682	11	0	1	LastDelay	0	0	1	0
85.0709	16	0	1	LastDelay	0.0033302	3330.2	1	1
85.0728	17	0	1	LastDelay	0	0	1	0
85.1777	26	0	1	LastDelay	0.00464244	4642.44	1	1
85.1978	6	0	1	LastDelay	0.00237807	2378.07	1	1
85.199	32	0	1	LastDelay	0	0	1	0
85.2396	0	0	1	LastDelay	0	0	1	0
85.2485	12	0	1	LastDelay	0	0	1	0
85.2926	21	0	1	LastDelay	0	0	1	0
85.2952	23	0	1	LastDelay	0	0	1	0
85.3316	15	0	1	LastDelay	0.00144684	1446.84	1	1
85.3316	10	0	1	LastDelay	0.0033303	3330.3	1	1
85.3722	20	0	1	LastDelay	0.0040882	4088.2	1	1
85.4143	22	0	1	LastDelay	0	0	1	0
85.4318	29	0	1	LastDelay	0	0	1	0
85.5056	33	0	1	LastDelay	0.00333033	3330.33	1	1
85.6351	30	0	1	LastDelay	0.00687292	6872.92	1	1
85.8891	28	0	1	LastDelay	0.00450811	4508.11	1	1
85.9205	18	0	1	LastDelay	0.000857044	857.044	1	1
85.9439	14	0	1	LastDelay	0.000923451	923.451	1	1
86.0205	27	0	1	LastDelay	0	0	1	0
86.0676	16	0	1	LastDelay	0	0	1	0
86.0815	17	0	1	LastDelay	0.00865695	8656.95	1	1
86.1646	4	0	1	LastDelay	0.00333032	3330.32	1	1
86.173	26	0	1	LastDelay	0	0	1	0
86.1954	6	0	1	LastDelay	0	0	1	0
86.2024	32	0	1	LastDelay	0.00333015	3330.15	1	1
86.243	0	0	1	LastDelay	0.00334302	3343.02	1	1
86.2492	12	0	1	LastDelay	0.000720873	720.873	1	1
86.2634	31	0	1	LastDelay	0.00135448	1354.48	1	1
86.2961	21	0	1	LastDelay	0.0034928	3492.8	1	1
86.2961	23	0	1	LastDelay	0.00092449	924.49	1	1
86.3283	10	0	1	LastDelay	0	0	1	0
86.3302	15	0	1	LastDelay	0	0	1	0
86.3681	20	0	1	LastDelay	0	0	1	0
86.4177	22	0	1	LastDelay	0.00333022	3330.22	1	1
86.4336	29	0	1	LastDelay	0.0018157	1815.7	1	1
86.4805	35	0	1	LastDelay	0.0568436	56843.6	1	1
86.5023	33	0	1	LastDelay	0	0	1	0
86.6283	30	0	1	LastDelay	0	0	1	0
86.8846	28	0	1	LastDelay	0	0	1	0
86.886	5	0	1	LastDelay	0.00333049	3330.49	1	1
86.9196	18	0	1	LastDelay	0	0	1	0
86.9429	14	0	1	LastDelay	0	0	1	0
87.0238	27	0	1	LastDelay	0.00333002	3330.02	1	1
87.0728	17	0	1	LastDelay	0	0	1	0
87.0778	11	0	1	LastDelay	0.00964091	9640.91	1	1
87.1612	4	0	1	LastDelay	0	0	1	0
87.1964	6	0	1	LastDelay	0.000993379	993.379	1	1
87.199	32	0	1	LastDelay	0	0	1	0
87.2396	0	0	1	LastDelay	0	0	1	0
87.2485	12	0	1	LastDelay	0	0	1	0
87.262	31	0	1	LastDelay	0	0	1	0
87.2926	21	0	1	LastDelay	0	0	1	0
87.2952	23	0	1	LastDelay	0	0	1	0
87.3316	15	0	1	LastDelay	0.00145988	1459.88	1	1
87.4143	22	0	1	LastDelay	0	0	1	0
87.4237	35	0	1	LastDelay	0	0	1	0
87.4318	29	0	1	LastDelay	0	0	1	0
87.5056	33	0	1	LastDelay	0.00333018	3330.18	1	1
87.5465	34	0	1	LastDelay	0.00333066	3330.66	1	1
87.8827	5	0	1	LastDelay	0	0	1	0
88.0205	27	0	1	LastDelay	0	0	1	0
88.0682	11	0	1	LastDelay	0	0	1	0
88.0747	17	0	1	LastDelay	0.00186088	1860.88	1	1
88.1954	6	0	1	LastDelay	0	0	1	0
88.2509	12	0	1	LastDelay	0.0024245	2424.51	1	1
88.2675	31	0	1	LastDelay	0.00552677	5526.77	1	1
88.3011	23	0	1	LastDelay	0.00591666	5916.66	1	1
88.3302	15	0	1	LastDelay	0	0	1	0
88.4252	35	0	1	LastDelay	0.00155782	1557.82	1	1
88.433	29	0	1	LastDelay	0.00126862	1268.62	1	1
88.5023	33	0	1	LastDelay	0	0	1	0
88.5432	34	0	1	LastDelay	0	0	1	0
88.8872	28	0	1	LastDelay	0.00259928	2599.28	1	1
88.923	18	0	1	LastDelay	0.00334309	3343.09	1	1
89.0238	27	0	1	LastDelay	0.00333013	3330.13	1	1
89.072	11	0	1	LastDelay	0.00378041	3780.41	1	1
89.0728	17	0	1	LastDelay	0	0	1	0
89.1646	4	0	1	LastDelay	0.00335681	3356.81	1	1
89.1785	26	0	1	LastDelay	0.005433	5433	1	1
89.2005	32	0	1	LastDelay	0.00150062	1500.62	1	1
89.2036	6	0	1	LastDelay	0.00825305	8253.05	1	1
89.2434	0	0	1	LastDelay	0.00375849	3758.49	1	1
89.2485	12	0	1	LastDelay	0	0	1	0
89.262	31	0	1	LastDelay	0	0	1	0
89.2952	23	0	1	LastDelay	0	0	1	0
89.2959	21	0	1	LastDelay	0.00333046	3330.46	1	1
89.3316	10	0	1	LastDelay	0.00333005	3330.05	1	1
89.3316	15	0	1	LastDelay	0.00144703	1447.03	1	1
89.4208	22	0	1	LastDelay	0.00643862	6438.62	1	1
89.4237	35	0	1	LastDelay	0	0	1	0
89.4318	29	0	1	LastDelay	0	0	1	0
89.5056	33	0	1	LastDelay	0.00333049	3330.49	1	1
89.8846	28	0	1	LastDelay	0	0	1	0
89.886	5	0	1	LastDelay	0.0033304	3330.4	1	1
89.9196	18	0	1	LastDelay	0	0	1	0
89.9501	39	0	1	LastDelay	0.0574671	57467.1	1	1
90.0205	27	0	1	LastDelay	0	0	1	0
90.0682	11	0	1	LastDelay	0	0	1	0
90.0709	16	0	1	LastDelay	0.00333078	3330.78	1	1
90.074	17	0	1	LastDelay	0.0011876	1187.6	1	1
90.1612	4	0	1	LastDelay	0	0	1	0
90.173	26	0	1	LastDelay	0	0	1	0
90.1954	6	0	1	LastDelay	0	0	1	0
90.199	32	0	1	LastDelay	0	0	1	0
90.2396	0	0	1	LastDelay	0	0	1	0
90.2646	31	0	1	LastDelay	0.0025525	2552.49	1	1
90.2926	21	0	1	LastDelay	0	0	1	0
90.2985	23	0	1	LastDelay	0.00333017	3330.17	1	1
90.3283	10	0	1	LastDelay	0	0	1	0
90.3302	15	0	1	LastDelay	0	0	1	0
90.4143	22	0	1	LastDelay	0	0	1	0
90.4322	29	0	1	LastDelay	0.000447329	447.329	1	1
90.5023	33	0	1	LastDelay	0	0	1	0
90.5465	34	0	1	LastDelay	0.00333059	3330.59	1	1
90.5962	24	0	1	LastDelay	0.00333055	3330.55	1	1
90.8827	5	0	1	LastDelay	0	0	1	0
90.8926	39	0	1	LastDelay	0	0	1	0
90.923	18	0	1	LastDelay	0.00333008	3330.08	1	1
90.9463	14	0	1	LastDelay	0.00333016	3330.16	1	1
91.0676	16	0	1	LastDelay	0	0	1	0
91.0728	17	0	1	LastDelay	0	0	1	0
91.1764	26	0	1	LastDelay	0.00333004	3330.04	1	1
91.1969	6	0	1	LastDelay	0.00146638	1466.38	1	1
91.2035	32	0	1	LastDelay	0.00442256	4422.56	1	1
91.2444	0	0	1	LastDelay	0.00473137	4731.37	1	1
91.2543	12	0	1	LastDelay	0.00585367	5853.67	1	1
91.262	31	0	1	LastDelay	0	0	1	0
91.2952	23	0	1	LastDelay	0	0	1	0
91.2972	21	0	1	LastDelay	0.00464342	4643.42	1	1
91.3746	20	0	1	LastDelay	0.00643847	6438.47	1	1
91.4246	35	0	1	LastDelay	0.000924342	924.342	1	1
91.4318	29	0	1	LastDelay	0	0	1	0
91.5432	34	0	1	LastDelay	0	0	1	0
91.5929	24	0	1	LastDelay	0	0	1	0
91.6348	30	0	1	LastDelay	0.00649065	6490.65	1	1
91.8891	5	0	1	LastDelay	0.00646488	6464.88	1	1
91.8991	28	0	1	LastDelay	0.0145451	14545.1	1	1
91.9196	18	0	1	LastDelay	0	0	1	0
91.9197	39	0	1	LastDelay	0.027064	27064	1	1
91.9429	14	0	1	LastDelay	0	0	1	0
92.0748	17	0	1	LastDelay	0.00194447	1944.47	1	1
92.0748	38	0	1	LastDelay	0.0965777	96577.7	1	1
92.173	26	0	1	LastDelay	0	0	1	0
92.1954	6	0	1	LastDelay	0	0	1	0
92.199	32	0	1	LastDelay	0	0	1	0
92.2396	0	0	1	LastDelay	0	0	1	0
92.2485	12	0	1	LastDelay	0	0	1	0
92.2926	21	0	1	LastDelay	0	0	1	0
92.3681	20	0	1	LastDelay	0	0	1	0
92.4177	22	0	1	LastDelay	0.0033431	3343.1	1	1
92.4237	35	0	1	LastDelay	0	0	1	0
92.6283	30	0	1	LastDelay	0	0	1	0
92.8827	5	0	1	LastDelay	0	0	1	0
92.8846	28	0	1	LastDelay	0	0	1	0
92.8926	39	0	1	LastDelay	0	0	1	0
92.9782	38	0	1	LastDelay	0	0	1	0
93.0719	11	0	1	LastDelay	0.00372807	3728.07	1	1
93.0728	17	0	1	LastDelay	0	0	1	0
93.1987	6	0	1	LastDelay	0.00333056	3330.56	1	1
93.21	32	0	1	LastDelay	0.0109203	10920.3	1	1
93.2643	31	0	1	LastDelay	0.00225441	2254.41	1	1
93.3012	23	0	1	LastDelay	0.00598141	5981.41	1	1
93.3363	15	0	1	LastDelay	0.00613764	6137.65	1	1
93.4143	22	0	1	LastDelay	0	0	1	0
93.5056	33	0	1	LastDelay	0.00333018	3330.18	1	1
93.8959	39	0	1	LastDelay	0.00333048	3330.48	1	1
93.923	18	0	1	LastDelay	0.00334329	3343.29	1	1
93.9538	14	0	1	LastDelay	0.0108388	10838.8	1	1
94.0054	36	0	1	LastDelay	0.0156475	15647.5	1	1
94.0682	11	0	1	LastDelay	0	0	1	0
94.0762	17	0	1	LastDelay	0.00333008	3330.08	1	1
94.1764	26	0	1	LastDelay	0.00333014	3330.14	1	1
94.1954	6	0	1	LastDelay	0	0	1	0
94.199	32	0	1	LastDelay	0	0	1	0
94.2518	12	0	1	LastDelay	0.00333012	3330.12	1	1
94.262	31	0	1	LastDelay	0	0	1	0
94.2952	23	0	1	LastDelay	0	0	1	0
94.3302	15	0	1	LastDelay	0	0	1	0
94.4301	35	0	1	LastDelay	0.0064256	6425.6	1	1
94.4363	29	0	1	LastDelay	0.00455301	4553.01	1	1
94.5023	33	0	1	LastDelay	0	0	1	0
94.6316	30	0	1	LastDelay	0.00334333	3343.33	1	1
94.8926	39	0	1	LastDelay	0	0	1	0
94.9196	18	0	1	LastDelay	0	0	1	0
94.9429	14	0	1	LastDelay	0	0	1	0
94.9815	38	0	1	LastDelay	0.00333051	3330.51	1	1
94.9897	36	0	1	LastDelay	0	0	1	0
95.0238	27	0	1	LastDelay	0.0033302	3330.2	1	1
95.0728	17	0	1	LastDelay	0	0	1	0
95.173	26	0	1	LastDelay	0	0	1	0
95.1998	32	0	1	LastDelay	0.000767838	767.838	1	1
95.2485	12	0	1	LastDelay	0	0	1	0
95.275	31	0	1	LastDelay	0.0130114	13011.4	1	1
95.2963	23	0	1	LastDelay	0.00116997	1169.97	1	1
95.2963	21	0	1	LastDelay	0.00373853	3738.53	1	1
95.4237	35	0	1	LastDelay	0	0	1	0
95.4318	29	0	1	LastDelay	0	0	1	0
95.5465	34	0	1	LastDelay	0.00333011	3330.11	1	1
95.6283	30	0	1	LastDelay	0	0	1	0
95.7553	37	0	1	LastDelay	0.00333055	3330.55	1	1
95.9782	38	0	1	LastDelay	0	0	1	0
96.0205	27	0	1	LastDelay	0	0	1	0
96.0753	17	0	1	LastDelay	0.00245352	2453.53	1	1
96.1982	6	0	1	LastDelay	0.00281645	2816.45	1	1
96.199	32	0	1	LastDelay	0	0	1	0
96.262	31	0	1	LastDelay	0	0	1	0
96.2926	21	0	1	LastDelay	0	0	1	0
96.2952	23	0	1	LastDelay	0	0	1	0
96.4394	29	0	1	LastDelay	0.00769376	7693.76	1	1
96.5432	34	0	1	LastDelay	0	0	1	0
96.752	37	0	1	LastDelay	0	0	1	0
96.8959	39	0	1	LastDelay	0.0033302	3330.2	1	1
96.923	18	0	1	LastDelay	0.00333015	3330.15	1	1
96.9961	36	0	1	LastDelay	0.00634695	6346.95	1	1
97.0728	17	0	1	LastDelay	0	0	1	0
97.1954	6	0	1	LastDelay	0	0	1	0
97.2959	23	0	1	LastDelay	0.000775143	775.143	1	1
97.2959	21	0	1	LastDelay	0.00334367	3343.67	1	1
97.4277	35	0	1	LastDelay	0.00402973	4029.73	1	1
97.4318	29	0	1	LastDelay	0	0	1	0
97.5496	34	0	1	LastDelay	0.00642548	6425.48	1	1
97.6316	30	0	1	LastDelay	0.00333026	3330.26	1	1
97.8926	39	0	1	LastDelay	0	0	1	0
97.9196	18	0	1	LastDelay	0	0	1	0
97.9897	36	0	1	LastDelay	0	0	1	0
98.0753	17	0	1	LastDelay	0.0024668	2466.8	1	1
98.2024	32	0	1	LastDelay	0.00334336	3343.36	1	1
98.2172	6	0	1	LastDelay	0.0217965	21796.5	1	1
98.2518	12	0	1	LastDelay	0.00333004	3330.04	1	1
98.2619	41	0	1	LastDelay	0.764037	764037	1	1
98.2645	31	0	1	LastDelay	0.0025127	2512.7	1	1
98.2926	21	0	1	LastDelay	0	0	1	0
98.2952	23	0	1	LastDelay	0	0	1	0
98.3335	15	0	1	LastDelay	0.00333016	3330.16	1	1
98.4237	35	0	1	LastDelay	0	0	1	0
98.4979	41	0	1	LastDelay	0	0	1	0
98.5432	34	0	1	LastDelay	0	0	1	0
98.6283	30	0	1	LastDelay	0	0	1	0
98.8959	39	0	1	LastDelay	0.00333035	3330.35	1	1
98.923	18	0	1	LastDelay	0.0033301	3330.1	1	1
98.9916	36	0	1	LastDelay	0.00184003	1840.03	1	1
99.0487	40	0	1	LastDelay	0.00643791	6437.91	1	1
99.0728	17	0	1	LastDelay	0	0	1	0
99.075	11	0	1	LastDelay	0.00680789	6807.89	1	1
99.1764	26	0	1	LastDelay	0.00333016	3330.16	1	1
99.1954	6	0	1	LastDelay	0	0	1	0
99.199	32	0	1	LastDelay	0	0	1	0
99.2485	12	0	1	LastDelay	0	0	1	0
99.262	31	0	1	LastDelay	0	0	1	0
99.3005	23	0	1	LastDelay	0.00532126	5321.26	1	1
99.3302	15	0	1	LastDelay	0	0	1	0
99.4274	35	0	1	LastDelay	0.0036735	3673.5	1	1
99.4353	29	0	1	LastDelay	0.00356819	3568.19	1	1
99.5012	41	0	1	LastDelay	0.00334352	3343.52	1	1
99.5051	33	0	1	LastDelay	0.00281453	2814.53	1	1
99.5465	34	0	1	LastDelay	0.0033306	3330.6	1	1
99.5963	24	0	1	LastDelay	0.00334308	3343.08	1	1
99.6316	30	0	1	LastDelay	0.00333016	3330.16	1	1
99.8926	39	0	1	LastDelay	0	0	1	0
99.9196	18	0	1	LastDelay	0	0	1	0
99.9897	36	0	1	LastDelay	0	0	1	0
