Time	Node	AppId	SeqNo	Type	DelayS	DelayUS	RetxCount	HopCount
11.199	32	0	1	LastDelay	0	0	1	2
11.2136	2	0	1	LastDelay	0	0	1	1
11.2443	44	0	1	LastDelay	0	0	1	2
11.3681	20	0	1	LastDelay	0	0	1	2
11.8474	8	0	1	LastDelay	0	0	1	2
11.9429	14	0	1	LastDelay	0	0	1	2
11.9782	38	0	1	LastDelay	0	0	1	2
12.173	26	0	1	LastDelay	0	0	1	2
12.249	3	0	1	LastDelay	0	0	1	1
12.2926	21	0	1	LastDelay	0	0	1	2
12.3302	15	0	1	LastDelay	0	0	1	2
12.3675	9	0	1	LastDelay	0	0	1	2
12.5023	33	0	1	LastDelay	0	0	1	2
12.5338	45	0	1	LastDelay	0	0	1	2
12.8926	39	0	1	LastDelay	0	0	1	2
13.0205	27	0	1	LastDelay	0	0	1	2
13.2174	2	0	1	LastDelay	0.0038576	3857.6	1	1
13.8508	8	0	1	LastDelay	0.00337008	3370.08	1	1
13.9468	14	0	1	LastDelay	0.00383201	3832.01	1	1
13.9815	38	0	1	LastDelay	0.00334301	3343.01	1	1
14.1764	26	0	1	LastDelay	0.003356	3356	1	1
14.2024	32	0	1	LastDelay	0.00337015	3370.15	1	1
14.2136	2	0	1	LastDelay	0	0	1	0
14.2478	44	0	1	LastDelay	0.00356445	3564.45	1	1
14.3715	20	0	1	LastDelay	0.003356	3356	1	1
14.8474	8	0	1	LastDelay	0	0	1	0
14.9429	14	0	1	LastDelay	0	0	1	0
14.9782	38	0	1	LastDelay	0	0	1	0
15.173	26	0	1	LastDelay	0	0	1	0
15.199	32	0	1	LastDelay	0	0	1	0
15.2169	2	0	1	LastDelay	0.00337033	3370.33	1	1
15.2249	1	0	1	LastDelay	0.938953	938953	1	1
15.2443	44	0	1	LastDelay	0	0	1	0
15.2526	3	0	1	LastDelay	0.00351734	3517.34	1	1
15.2859	1	0	1	LastDelay	0	0	1	1
15.3681	20	0	1	LastDelay	0	0	1	0
15.3753	43	0	1	LastDelay	0	0	1	2
15.752	37	0	1	LastDelay	0	0	1	2
15.8959	39	0	1	LastDelay	0.00333148	3331.48	1	1
15.904	25	0	1	LastDelay	0	0	1	2
16.0386	19	0	1	LastDelay	0	0	1	2
16.0676	16	0	1	LastDelay	0	0	1	2
16.0682	11	0	1	LastDelay	0	0	1	2
16.0728	17	0	1	LastDelay	0	0	1	2
16.1422	46	0	1	LastDelay	0	0	1	2
16.1612	4	0	1	LastDelay	0	0	1	2
16.1939	13	0	1	LastDelay	0	0	1	2
16.1954	6	0	1	LastDelay	0	0	1	2
16.2136	2	0	1	LastDelay	0	0	1	0
16.2396	0	0	1	LastDelay	0	0	1	1
16.2485	12	0	1	LastDelay	0	0	1	2
16.249	3	0	1	LastDelay	0	0	1	0
16.25	7	0	1	LastDelay	0	0	1	2
16.262	31	0	1	LastDelay	0	0	1	2
16.2815	42	0	1	LastDelay	0	0	1	2
16.2952	23	0	1	LastDelay	0	0	1	2
16.3283	10	0	1	LastDelay	0	0	1	2
16.4143	22	0	1	LastDelay	0	0	1	2
16.4237	35	0	1	LastDelay	0	0	1	2
16.4318	29	0	1	LastDelay	0	0	1	2
16.4979	41	0	1	LastDelay	0	0	1	2
16.5371	45	0	1	LastDelay	0.003356	3356	1	1
16.5432	34	0	1	LastDelay	0	0	1	2
16.5929	24	0	1	LastDelay	0	0	1	2
16.6283	30	0	1	LastDelay	0	0	1	2
16.8827	5	0	1	LastDelay	0	0	1	2
16.8846	28	0	1	LastDelay	0	0	1	2
16.8926	39	0	1	LastDelay	0	0	1	0
16.9196	18	0	1	LastDelay	0	0	1	2
16.9897	36	0	1	LastDelay	0	0	1	2
17.0423	40	0	1	LastDelay	0	0	1	2
17.2549	3	0	1	LastDelay	0.00587392	5873.92	1	1
17.2895	1	0	1	LastDelay	0.00357282	3572.82	1	1
17.3709	9	0	1	LastDelay	0.00339515	3395.15	1	1
17.5338	45	0	1	LastDelay	0	0	1	0
18.0239	27	0	1	LastDelay	0.00335783	3357.83	1	1
18.2202	2	0	1	LastDelay	0.00666049	6660.49	1	1
18.249	3	0	1	LastDelay	0	0	1	0
18.2859	1	0	1	LastDelay	0	0	1	0
18.3675	9	0	1	LastDelay	0	0	1	0
18.5371	45	0	1	LastDelay	0.003343	3343	1	1
18.8959	39	0	1	LastDelay	0.00333	3330	1	1
19.0205	27	0	1	LastDelay	0	0	1	0
19.2136	2	0	1	LastDelay	0	0	1	0
19.2542	3	0	1	LastDelay	0.0051933	5193.3	1	1
19.2899	1	0	1	LastDelay	0.00393151	3931.51	1	1
19.5338	45	0	1	LastDelay	0	0	1	0
19.8926	39	0	1	LastDelay	0	0	1	0
20.2169	2	0	1	LastDelay	0.00333071	3330.71	1	1
20.2461	0	0	1	LastDelay	0.00643981	6439.81	1	1
20.249	3	0	1	LastDelay	0	0	1	0
20.2859	1	0	1	LastDelay	0	0	1	0
21.2136	2	0	1	LastDelay	0	0	1	0
21.2396	0	0	1	LastDelay	0	0	1	0
23.243	0	0	1	LastDelay	0.00336949	3369.49	1	1
24.2172	2	0	1	LastDelay	0.00368873	3688.73	1	1
24.2396	0	0	1	LastDelay	0	0	1	0
24.2896	1	0	1	LastDelay	0.00370078	3700.78	1	1
25.1649	4	0	1	LastDelay	0.00367592	3675.92	1	1
25.1995	6	0	1	LastDelay	0.00413856	4138.56	1	1
25.2136	2	0	1	LastDelay	0	0	1	0
25.243	0	0	1	LastDelay	0.00334337	3343.37	1	1
25.2492	3	0	1	LastDelay	0.000126607	126.607	1	1
25.2662	11	0	1	LastDelay	0.198005	198005	1	1
25.2859	1	0	1	LastDelay	0	0	1	0
25.3739	9	0	1	LastDelay	0.00642696	6426.97	1	1
25.433	29	0	1	LastDelay	0.00119827	1198.27	1	1
25.8508	8	0	1	LastDelay	0.00334441	3344.41	1	1
25.886	5	0	1	LastDelay	0.0033303	3330.3	1	1
25.8922	28	0	1	LastDelay	0.00761804	7618.04	1	1
25.9464	14	0	1	LastDelay	0.00342226	3422.26	1	1
26.0682	11	0	1	LastDelay	0	0	1	0
26.0793	17	0	1	LastDelay	0.00647337	6473.37	1	1
26.1488	46	0	1	LastDelay	0.006545	6545	1	1
26.1612	4	0	1	LastDelay	0	0	1	0
26.1954	6	0	1	LastDelay	0	0	1	0
26.2169	2	0	1	LastDelay	0.00333143	3331.43	1	1
26.2396	0	0	1	LastDelay	0	0	1	0
26.249	3	0	1	LastDelay	0	0	1	0
26.2893	1	0	1	LastDelay	0.00334387	3343.87	1	1
26.3367	15	0	1	LastDelay	0.00653071	6530.71	1	1
26.3675	9	0	1	LastDelay	0	0	1	0
26.3714	20	0	1	LastDelay	0.00333	3330	1	1
26.4318	29	0	1	LastDelay	0	0	1	0
26.8474	8	0	1	LastDelay	0	0	1	0
26.8827	5	0	1	LastDelay	0	0	1	0
26.8846	28	0	1	LastDelay	0	0	1	0
26.8965	39	0	1	LastDelay	0.00391159	3911.59	1	1
26.9429	14	0	1	LastDelay	0	0	1	0
27.0728	17	0	1	LastDelay	0	0	1	0
27.0779	11	0	1	LastDelay	0.00967579	9675.79	1	1
27.1422	46	0	1	LastDelay	0	0	1	0
27.2136	2	0	1	LastDelay	0	0	1	0
27.2564	3	0	1	LastDelay	0.00736075	7360.75	1	1
27.2564	7	0	1	LastDelay	0.00638517	6385.17	1	1
27.2859	1	0	1	LastDelay	0	0	1	0
27.3302	15	0	1	LastDelay	0	0	1	0
27.3681	20	0	1	LastDelay	0	0	1	0
27.8926	39	0	1	LastDelay	0	0	1	0
27.9468	14	0	1	LastDelay	0.00382084	3820.84	1	1
28.0682	11	0	1	LastDelay	0	0	1	0
28.1764	26	0	1	LastDelay	0.0033448	3344.8	1	1
28.1972	13	0	1	LastDelay	0.0033315	3331.5	1	1
28.2025	32	0	1	LastDelay	0.00342438	3424.39	1	1
28.2479	44	0	1	LastDelay	0.003622	3622	1	1
28.249	3	0	1	LastDelay	0	0	1	0
28.25	7	0	1	LastDelay	0	0	1	0
28.3715	20	0	1	LastDelay	0.00334305	3343.05	1	1
28.3792	43	0	1	LastDelay	0.00387105	3871.05	1	1
28.9074	25	0	1	LastDelay	0.00333007	3330.07	1	1
28.9429	14	0	1	LastDelay	0	0	1	0
28.9816	38	0	1	LastDelay	0.003356	3356	1	1
29.173	26	0	1	LastDelay	0	0	1	0
29.1939	13	0	1	LastDelay	0	0	1	0
29.199	32	0	1	LastDelay	0	0	1	0
29.2443	44	0	1	LastDelay	0	0	1	0
29.2534	3	0	1	LastDelay	0.00432049	4320.49	1	1
29.2657	7	0	1	LastDelay	0.0156832	15683.2	1	1
29.2895	1	0	1	LastDelay	0.00356192	3561.92	1	1
29.3681	20	0	1	LastDelay	0	0	1	0
29.3753	43	0	1	LastDelay	0	0	1	0
29.904	25	0	1	LastDelay	0	0	1	0
29.9782	38	0	1	LastDelay	0	0	1	0
30.2045	6	0	1	LastDelay	0.0091021	9102.1	1	1
30.209	32	0	1	LastDelay	0.00998031	9980.31	1	1
30.2433	11	0	1	LastDelay	0.17514	175140	1	1
30.2464	44	0	1	LastDelay	0.00215534	2155.34	1	1
30.249	3	0	1	LastDelay	0	0	1	0
30.25	7	0	1	LastDelay	0	0	1	0
30.2859	1	0	1	LastDelay	0	0	1	0
30.3825	20	0	1	LastDelay	0.0144136	14413.6	1	1
30.9848	38	0	1	LastDelay	0.00661	6610	1	1
31.0682	11	0	1	LastDelay	0	0	1	0
31.1765	26	0	1	LastDelay	0.003421	3421	1	1
31.1954	6	0	1	LastDelay	0	0	1	0
31.199	32	0	1	LastDelay	0	0	1	0
31.2443	44	0	1	LastDelay	0	0	1	0
31.2567	7	0	1	LastDelay	0.00670898	6708.98	1	1
31.3681	20	0	1	LastDelay	0	0	1	0
31.9782	38	0	1	LastDelay	0	0	1	0
32.1646	4	0	1	LastDelay	0.0033691	3369.1	1	1
32.173	26	0	1	LastDelay	0	0	1	0
32.25	7	0	1	LastDelay	0	0	1	0
32.2893	1	0	1	LastDelay	0.00333013	3330.13	1	1
33.1612	4	0	1	LastDelay	0	0	1	0
33.258	7	0	1	LastDelay	0.00799801	7998.01	1	1
33.2859	1	0	1	LastDelay	0	0	1	0
34.1991	6	0	1	LastDelay	0.00370688	3706.88	1	1
34.243	0	0	1	LastDelay	0.0033301	3330.1	1	1
34.25	7	0	1	LastDelay	0	0	1	0
34.2893	1	0	1	LastDelay	0.00336967	3369.67	1	1
34.3708	9	0	1	LastDelay	0.00334319	3343.19	1	1
35.0863	11	0	1	LastDelay	0.0181094	18109.4	1	1
35.1456	46	0	1	LastDelay	0.00333168	3331.68	1	1
35.1646	4	0	1	LastDelay	0.00333004	3330.04	1	1
35.1954	6	0	1	LastDelay	0	0	1	0
35.2396	0	0	1	LastDelay	0	0	1	0
35.2556	7	0	1	LastDelay	0.00560846	5608.45	1	1
35.2859	1	0	1	LastDelay	0	0	1	0
35.299	23	0	1	LastDelay	0.00379471	3794.71	1	1
35.3675	9	0	1	LastDelay	0	0	1	0
35.4248	35	0	1	LastDelay	0.00115111	1151.11	1	1
35.5054	41	0	1	LastDelay	0.007523	7523	1	1
35.886	5	0	1	LastDelay	0.00335664	3356.64	1	1
35.923	18	0	1	LastDelay	0.00334482	3344.82	1	1
35.9931	36	0	1	LastDelay	0.003356	3356	1	1
36.0456	40	0	1	LastDelay	0.00333	3330	1	1
36.0682	11	0	1	LastDelay	0	0	1	0
36.0885	17	0	1	LastDelay	0.0156841	15684.1	1	1
36.1422	46	0	1	LastDelay	0	0	1	0
36.1612	4	0	1	LastDelay	0	0	1	0
36.243	0	0	1	LastDelay	0.0033301	3330.1	1	1
36.25	7	0	1	LastDelay	0	0	1	0
36.2848	42	0	1	LastDelay	0.00333016	3330.16	1	1
36.2894	1	0	1	LastDelay	0.00344713	3447.13	1	1
36.2952	23	0	1	LastDelay	0	0	1	0
36.3317	10	0	1	LastDelay	0.00338267	3382.67	1	1
36.4177	22	0	1	LastDelay	0.003343	3343	1	1
36.4237	35	0	1	LastDelay	0	0	1	0
36.4349	29	0	1	LastDelay	0.00314814	3148.14	1	1
36.4979	41	0	1	LastDelay	0	0	1	0
36.5533	34	0	1	LastDelay	0.010142	10142	1	1
36.6063	24	0	1	LastDelay	0.0133702	13370.2	1	1
36.6316	30	0	1	LastDelay	0.00333019	3330.19	1	1
36.8827	5	0	1	LastDelay	0	0	1	0
36.9196	18	0	1	LastDelay	0	0	1	0
36.9897	36	0	1	LastDelay	0	0	1	0
37.0423	40	0	1	LastDelay	0	0	1	0
37.0728	17	0	1	LastDelay	0	0	1	0
37.0777	11	0	1	LastDelay	0.00956344	9563.44	1	1
37.1646	4	0	1	LastDelay	0.0033431	3343.1	1	1
37.1994	6	0	1	LastDelay	0.00398546	3985.46	1	1
37.2396	0	0	1	LastDelay	0	0	1	0
37.2815	42	0	1	LastDelay	0	0	1	0
37.2859	1	0	1	LastDelay	0	0	1	0
37.3283	10	0	1	LastDelay	0	0	1	0
37.377	9	0	1	LastDelay	0.00953487	9534.86	1	1
37.4143	22	0	1	LastDelay	0	0	1	0
37.4318	29	0	1	LastDelay	0	0	1	0
37.5432	34	0	1	LastDelay	0	0	1	0
37.5929	24	0	1	LastDelay	0	0	1	0
37.6283	30	0	1	LastDelay	0	0	1	0
37.8511	8	0	1	LastDelay	0.0036743	3674.3	1	1
38.0682	11	0	1	LastDelay	0	0	1	0
38.0746	17	0	1	LastDelay	0.00177866	1778.66	1	1
38.1612	4	0	1	LastDelay	0	0	1	0
38.1954	6	0	1	LastDelay	0	0	1	0
38.243	0	0	1	LastDelay	0.0033431	3343.1	1	1
38.248	44	0	1	LastDelay	0.00373654	3736.54	1	1
38.2532	3	0	1	LastDelay	0.00419046	4190.46	1	1
38.2579	7	0	1	LastDelay	0.00787066	7870.66	1	1
38.3038	21	0	1	LastDelay	0.0111543	11154.3	1	1
38.3316	10	0	1	LastDelay	0.00335649	3356.49	1	1
38.3316	15	0	1	LastDelay	0.00147364	1473.64	1	1
38.3675	9	0	1	LastDelay	0	0	1	0
38.5371	45	0	1	LastDelay	0.00334434	3344.34	1	1
38.8474	8	0	1	LastDelay	0	0	1	0
38.899	39	0	1	LastDelay	0.00641649	6416.49	1	1
38.9498	14	0	1	LastDelay	0.00682264	6822.64	1	1
38.993	36	0	1	LastDelay	0.0033304	3330.4	1	1
39.0456	40	0	1	LastDelay	0.00333041	3330.41	1	1
39.0728	17	0	1	LastDelay	0	0	1	0
39.0845	11	0	1	LastDelay	0.0163456	16345.6	1	1
39.1743	26	0	1	LastDelay	0.00124506	1245.06	1	1
39.1987	6	0	1	LastDelay	0.00333021	3330.21	1	1
39.2024	32	0	1	LastDelay	0.00335611	3356.11	1	1
39.217	2	0	1	LastDelay	0.0034212	3421.2	1	1
39.2396	0	0	1	LastDelay	0	0	1	0
39.2443	44	0	1	LastDelay	0	0	1	0
39.249	3	0	1	LastDelay	0	0	1	0
39.25	7	0	1	LastDelay	0	0	1	0
39.2893	1	0	1	LastDelay	0.00333013	3330.13	1	1
39.2926	21	0	1	LastDelay	0	0	1	0
39.3283	10	0	1	LastDelay	0	0	1	0
39.3302	15	0	1	LastDelay	0	0	1	0
39.3708	20	0	1	LastDelay	0.00268921	2689.21	1	1
39.5056	33	0	1	LastDelay	0.00333	3330	1	1
39.5338	45	0	1	LastDelay	0	0	1	0
39.8508	8	0	1	LastDelay	0.00334406	3344.06	1	1
39.886	5	0	1	LastDelay	0.00336925	3369.25	1	1
39.8926	39	0	1	LastDelay	0	0	1	0
39.9429	14	0	1	LastDelay	0	0	1	0
39.9815	38	0	1	LastDelay	0.00333	3330	1	1
39.9897	36	0	1	LastDelay	0	0	1	0
40.0423	40	0	1	LastDelay	0	0	1	0
40.0682	11	0	1	LastDelay	0	0	1	0
40.1646	4	0	1	LastDelay	0.00333007	3330.07	1	1
40.173	26	0	1	LastDelay	0	0	1	0
40.1954	6	0	1	LastDelay	0	0	1	0
40.199	32	0	1	LastDelay	0	0	1	0
40.2136	2	0	1	LastDelay	0	0	1	0
40.2518	7	0	1	LastDelay	0.00179137	1791.37	1	1
40.2518	3	0	1	LastDelay	0.00276859	2768.59	1	1
40.2859	1	0	1	LastDelay	0	0	1	0
40.3316	10	0	1	LastDelay	0.0033301	3330.1	1	1
40.3316	15	0	1	LastDelay	0.00144726	1447.26	1	1
40.3681	20	0	1	LastDelay	0	0	1	0
40.3739	9	0	1	LastDelay	0.00646546	6465.46	1	1
40.5023	33	0	1	LastDelay	0	0	1	0
40.8474	8	0	1	LastDelay	0	0	1	0
40.8827	5	0	1	LastDelay	0	0	1	0
40.9466	14	0	1	LastDelay	0.0036887	3688.7	1	1
40.9782	38	0	1	LastDelay	0	0	1	0
41.1612	4	0	1	LastDelay	0	0	1	0
41.1764	26	0	1	LastDelay	0.00337008	3370.08	1	1
41.2007	6	0	1	LastDelay	0.00529672	5296.72	1	1
41.2468	44	0	1	LastDelay	0.00252491	2524.91	1	1
41.249	3	0	1	LastDelay	0	0	1	0
41.25	7	0	1	LastDelay	0	0	1	0
41.2531	12	0	1	LastDelay	0.00463666	4636.66	1	1
41.2867	1	0	1	LastDelay	0.000745494	745.494	1	1
41.3283	10	0	1	LastDelay	0	0	1	0
41.3302	15	0	1	LastDelay	0	0	1	0
41.3675	9	0	1	LastDelay	0	0	1	0
41.3719	20	0	1	LastDelay	0.00375116	3751.16	1	1
41.4351	29	0	1	LastDelay	0.00334464	3344.64	1	1
41.9429	14	0	1	LastDelay	0	0	1	0
42.073	11	0	1	LastDelay	0.00484997	4849.97	1	1
42.0848	17	0	1	LastDelay	0.0119931	11993.1	1	1
42.1677	4	0	1	LastDelay	0.00647842	6478.42	1	1
42.173	26	0	1	LastDelay	0	0	1	0
42.1954	6	0	1	LastDelay	0	0	1	0
42.2003	13	0	1	LastDelay	0.006427	6427	1	1
42.243	0	0	1	LastDelay	0.0033301	3330.1	1	1
42.2443	44	0	1	LastDelay	0	0	1	0
42.2485	12	0	1	LastDelay	0	0	1	0
42.2509	7	0	1	LastDelay	0.000880584	880.584	1	1
42.2619	3	0	1	LastDelay	0.0128655	12865.5	1	1
42.2859	1	0	1	LastDelay	0	0	1	0
42.3347	15	0	1	LastDelay	0.00458271	4582.71	1	1
42.3681	20	0	1	LastDelay	0	0	1	0
42.3708	9	0	1	LastDelay	0.00334379	3343.79	1	1
42.4246	35	0	1	LastDelay	0.000909092	909.092	1	1
42.4318	29	0	1	LastDelay	0	0	1	0
42.886	5	0	1	LastDelay	0.00334305	3343.05	1	1
42.9494	14	0	1	LastDelay	0.00642696	6426.96	1	1
42.9815	38	0	1	LastDelay	0.00334372	3343.72	1	1
43.0682	11	0	1	LastDelay	0	0	1	0
43.0728	17	0	1	LastDelay	0	0	1	0
43.1456	46	0	1	LastDelay	0.00333	3330	1	1
43.1612	4	0	1	LastDelay	0	0	1	0
43.1764	26	0	1	LastDelay	0.00334485	3344.85	1	1
43.1939	13	0	1	LastDelay	0	0	1	0
43.1987	6	0	1	LastDelay	0.00333074	3330.74	1	1
43.2121	32	0	1	LastDelay	0.0130862	13086.2	1	1
43.2396	0	0	1	LastDelay	0	0	1	0
43.2477	44	0	1	LastDelay	0.003395	3395	1	1
43.249	3	0	1	LastDelay	0	0	1	0
43.25	7	0	1	LastDelay	0	0	1	0
43.2601	12	0	1	LastDelay	0.0116573	11657.3	1	1
43.2893	1	0	1	LastDelay	0.00333009	3330.09	1	1
43.3302	15	0	1	LastDelay	0	0	1	0
43.3348	10	0	1	LastDelay	0.00647897	6478.97	1	1
43.3675	9	0	1	LastDelay	0	0	1	0
43.3715	20	0	1	LastDelay	0.00334322	3343.22	1	1
43.4237	35	0	1	LastDelay	0	0	1	0
43.5012	41	0	1	LastDelay	0.00333	3330	1	1
43.5465	34	0	1	LastDelay	0.003343	3343	1	1
43.8827	5	0	1	LastDelay	0	0	1	0
43.923	18	0	1	LastDelay	0.00333024	3330.24	1	1
43.9429	14	0	1	LastDelay	0	0	1	0
43.9782	38	0	1	LastDelay	0	0	1	0
44.0487	40	0	1	LastDelay	0.00642524	6425.24	1	1
44.0709	11	0	1	LastDelay	0.00273811	2738.11	1	1
44.0709	16	0	1	LastDelay	0.00333168	3331.68	1	1
44.074	17	0	1	LastDelay	0.00117699	1176.99	1	1
44.1422	46	0	1	LastDelay	0	0	1	0
44.1646	4	0	1	LastDelay	0.00335611	3356.11	1	1
44.173	26	0	1	LastDelay	0	0	1	0
44.1954	6	0	1	LastDelay	0	0	1	0
44.199	32	0	1	LastDelay	0	0	1	0
44.243	0	0	1	LastDelay	0.00333006	3330.06	1	1
44.2443	44	0	1	LastDelay	0	0	1	0
44.2485	12	0	1	LastDelay	0	0	1	0
44.2592	7	0	1	LastDelay	0.00917757	9177.57	1	1
44.2859	1	0	1	LastDelay	0	0	1	0
44.3283	10	0	1	LastDelay	0	0	1	0
44.3681	20	0	1	LastDelay	0	0	1	0
44.4239	35	0	1	LastDelay	0.000211517	211.517	1	1
44.4415	29	0	1	LastDelay	0.00975172	9751.72	1	1
44.4979	41	0	1	LastDelay	0	0	1	0
44.5432	34	0	1	LastDelay	0	0	1	0
44.5995	24	0	1	LastDelay	0.00654623	6546.23	1	1
44.9196	18	0	1	LastDelay	0	0	1	0
45.0423	40	0	1	LastDelay	0	0	1	0
45.0676	16	0	1	LastDelay	0	0	1	0
45.0682	11	0	1	LastDelay	0	0	1	0
45.0728	17	0	1	LastDelay	0	0	1	0
45.1612	4	0	1	LastDelay	0	0	1	0
45.2042	6	0	1	LastDelay	0.00884167	8841.67	1	1
45.2042	13	0	1	LastDelay	0.010367	10367	1	1
45.2396	0	0	1	LastDelay	0	0	1	0
45.25	7	0	1	LastDelay	0	0	1	0
45.3316	10	0	1	LastDelay	0.0033691	3369.1	1	1
45.3316	15	0	1	LastDelay	0.00148584	1485.84	1	1
45.4177	22	0	1	LastDelay	0.00334316	3343.16	1	1
45.4237	35	0	1	LastDelay	0	0	1	0
45.4318	29	0	1	LastDelay	0	0	1	0
45.5929	24	0	1	LastDelay	0	0	1	0
46.0709	11	0	1	LastDelay	0.00273808	2738.08	1	1
46.0747	17	0	1	LastDelay	0.00190073	1900.73	1	1
46.1939	13	0	1	LastDelay	0	0	1	0
46.1954	6	0	1	LastDelay	0	0	1	0
46.2564	12	0	1	LastDelay	0.00794405	7944.05	1	1
46.2564	7	0	1	LastDelay	0.00637317	6373.17	1	1
46.2862	1	0	1	LastDelay	0.000256261	256.261	1	1
46.2973	23	0	1	LastDelay	0.00207716	2077.16	1	1
46.3283	10	0	1	LastDelay	0	0	1	0
46.3302	15	0	1	LastDelay	0	0	1	0
46.4143	22	0	1	LastDelay	0	0	1	0
46.4326	29	0	1	LastDelay	0.000872597	872.597	1	1
46.5012	41	0	1	LastDelay	0.0033316	3331.6	1	1
46.886	5	0	1	LastDelay	0.00333048	3330.48	1	1
46.8905	28	0	1	LastDelay	0.00588713	5887.13	1	1
47.0682	11	0	1	LastDelay	0	0	1	0
47.0728	17	0	1	LastDelay	0	0	1	0
47.0848	16	0	1	LastDelay	0.0171922	17192.2	1	1
47.1646	4	0	1	LastDelay	0.00333086	3330.86	1	1
47.1979	6	0	1	LastDelay	0.00249187	2491.87	1	1
47.2461	0	0	1	LastDelay	0.00643815	6438.15	1	1
47.2485	12	0	1	LastDelay	0	0	1	0
47.25	7	0	1	LastDelay	0	0	1	0
47.2859	1	0	1	LastDelay	0	0	1	0
47.2952	23	0	1	LastDelay	0	0	1	0
47.3316	10	0	1	LastDelay	0.00333002	3330.02	1	1
47.3347	15	0	1	LastDelay	0.00454272	4542.72	1	1
47.4283	35	0	1	LastDelay	0.00461569	4615.69	1	1
47.4318	29	0	1	LastDelay	0	0	1	0
47.4979	41	0	1	LastDelay	0	0	1	0
47.8827	5	0	1	LastDelay	0	0	1	0
47.8846	28	0	1	LastDelay	0	0	1	0
47.9463	14	0	1	LastDelay	0.00333032	3330.32	1	1
47.993	36	0	1	LastDelay	0.00333	3330	1	1
48.0676	16	0	1	LastDelay	0	0	1	0
48.0781	17	0	1	LastDelay	0.00527094	5270.94	1	1
48.1612	4	0	1	LastDelay	0	0	1	0
48.1954	6	0	1	LastDelay	0	0	1	0
48.1972	13	0	1	LastDelay	0.00334357	3343.57	1	1
48.2396	0	0	1	LastDelay	0	0	1	0
48.2518	12	0	1	LastDelay	0.00333044	3330.44	1	1
48.2518	7	0	1	LastDelay	0.00175985	1759.85	1	1
48.287	1	0	1	LastDelay	0.00107174	1071.74	1	1
48.2954	23	0	1	LastDelay	0.000194381	194.381	1	1
48.3221	21	0	1	LastDelay	0.029541	29541	1	1
48.3283	10	0	1	LastDelay	0	0	1	0
48.3302	15	0	1	LastDelay	0	0	1	0
48.4237	35	0	1	LastDelay	0	0	1	0
48.5057	33	0	1	LastDelay	0.00338277	3382.77	1	1
48.8975	39	0	1	LastDelay	0.0048838	4883.8	1	1
48.9325	18	0	1	LastDelay	0.0128258	12825.8	1	1
48.9429	14	0	1	LastDelay	0	0	1	0
48.9897	36	0	1	LastDelay	0	0	1	0
49.0709	16	0	1	LastDelay	0.00335635	3356.35	1	1
49.0709	11	0	1	LastDelay	0.00276377	2763.77	1	1
49.0728	17	0	1	LastDelay	0	0	1	0
49.1939	13	0	1	LastDelay	0	0	1	0
49.243	0	0	1	LastDelay	0.00335615	3356.15	1	1
49.2485	12	0	1	LastDelay	0	0	1	0
49.25	7	0	1	LastDelay	0	0	1	0
49.2859	1	0	1	LastDelay	0	0	1	0
49.2926	21	0	1	LastDelay	0	0	1	0
49.2952	23	0	1	LastDelay	0	0	1	0
49.3323	15	0	1	LastDelay	0.00215985	2159.84	1	1
49.3731	20	0	1	LastDelay	0.00498882	4988.82	1	1
49.5023	33	0	1	LastDelay	0	0	1	0
49.886	5	0	1	LastDelay	0.00334315	3343.15	1	1
49.8926	39	0	1	LastDelay	0	0	1	0
49.9196	18	0	1	LastDelay	0	0	1	0
50.0676	16	0	1	LastDelay	0	0	1	0
50.0682	11	0	1	LastDelay	0	0	1	0
50.176	26	0	1	LastDelay	0.00298684	2986.84	1	1
50.1972	13	0	1	LastDelay	0.00333013	3330.13	1	1
50.2014	6	0	1	LastDelay	0.00598488	5984.88	1	1
50.2048	32	0	1	LastDelay	0.00575603	5756.03	1	1
50.2396	0	0	1	LastDelay	0	0	1	0
50.2476	44	0	1	LastDelay	0.003356	3356	1	1
50.2518	12	0	1	LastDelay	0.00333018	3330.18	1	1
50.2518	7	0	1	LastDelay	0.00175983	1759.84	1	1
50.2614	3	0	1	LastDelay	0.0123652	12365.2	1	1
50.2904	1	0	1	LastDelay	0.00442991	4429.91	1	1
50.2966	21	0	1	LastDelay	0.00396601	3966.01	1	1
50.3302	15	0	1	LastDelay	0	0	1	0
50.3314	10	0	1	LastDelay	0.00313196	3131.96	1	1
50.3681	20	0	1	LastDelay	0	0	1	0
50.3708	9	0	1	LastDelay	0.00333015	3330.15	1	1
50.4247	35	0	1	LastDelay	0.00104194	1041.94	1	1
50.5475	34	0	1	LastDelay	0.00428078	4280.78	1	1
50.8827	5	0	1	LastDelay	0	0	1	0
50.9463	14	0	1	LastDelay	0.00333086	3330.86	1	1
50.9815	38	0	1	LastDelay	0.00333011	3330.11	1	1
51.0238	27	0	1	LastDelay	0.00333119	3331.19	1	1
51.0456	40	0	1	LastDelay	0.00333	3330	1	1
51.0709	11	0	1	LastDelay	0.00275043	2750.43	1	1
51.0709	16	0	1	LastDelay	0.00334336	3343.36	1	1
51.0847	17	0	1	LastDelay	0.011915	11915	1	1
51.173	26	0	1	LastDelay	0	0	1	0
51.1939	13	0	1	LastDelay	0	0	1	0
51.1954	6	0	1	LastDelay	0	0	1	0
51.199	32	0	1	LastDelay	0	0	1	0
51.2169	2	0	1	LastDelay	0.00333019	3330.19	1	1
51.2434	0	0	1	LastDelay	0.00372706	3727.06	1	1
51.2443	44	0	1	LastDelay	0	0	1	0
51.2485	12	0	1	LastDelay	0	0	1	0
51.249	3	0	1	LastDelay	0	0	1	0
51.25	7	0	1	LastDelay	0	0	1	0
51.2859	1	0	1	LastDelay	0	0	1	0
51.2926	21	0	1	LastDelay	0	0	1	0
51.2985	23	0	1	LastDelay	0.00333043	3330.43	1	1
51.3283	10	0	1	LastDelay	0	0	1	0
51.3675	9	0	1	LastDelay	0	0	1	0
51.3715	20	0	1	LastDelay	0.00333129	3331.29	1	1
51.4237	35	0	1	LastDelay	0	0	1	0
51.5012	41	0	1	LastDelay	0.00333	3330	1	1
51.5056	33	0	1	LastDelay	0.0033302	3330.2	1	1
51.5432	34	0	1	LastDelay	0	0	1	0
51.8507	8	0	1	LastDelay	0.00333019	3330.19	1	1
51.9026	39	0	1	LastDelay	0.0100217	10021.7	1	1
51.9429	14	0	1	LastDelay	0	0	1	0
51.9782	38	0	1	LastDelay	0	0	1	0
52.0205	27	0	1	LastDelay	0	0	1	0
52.0423	40	0	1	LastDelay	0	0	1	0
52.0676	16	0	1	LastDelay	0	0	1	0
52.0682	11	0	1	LastDelay	0	0	1	0
52.0728	17	0	1	LastDelay	0	0	1	0
52.1456	46	0	1	LastDelay	0.00334352	3343.52	1	1
52.1646	4	0	1	LastDelay	0.0033301	3330.1	1	1
52.1748	26	0	1	LastDelay	0.00172594	1725.94	1	1
52.1975	6	0	1	LastDelay	0.00214987	2149.87	1	1
52.2136	2	0	1	LastDelay	0	0	1	0
52.2396	0	0	1	LastDelay	0	0	1	0
52.2528	7	0	1	LastDelay	0.00280673	2806.74	1	1
52.2883	1	0	1	LastDelay	0.00234788	2347.88	1	1
52.2952	23	0	1	LastDelay	0	0	1	0
52.3347	10	0	1	LastDelay	0.00646582	6465.82	1	1
52.3347	15	0	1	LastDelay	0.00458242	4582.42	1	1
52.3681	20	0	1	LastDelay	0	0	1	0
52.3708	9	0	1	LastDelay	0.00333014	3330.14	1	1
52.4371	29	0	1	LastDelay	0.00535301	5353.01	1	1
52.4979	41	0	1	LastDelay	0	0	1	0
52.5023	33	0	1	LastDelay	0	0	1	0
52.5962	24	0	1	LastDelay	0.00333141	3331.41	1	1
52.8474	8	0	1	LastDelay	0	0	1	0
52.8926	39	0	1	LastDelay	0	0	1	0
52.9815	38	0	1	LastDelay	0.00334315	3343.15	1	1
53.0713	11	0	1	LastDelay	0.0030806	3080.59	1	1
53.0744	17	0	1	LastDelay	0.00153116	1531.16	1	1
53.1422	46	0	1	LastDelay	0	0	1	0
53.1612	4	0	1	LastDelay	0	0	1	0
53.173	26	0	1	LastDelay	0	0	1	0
53.1954	6	0	1	LastDelay	0	0	1	0
53.1972	13	0	1	LastDelay	0.00333044	3330.44	1	1
53.2041	32	0	1	LastDelay	0.0051062	5106.2	1	1
53.2499	12	0	1	LastDelay	0.0014345	1434.5	1	1
53.25	7	0	1	LastDelay	0	0	1	0
53.2606	44	0	1	LastDelay	0.0162992	16299.2	1	1
53.2606	3	0	1	LastDelay	0.0115201	11520.1	1	1
53.2848	42	0	1	LastDelay	0.00333	3330	1	1
53.2859	1	0	1	LastDelay	0	0	1	0
53.2932	21	0	1	LastDelay	0.00058548	585.48	1	1
53.3283	10	0	1	LastDelay	0	0	1	0
53.3302	15	0	1	LastDelay	0	0	1	0
53.3675	9	0	1	LastDelay	0	0	1	0
53.4318	29	0	1	LastDelay	0	0	1	0
53.4349	35	0	1	LastDelay	0.0112345	11234.5	1	1
53.5929	24	0	1	LastDelay	0	0	1	0
53.8508	8	0	1	LastDelay	0.00335752	3357.52	1	1
53.9782	38	0	1	LastDelay	0	0	1	0
54.0239	27	0	1	LastDelay	0.00336914	3369.14	1	1
54.0682	11	0	1	LastDelay	0	0	1	0
54.0728	17	0	1	LastDelay	0	0	1	0
54.1799	26	0	1	LastDelay	0.00691593	6915.94	1	1
54.1939	13	0	1	LastDelay	0	0	1	0
54.199	32	0	1	LastDelay	0	0	1	0
54.2174	2	0	1	LastDelay	0.0037932	3793.2	1	1
54.2443	44	0	1	LastDelay	0	0	1	0
54.2485	12	0	1	LastDelay	0	0	1	0
54.249	3	0	1	LastDelay	0	0	1	0
54.2815	42	0	1	LastDelay	0	0	1	0
54.2926	21	0	1	LastDelay	0	0	1	0
54.3708	9	0	1	LastDelay	0.00335611	3356.11	1	1
54.3708	20	0	1	LastDelay	0.00270243	2702.43	1	1
54.4237	35	0	1	LastDelay	0	0	1	0
54.5371	45	0	1	LastDelay	0.0033301	3330.1	1	1
54.8474	8	0	1	LastDelay	0	0	1	0
54.9815	38	0	1	LastDelay	0.00334313	3343.13	1	1
55.0205	27	0	1	LastDelay	0	0	1	0
55.173	26	0	1	LastDelay	0	0	1	0
55.2136	2	0	1	LastDelay	0	0	1	0
55.2476	44	0	1	LastDelay	0.00334315	3343.15	1	1
55.2609	3	0	1	LastDelay	0.0118209	11820.9	1	1
55.3368	15	0	1	LastDelay	0.00661664	6616.64	1	1
55.3675	9	0	1	LastDelay	0	0	1	0
55.3681	20	0	1	LastDelay	0	0	1	0
55.5338	45	0	1	LastDelay	0	0	1	0
55.9782	38	0	1	LastDelay	0	0	1	0
56.042	19	0	1	LastDelay	0.00334415	3344.15	1	1
56.1646	4	0	1	LastDelay	0.00335616	3356.16	1	1
56.1975	6	0	1	LastDelay	0.00214862	2148.62	1	1
56.2068	32	0	1	LastDelay	0.00780155	7801.55	1	1
56.2443	44	0	1	LastDelay	0	0	1	0
56.249	3	0	1	LastDelay	0	0	1	0
56.251	12	0	1	LastDelay	0.00250265	2502.65	1	1
56.2934	21	0	1	LastDelay	0.000801318	801.318	1	1
56.3302	15	0	1	LastDelay	0	0	1	0
56.3316	10	0	1	LastDelay	0.00333114	3331.14	1	1
56.886	5	0	1	LastDelay	0.00333015	3330.15	1	1
57.0386	19	0	1	LastDelay	0	0	1	0
57.0709	16	0	1	LastDelay	0.00333002	3330.02	1	1
57.0709	11	0	1	LastDelay	0.00273728	2737.28	1	1
57.074	17	0	1	LastDelay	0.00118714	1187.14	1	1
57.1612	4	0	1	LastDelay	0	0	1	0
57.1954	6	0	1	LastDelay	0	0	1	0
57.199	32	0	1	LastDelay	0	0	1	0
57.2072	13	0	1	LastDelay	0.0133703	13370.3	1	1
57.2485	12	0	1	LastDelay	0	0	1	0
57.2926	21	0	1	LastDelay	0	0	1	0
57.31	23	0	1	LastDelay	0.0148516	14851.6	1	1
57.3283	10	0	1	LastDelay	0	0	1	0
57.3335	15	0	1	LastDelay	0.00333015	3330.15	1	1
57.4327	29	0	1	LastDelay	0.000903196	903.196	1	1
57.4327	35	0	1	LastDelay	0.00896626	8966.26	1	1
57.4369	22	0	1	LastDelay	0.0225879	22587.9	1	1
57.6316	30	0	1	LastDelay	0.00333132	3331.32	1	1
57.8827	5	0	1	LastDelay	0	0	1	0
57.8911	28	0	1	LastDelay	0.00655811	6558.11	1	1
57.9931	36	0	1	LastDelay	0.00334301	3343.01	1	1
58.0456	40	0	1	LastDelay	0.003343	3343	1	1
58.0676	16	0	1	LastDelay	0	0	1	0
58.0682	11	0	1	LastDelay	0	0	1	0
58.0728	17	0	1	LastDelay	0	0	1	0
58.1646	4	0	1	LastDelay	0.0033561	3356.1	1	1
58.1939	13	0	1	LastDelay	0	0	1	0
58.243	0	0	1	LastDelay	0.00333176	3331.76	1	1
58.2503	12	0	1	LastDelay	0.00188634	1886.34	1	1
58.2573	7	0	1	LastDelay	0.0072993	7299.3	1	1
58.2815	42	0	1	LastDelay	1.4569e-05	14.569	1	1
58.2885	1	0	1	LastDelay	0.00257885	2578.85	1	1
58.2952	23	0	1	LastDelay	0	0	1	0
58.2993	21	0	1	LastDelay	0.0066913	6691.3	1	1
58.3302	15	0	1	LastDelay	0	0	1	0
58.3347	10	0	1	LastDelay	0.00642534	6425.34	1	1
58.3732	20	0	1	LastDelay	0.00507858	5078.58	1	1
58.4143	22	0	1	LastDelay	0	0	1	0
58.4237	35	0	1	LastDelay	0	0	1	0
58.4318	29	0	1	LastDelay	0	0	1	0
58.5012	41	0	1	LastDelay	0.00337004	3370.04	1	1
58.5465	34	0	1	LastDelay	0.00333	3330	1	1
58.6283	30	0	1	LastDelay	0	0	1	0
58.8846	28	0	1	LastDelay	0	0	1	0
58.886	5	0	1	LastDelay	0.00333005	3330.05	1	1
58.943	14	0	1	LastDelay	0.000102443	102.443	1	1
58.9897	36	0	1	LastDelay	0	0	1	0
59.0423	40	0	1	LastDelay	0	0	1	0
59.0451	19	0	1	LastDelay	0.00646463	6464.63	1	1
59.0709	16	0	1	LastDelay	0.00333006	3330.06	1	1
59.0709	11	0	1	LastDelay	0.00273733	2737.33	1	1
59.0771	17	0	1	LastDelay	0.0043085	4308.5	1	1
59.1487	46	0	1	LastDelay	0.006438	6438	1	1
59.1612	4	0	1	LastDelay	0	0	1	0
59.2009	6	0	1	LastDelay	0.00553345	5533.45	1	1
59.2396	0	0	1	LastDelay	0	0	1	0
59.2485	12	0	1	LastDelay	0	0	1	0
59.25	7	0	1	LastDelay	0	0	1	0
59.2815	42	0	1	LastDelay	0	0	1	0
59.2859	1	0	1	LastDelay	0	0	1	0
59.2926	21	0	1	LastDelay	0	0	1	0
59.3283	10	0	1	LastDelay	0	0	1	0
59.3366	15	0	1	LastDelay	0.00642562	6425.62	1	1
59.3681	20	0	1	LastDelay	0	0	1	0
59.4278	35	0	1	LastDelay	0.00406131	4061.31	1	1
59.435	29	0	1	LastDelay	0.00324335	3243.35	1	1
59.4979	41	0	1	LastDelay	0	0	1	0
59.5432	34	0	1	LastDelay	0	0	1	0
59.8827	5	0	1	LastDelay	0	0	1	0
59.9429	14	0	1	LastDelay	0	0	1	0
60.0386	19	0	1	LastDelay	0	0	1	0
60.0676	16	0	1	LastDelay	0	0	1	0
60.0682	11	0	1	LastDelay	0	0	1	0
60.0728	17	0	1	LastDelay	0	0	1	0
60.1422	46	0	1	LastDelay	0	0	1	0
60.1646	4	0	1	LastDelay	0.00333011	3330.11	1	1
60.1954	6	0	1	LastDelay	0	0	1	0
60.1983	13	0	1	LastDelay	0.00439098	4390.98	1	1
60.2516	12	0	1	LastDelay	0.00313566	3135.66	1	1
60.3292	10	0	1	LastDelay	0.000886587	886.587	1	1
60.3302	15	0	1	LastDelay	0	0	1	0
60.3714	20	0	1	LastDelay	0.00333014	3330.14	1	1
60.4208	22	0	1	LastDelay	0.00646499	6464.99	1	1
60.4237	35	0	1	LastDelay	0	0	1	0
60.4318	29	0	1	LastDelay	0	0	1	0
60.923	18	0	1	LastDelay	0.00333129	3331.29	1	1
60.9447	14	0	1	LastDelay	0.00175427	1754.27	1	1
61.0407	19	0	1	LastDelay	0.00209967	2099.67	1	1
61.0677	16	0	1	LastDelay	0.000132261	132.261	1	1
61.0712	11	0	1	LastDelay	0.0029777	2977.7	1	1
61.0777	17	0	1	LastDelay	0.00485507	4855.06	1	1
61.1612	4	0	1	LastDelay	0	0	1	0
61.1939	13	0	1	LastDelay	0	0	1	0
61.1998	6	0	1	LastDelay	0.00441304	4413.04	1	1
61.243	0	0	1	LastDelay	0.00333025	3330.25	1	1
61.2485	12	0	1	LastDelay	0	0	1	0
61.2967	21	0	1	LastDelay	0.00406664	4066.64	1	1
61.2967	23	0	1	LastDelay	0.00149873	1498.73	1	1
61.3283	10	0	1	LastDelay	0	0	1	0
61.3681	20	0	1	LastDelay	0	0	1	0
61.4143	22	0	1	LastDelay	0	0	1	0
61.5963	24	0	1	LastDelay	0.00334429	3344.29	1	1
61.6316	30	0	1	LastDelay	0.00336981	3369.81	1	1
61.886	5	0	1	LastDelay	0.00334305	3343.05	1	1
61.8922	28	0	1	LastDelay	0.00761744	7617.44	1	1
61.9196	18	0	1	LastDelay	0	0	1	0
61.9429	14	0	1	LastDelay	0	0	1	0
62.0386	19	0	1	LastDelay	0	0	1	0
62.0676	16	0	1	LastDelay	0	0	1	0
62.0682	11	0	1	LastDelay	0	0	1	0
62.0728	17	0	1	LastDelay	0	0	1	0
62.1954	6	0	1	LastDelay	0	0	1	0
62.2396	0	0	1	LastDelay	0	0	1	0
62.289	1	0	1	LastDelay	0.00304644	3046.44	1	1
62.2926	21	0	1	LastDelay	0	0	1	0
62.2952	23	0	1	LastDelay	0	0	1	0
62.4348	29	0	1	LastDelay	0.00306835	3068.35	1	1
62.5465	34	0	1	LastDelay	0.00333	3330	1	1
62.5929	24	0	1	LastDelay	0	0	1	0
62.6283	30	0	1	LastDelay	0	0	1	0
62.8827	5	0	1	LastDelay	0	0	1	0
62.8846	28	0	1	LastDelay	0	0	1	0
62.993	36	0	1	LastDelay	0.0033303	3330.3	1	1
63.1456	46	0	1	LastDelay	0.00336912	3369.12	1	1
63.2534	7	0	1	LastDelay	0.00334305	3343.05	1	1
63.2848	42	0	1	LastDelay	0.003343	3343	1	1
63.2859	1	0	1	LastDelay	0	0	1	0
63.3057	23	0	1	LastDelay	0.0105142	10514.2	1	1
63.4318	29	0	1	LastDelay	0	0	1	0
63.5012	41	0	1	LastDelay	0.00333	3330	1	1
63.5432	34	0	1	LastDelay	0	0	1	0
63.923	18	0	1	LastDelay	0.0033304	3330.4	1	1
63.9897	36	0	1	LastDelay	0	0	1	0
64.042	19	0	1	LastDelay	0.00334348	3343.48	1	1
64.0462	40	0	1	LastDelay	0.00394461	3944.61	1	1
64.0837	17	0	1	LastDelay	0.0108219	10821.9	1	1
64.1422	46	0	1	LastDelay	0	0	1	0
64.1646	4	0	1	LastDelay	0.0033301	3330.1	1	1
64.1972	13	0	1	LastDelay	0.00333087	3330.87	1	1
64.201	6	0	1	LastDelay	0.00561649	5616.49	1	1
64.2496	12	0	1	LastDelay	0.00111631	1116.31	1	1
64.25	7	0	1	LastDelay	0	0	1	0
64.2815	42	0	1	LastDelay	0	0	1	0
64.2893	1	0	1	LastDelay	0.00333077	3330.77	1	1
64.2952	23	0	1	LastDelay	0	0	1	0
64.3319	15	0	1	LastDelay	0.00178979	1789.8	1	1
64.3761	20	0	1	LastDelay	0.00801589	8015.89	1	1
64.4177	22	0	1	LastDelay	0.00334345	3343.45	1	1
64.4332	29	0	1	LastDelay	0.00145558	1455.58	1	1
64.4979	41	0	1	LastDelay	0	0	1	0
64.5466	34	0	1	LastDelay	0.00340812	3408.12	1	1
64.886	5	0	1	LastDelay	0.00333015	3330.15	1	1
64.9073	28	0	1	LastDelay	0.0227102	22710.2	1	1
64.9196	18	0	1	LastDelay	0	0	1	0
64.9463	14	0	1	LastDelay	0.00335627	3356.27	1	1
65.0238	27	0	1	LastDelay	0.00333131	3331.31	1	1
65.0386	19	0	1	LastDelay	0	0	1	0
65.0423	40	0	1	LastDelay	0	0	1	0
65.0728	17	0	1	LastDelay	0	0	1	0
65.0745	11	0	1	LastDelay	0.00630883	6308.83	1	1
65.1456	46	0	1	LastDelay	0.00333085	3330.85	1	1
65.1612	4	0	1	LastDelay	0	0	1	0
65.1764	26	0	1	LastDelay	0.00333121	3331.21	1	1
65.1939	13	0	1	LastDelay	0	0	1	0
65.1954	6	0	1	LastDelay	0	0	1	0
65.243	0	0	1	LastDelay	0.00333012	3330.12	1	1
65.2485	12	0	1	LastDelay	0	0	1	0
65.2542	7	0	1	LastDelay	0.00417163	4171.63	1	1
65.261	44	0	1	LastDelay	0.0167125	16712.5	1	1
65.2859	1	0	1	LastDelay	0	0	1	0
65.2959	21	0	1	LastDelay	0.00333002	3330.02	1	1
65.2991	23	0	1	LastDelay	0.00388543	3885.43	1	1
65.3302	15	0	1	LastDelay	0	0	1	0
65.3316	10	0	1	LastDelay	0.00334302	3343.02	1	1
65.3681	20	0	1	LastDelay	0	0	1	0
65.4143	22	0	1	LastDelay	0	0	1	0
65.4318	29	0	1	LastDelay	0	0	1	0
65.5371	45	0	1	LastDelay	0.00335746	3357.46	1	1
65.5432	34	0	1	LastDelay	0	0	1	0
65.8827	5	0	1	LastDelay	0	0	1	0
65.8846	28	0	1	LastDelay	0	0	1	0
65.9205	18	0	1	LastDelay	0.000854995	854.995	1	1
65.9429	14	0	1	LastDelay	0	0	1	0
65.9816	38	0	1	LastDelay	0.003395	3395	1	1
66.0205	27	0	1	LastDelay	0	0	1	0
66.0458	40	0	1	LastDelay	0.00353684	3536.84	1	1
66.0682	11	0	1	LastDelay	0	0	1	0
66.0714	16	0	1	LastDelay	0.00382138	3821.38	1	1
66.0821	17	0	1	LastDelay	0.00926757	9267.57	1	1
66.1422	46	0	1	LastDelay	0	0	1	0
66.1649	4	0	1	LastDelay	0.00367321	3673.21	1	1
66.173	26	0	1	LastDelay	0	0	1	0
66.2024	32	0	1	LastDelay	0.00333005	3330.05	1	1
66.2396	0	0	1	LastDelay	0	0	1	0
66.2443	44	0	1	LastDelay	0	0	1	0
66.25	7	0	1	LastDelay	0	0	1	0
66.2518	12	0	1	LastDelay	0.0033303	3330.3	1	1
66.2652	3	0	1	LastDelay	0.0161612	16161.2	1	1
66.2874	1	0	1	LastDelay	0.0014441	1444.1	1	1
66.2926	21	0	1	LastDelay	0	0	1	0
66.2952	23	0	1	LastDelay	0	0	1	0
66.3283	10	0	1	LastDelay	0	0	1	0
66.3397	15	0	1	LastDelay	0.00955957	9559.57	1	1
66.4357	35	0	1	LastDelay	0.0120056	12005.6	1	1
66.4357	29	0	1	LastDelay	0.00394292	3942.92	1	1
66.5012	41	0	1	LastDelay	0.00333	3330	1	1
66.5056	33	0	1	LastDelay	0.00334306	3343.06	1	1
66.5338	45	0	1	LastDelay	0	0	1	0
66.5997	24	0	1	LastDelay	0.00679769	6797.69	1	1
66.6316	30	0	1	LastDelay	0.00335605	3356.05	1	1
66.8967	39	0	1	LastDelay	0.00410376	4103.76	1	1
66.8975	28	0	1	LastDelay	0.0129077	12907.7	1	1
66.9196	18	0	1	LastDelay	0	0	1	0
66.9782	38	0	1	LastDelay	0	0	1	0
66.993	36	0	1	LastDelay	0.00333006	3330.06	1	1
67.0423	40	0	1	LastDelay	0	0	1	0
67.0676	16	0	1	LastDelay	0	0	1	0
67.0701	11	0	1	LastDelay	0.00196565	1965.65	1	1
67.0728	17	0	1	LastDelay	0	0	1	0
67.1456	46	0	1	LastDelay	0.003356	3356	1	1
67.1612	4	0	1	LastDelay	0	0	1	0
67.1987	13	0	1	LastDelay	0.00485147	4851.47	1	1
67.199	32	0	1	LastDelay	0	0	1	0
67.2485	12	0	1	LastDelay	0	0	1	0
67.249	3	0	1	LastDelay	0	0	1	0
67.2545	7	0	1	LastDelay	0.0045184	4518.4	1	1
67.2848	42	0	1	LastDelay	0.00333119	3331.19	1	1
67.2859	1	0	1	LastDelay	0	0	1	0
67.2941	21	0	1	LastDelay	0.00151544	1515.44	1	1
67.2982	23	0	1	LastDelay	0.00306104	3061.04	1	1
67.3288	10	0	1	LastDelay	0.000514984	514.984	1	1
67.3302	15	0	1	LastDelay	0	0	1	0
67.3715	20	0	1	LastDelay	0.00337783	3377.83	1	1
67.4237	35	0	1	LastDelay	0	0	1	0
67.4318	29	0	1	LastDelay	0	0	1	0
67.4979	41	0	1	LastDelay	0	0	1	0
67.5023	33	0	1	LastDelay	0	0	1	0
67.5929	24	0	1	LastDelay	0	0	1	0
67.6283	30	0	1	LastDelay	0	0	1	0
67.8846	28	0	1	LastDelay	0	0	1	0
67.8926	39	0	1	LastDelay	0	0	1	0
67.9274	18	0	1	LastDelay	0.00773657	7736.57	1	1
67.9449	14	0	1	LastDelay	0.00199777	1997.77	1	1
67.9897	36	0	1	LastDelay	0	0	1	0
68.0269	27	0	1	LastDelay	0.00642582	6425.82	1	1
68.0435	19	0	1	LastDelay	0.00485131	4851.31	1	1
68.0474	40	0	1	LastDelay	0.00514804	5148.04	1	1
68.0682	11	0	1	LastDelay	0	0	1	0
68.0688	16	0	1	LastDelay	0.0011987	1198.7	1	1
68.0791	17	0	1	LastDelay	0.00627509	6275.09	1	1
68.1422	46	0	1	LastDelay	0	0	1	0
68.1738	26	0	1	LastDelay	0.000810291	810.291	1	1
68.1939	13	0	1	LastDelay	0	0	1	0
68.2008	6	0	1	LastDelay	0.00539217	5392.17	1	1
68.25	7	0	1	LastDelay	0	0	1	0
68.2542	0	0	1	LastDelay	0.0145433	14543.3	1	1
68.2542	12	0	1	LastDelay	0.00573067	5730.67	1	1
68.2815	42	0	1	LastDelay	0	0	1	0
68.2926	21	0	1	LastDelay	0	0	1	0
68.2952	23	0	1	LastDelay	0	0	1	0
68.2961	1	0	1	LastDelay	0.0102008	10200.8	1	1
68.3283	10	0	1	LastDelay	0	0	1	0
68.3335	15	0	1	LastDelay	0.00333021	3330.21	1	1
68.3681	20	0	1	LastDelay	0	0	1	0
68.4177	22	0	1	LastDelay	0.00333072	3330.72	1	1
68.4278	35	0	1	LastDelay	0.00407471	4074.71	1	1
68.4401	29	0	1	LastDelay	0.00838921	8389.21	1	1
68.5012	41	0	1	LastDelay	0.00334312	3343.12	1	1
68.5465	34	0	1	LastDelay	0.00334302	3343.02	1	1
68.5997	24	0	1	LastDelay	0.00678356	6783.56	1	1
68.643	30	0	1	LastDelay	0.0147675	14767.5	1	1
68.8863	28	0	1	LastDelay	0.00175677	1756.77	1	1
68.9156	25	0	1	LastDelay	0.0116064	11606.4	1	1
68.9196	18	0	1	LastDelay	0	0	1	0
68.9429	14	0	1	LastDelay	0	0	1	0
69.0205	27	0	1	LastDelay	0	0	1	0
69.0386	19	0	1	LastDelay	0	0	1	0
69.0423	40	0	1	LastDelay	0	0	1	0
69.0676	16	0	1	LastDelay	0	0	1	0
69.0718	11	0	1	LastDelay	0.00367332	3673.32	1	1
69.0728	17	0	1	LastDelay	0	0	1	0
69.1646	4	0	1	LastDelay	0.0033691	3369.1	1	1
69.173	26	0	1	LastDelay	0	0	1	0
69.1954	6	0	1	LastDelay	0	0	1	0
69.1972	13	0	1	LastDelay	0.0033302	3330.2	1	1
69.2396	0	0	1	LastDelay	0	0	1	0
69.2485	12	0	1	LastDelay	0	0	1	0
69.2859	1	0	1	LastDelay	0	0	1	0
69.2959	21	0	1	LastDelay	0.00334316	3343.16	1	1
69.2959	23	0	1	LastDelay	0.000774809	774.809	1	1
69.3302	15	0	1	LastDelay	0	0	1	0
69.3316	10	0	1	LastDelay	0.00334315	3343.15	1	1
69.4143	22	0	1	LastDelay	0	0	1	0
69.4237	35	0	1	LastDelay	0	0	1	0
69.4318	29	0	1	LastDelay	0	0	1	0
69.4979	41	0	1	LastDelay	0	0	1	0
69.5432	34	0	1	LastDelay	0	0	1	0
69.5929	24	0	1	LastDelay	0	0	1	0
69.6283	30	0	1	LastDelay	0	0	1	0
69.8846	28	0	1	LastDelay	0	0	1	0
69.904	25	0	1	LastDelay	0	0	1	0
70.0682	11	0	1	LastDelay	0	0	1	0
70.0743	17	0	1	LastDelay	0.00150449	1504.49	1	1
70.1612	4	0	1	LastDelay	0	0	1	0
70.1764	26	0	1	LastDelay	0.00333047	3330.47	1	1
70.1939	13	0	1	LastDelay	0	0	1	0
70.2498	12	0	1	LastDelay	0.00139401	1394.01	1	1
70.2926	21	0	1	LastDelay	0	0	1	0
70.2952	23	0	1	LastDelay	0	0	1	0
70.3283	10	0	1	LastDelay	0	0	1	0
70.9217	18	0	1	LastDelay	0.00207209	2072.09	1	1
70.9448	14	0	1	LastDelay	0.00186579	1865.79	1	1
71.0728	17	0	1	LastDelay	0	0	1	0
71.0788	11	0	1	LastDelay	0.0106708	10670.8	1	1
71.173	26	0	1	LastDelay	0	0	1	0
71.2485	12	0	1	LastDelay	0	0	1	0
71.2963	23	0	1	LastDelay	0.00113164	1131.64	1	1
71.3316	10	0	1	LastDelay	0.00334316	3343.16	1	1
71.3316	15	0	1	LastDelay	0.00145978	1459.78	1	1
71.3715	20	0	1	LastDelay	0.00337804	3378.04	1	1
71.8915	28	0	1	LastDelay	0.00692538	6925.38	1	1
71.9071	25	0	1	LastDelay	0.00312391	3123.91	1	1
71.9196	18	0	1	LastDelay	0	0	1	0
71.9429	14	0	1	LastDelay	0	0	1	0
72.0682	11	0	1	LastDelay	0	0	1	0
72.0747	17	0	1	LastDelay	0.00188659	1886.59	1	1
72.1646	4	0	1	LastDelay	0.00333016	3330.16	1	1
72.1784	26	0	1	LastDelay	0.00539404	5394.04	1	1
72.1958	6	0	1	LastDelay	0.000400626	400.626	1	1
72.2512	12	0	1	LastDelay	0.00274763	2747.62	1	1
72.293	21	0	1	LastDelay	0.000352964	352.964	1	1
72.2952	23	0	1	LastDelay	0	0	1	0
72.3283	10	0	1	LastDelay	0	0	1	0
72.3302	15	0	1	LastDelay	0	0	1	0
72.3681	20	0	1	LastDelay	0	0	1	0
72.5997	24	0	1	LastDelay	0.00683456	6834.56	1	1
72.8846	28	0	1	LastDelay	0	0	1	0
72.904	25	0	1	LastDelay	0	0	1	0
73.0713	11	0	1	LastDelay	0.00308233	3082.34	1	1
73.0728	17	0	1	LastDelay	0	0	1	0
73.1612	4	0	1	LastDelay	0	0	1	0
73.173	26	0	1	LastDelay	0	0	1	0
73.1954	6	0	1	LastDelay	0	0	1	0
73.2485	12	0	1	LastDelay	0	0	1	0
73.2926	21	0	1	LastDelay	0	0	1	0
73.3375	15	0	1	LastDelay	0.00735504	7355.04	1	1
73.418	22	0	1	LastDelay	0.00367509	3675.09	1	1
73.5929	24	0	1	LastDelay	0	0	1	0
73.8889	28	0	1	LastDelay	0.00428067	4280.67	1	1
73.9459	14	0	1	LastDelay	0.00293037	2930.37	1	1
74.0238	27	0	1	LastDelay	0.00333004	3330.04	1	1
74.0682	11	0	1	LastDelay	0	0	1	0
74.0862	17	0	1	LastDelay	0.0133527	13352.7	1	1
74.1749	26	0	1	LastDelay	0.00185302	1853.02	1	1
74.1958	6	0	1	LastDelay	0.000415608	415.608	1	1
74.25	12	0	1	LastDelay	0.00156492	1564.92	1	1
74.2945	21	0	1	LastDelay	0.00190855	1908.55	1	1
74.2994	23	0	1	LastDelay	0.00420751	4207.51	1	1
74.3301	10	0	1	LastDelay	0.00177648	1776.48	1	1
74.3302	15	0	1	LastDelay	0	0	1	0
74.3723	20	0	1	LastDelay	0.00419478	4194.78	1	1
74.4143	22	0	1	LastDelay	0	0	1	0
74.8846	28	0	1	LastDelay	0	0	1	0
74.9203	18	0	1	LastDelay	0.000686647	686.647	1	1
74.9429	14	0	1	LastDelay	0	0	1	0
75.0205	27	0	1	LastDelay	0	0	1	0
75.0728	17	0	1	LastDelay	0	0	1	0
75.074	11	0	1	LastDelay	0.00583242	5832.42	1	1
75.1646	4	0	1	LastDelay	0.0033301	3330.1	1	1
75.173	26	0	1	LastDelay	0	0	1	0
75.1954	6	0	1	LastDelay	0	0	1	0
75.2485	12	0	1	LastDelay	0	0	1	0
75.2926	21	0	1	LastDelay	0	0	1	0
75.2952	23	0	1	LastDelay	0	0	1	0
75.3283	10	0	1	LastDelay	0	0	1	0
75.3335	15	0	1	LastDelay	0.00333021	3330.21	1	1
75.3681	20	0	1	LastDelay	0	0	1	0
75.4347	29	0	1	LastDelay	0.00292646	2926.46	1	1
75.5962	24	0	1	LastDelay	0.00333053	3330.53	1	1
75.886	28	0	1	LastDelay	0.00141322	1413.22	1	1
75.9079	25	0	1	LastDelay	0.00386053	3860.53	1	1
75.9196	18	0	1	LastDelay	0	0	1	0
76.0423	19	0	1	LastDelay	0.00370133	3701.33	1	1
76.0682	11	0	1	LastDelay	0	0	1	0
76.0744	17	0	1	LastDelay	0.00151776	1517.76	1	1
76.1612	4	0	1	LastDelay	0	0	1	0
76.1764	26	0	1	LastDelay	0.00333037	3330.37	1	1
76.1979	6	0	1	LastDelay	0.00254473	2544.73	1	1
76.2028	32	0	1	LastDelay	0.00371764	3717.64	1	1
76.2526	3	0	1	LastDelay	0.00356532	3565.32	1	1
76.2526	44	0	1	LastDelay	0.00834451	8344.51	1	1
76.2671	12	0	1	LastDelay	0.0186161	18616.1	1	1
76.2945	21	0	1	LastDelay	0.00190903	1909.04	1	1
76.298	23	0	1	LastDelay	0.00277915	2779.15	1	1
76.3302	15	0	1	LastDelay	0	0	1	0
76.3708	9	0	1	LastDelay	0.00335691	3356.91	1	1
76.3708	20	0	1	LastDelay	0.0027027	2702.7	1	1
76.4177	22	0	1	LastDelay	0.00333018	3330.18	1	1
76.4318	29	0	1	LastDelay	0	0	1	0
76.5929	24	0	1	LastDelay	0	0	1	0
76.8846	28	0	1	LastDelay	0	0	1	0
76.886	5	0	1	LastDelay	0.00333004	3330.04	1	1
76.904	25	0	1	LastDelay	0	0	1	0
76.923	18	0	1	LastDelay	0.00333024	3330.24	1	1
76.9491	14	0	1	LastDelay	0.00618974	6189.74	1	1
76.9817	38	0	1	LastDelay	0.00346011	3460.11	1	1
77.0386	19	0	1	LastDelay	0	0	1	0
77.0709	16	0	1	LastDelay	0.00333148	3331.48	1	1
77.0709	11	0	1	LastDelay	0.00273872	2738.72	1	1
77.0728	17	0	1	LastDelay	0	0	1	0
77.173	26	0	1	LastDelay	0	0	1	0
77.1954	6	0	1	LastDelay	0	0	1	0
77.199	32	0	1	LastDelay	0	0	1	0
77.243	0	0	1	LastDelay	0.00333005	3330.05	1	1
77.2443	44	0	1	LastDelay	0	0	1	0
77.2485	12	0	1	LastDelay	0	0	1	0
77.249	3	0	1	LastDelay	0	0	1	0
77.2926	21	0	1	LastDelay	0	0	1	0
77.2952	23	0	1	LastDelay	0	0	1	0
77.3316	10	0	1	LastDelay	0.00333006	3330.06	1	1
77.3351	15	0	1	LastDelay	0.00489789	4897.89	1	1
77.3675	9	0	1	LastDelay	0	0	1	0
77.3681	20	0	1	LastDelay	0	0	1	0
77.4143	22	0	1	LastDelay	0	0	1	0
77.8827	5	0	1	LastDelay	0	0	1	0
77.8879	28	0	1	LastDelay	0.00333029	3330.29	1	1
77.9052	25	0	1	LastDelay	0.00117687	1176.87	1	1
77.9196	18	0	1	LastDelay	0	0	1	0
77.9429	14	0	1	LastDelay	0	0	1	0
77.9782	38	0	1	LastDelay	0	0	1	0
78.0238	27	0	1	LastDelay	0.00333019	3330.19	1	1
78.0676	16	0	1	LastDelay	0	0	1	0
78.0682	11	0	1	LastDelay	0	0	1	0
78.0762	17	0	1	LastDelay	0.00333032	3330.32	1	1
78.1646	4	0	1	LastDelay	0.00333042	3330.42	1	1
78.1749	26	0	1	LastDelay	0.0019031	1903.1	1	1
78.2109	6	0	1	LastDelay	0.0155223	15522.3	1	1
78.2396	0	0	1	LastDelay	0	0	1	0
78.2549	12	0	1	LastDelay	0.00643846	6438.46	1	1
78.2959	21	0	1	LastDelay	0.00333016	3330.16	1	1
78.2959	23	0	1	LastDelay	0.000761809	761.809	1	1
78.3283	10	0	1	LastDelay	0	0	1	0
78.3302	15	0	1	LastDelay	0	0	1	0
78.3715	20	0	1	LastDelay	0.00334302	3343.02	1	1
78.4345	29	0	1	LastDelay	0.00278072	2780.72	1	1
78.5183	33	0	1	LastDelay	0.0160569	16056.9	1	1
78.5993	24	0	1	LastDelay	0.00642561	6425.61	1	1
78.8509	8	0	1	LastDelay	0.00346146	3461.46	1	1
78.8846	28	0	1	LastDelay	0	0	1	0
78.896	39	0	1	LastDelay	0.00336914	3369.14	1	1
78.904	25	0	1	LastDelay	0	0	1	0
78.9454	14	0	1	LastDelay	0.00250107	2501.07	1	1
79.0205	27	0	1	LastDelay	0	0	1	0
79.0709	11	0	1	LastDelay	0.00275032	2750.32	1	1
79.0709	16	0	1	LastDelay	0.00334315	3343.15	1	1
79.0728	17	0	1	LastDelay	0	0	1	0
79.1612	4	0	1	LastDelay	0	0	1	0
79.173	26	0	1	LastDelay	0	0	1	0
79.1954	6	0	1	LastDelay	0	0	1	0
79.2197	2	0	1	LastDelay	0.0061337	6133.7	1	1
79.2485	12	0	1	LastDelay	0	0	1	0
79.2659	31	0	1	LastDelay	0.00386063	3860.63	1	1
79.2926	21	0	1	LastDelay	0	0	1	0
79.2952	23	0	1	LastDelay	0	0	1	0
79.3347	10	0	1	LastDelay	0.00643815	6438.15	1	1
79.3347	15	0	1	LastDelay	0.00455477	4554.77	1	1
79.3681	20	0	1	LastDelay	0	0	1	0
79.4177	22	0	1	LastDelay	0.00333008	3330.08	1	1
79.4318	29	0	1	LastDelay	0	0	1	0
79.5023	33	0	1	LastDelay	0	0	1	0
79.5371	45	0	1	LastDelay	0.00334311	3343.11	1	1
79.5929	24	0	1	LastDelay	0	0	1	0
79.7553	37	0	1	LastDelay	0.00337055	3370.55	1	1
79.8474	8	0	1	LastDelay	0	0	1	0
79.8894	28	0	1	LastDelay	0.00485324	4853.24	1	1
79.8926	39	0	1	LastDelay	0	0	1	0
79.9146	25	0	1	LastDelay	0.0105807	10580.7	1	1
79.9208	18	0	1	LastDelay	0.00117635	1176.35	1	1
79.9429	14	0	1	LastDelay	0	0	1	0
80.0676	16	0	1	LastDelay	0	0	1	0
80.0682	11	0	1	LastDelay	0	0	1	0
80.0762	17	0	1	LastDelay	0.00334329	3343.29	1	1
80.1646	4	0	1	LastDelay	0.00333005	3330.05	1	1
80.1742	26	0	1	LastDelay	0.00116517	1165.17	1	1
80.1989	6	0	1	LastDelay	0.00349635	3496.35	1	1
80.2136	2	0	1	LastDelay	0	0	1	0
80.2297	32	0	1	LastDelay	0.0306216	30621.6	1	1
80.2397	0	0	1	LastDelay	5.1668e-05	51.668	1	1
80.2567	12	0	1	LastDelay	0.00823687	8236.87	1	1
80.262	31	0	1	LastDelay	0	0	1	0
80.2939	21	0	1	LastDelay	0.00128139	1281.39	1	1
80.297	23	0	1	LastDelay	0.00180828	1808.28	1	1
80.3283	10	0	1	LastDelay	0	0	1	0
80.3302	15	0	1	LastDelay	0	0	1	0
80.371	20	0	1	LastDelay	0.00284169	2841.69	1	1
80.3933	43	0	1	LastDelay	0.0180568	18056.8	1	1
80.4143	22	0	1	LastDelay	0	0	1	0
80.4351	29	0	1	LastDelay	0.00333027	3330.27	1	1
80.5338	45	0	1	LastDelay	0	0	1	0
80.5449	34	0	1	LastDelay	0.00165928	1659.28	1	1
80.6319	30	0	1	LastDelay	0.00359644	3596.44	1	1
80.752	37	0	1	LastDelay	0	0	1	0
80.8846	28	0	1	LastDelay	0	0	1	0
80.8892	5	0	1	LastDelay	0.00649196	6491.96	1	1
80.904	25	0	1	LastDelay	0	0	1	0
80.9196	18	0	1	LastDelay	0	0	1	0
81.0238	27	0	1	LastDelay	0.00333002	3330.02	1	1
81.0709	16	0	1	LastDelay	0.00333012	3330.12	1	1
81.0728	17	0	1	LastDelay	0	0	1	0
81.074	11	0	1	LastDelay	0.0058206	5820.6	1	1
81.1612	4	0	1	LastDelay	0	0	1	0
81.173	26	0	1	LastDelay	0	0	1	0
81.1954	6	0	1	LastDelay	0	0	1	0
81.199	32	0	1	LastDelay	0	0	1	0
81.2396	0	0	1	LastDelay	0	0	1	0
81.2485	12	0	1	LastDelay	0	0	1	0
81.2904	1	0	1	LastDelay	0.00447231	4472.31	1	1
81.2926	21	0	1	LastDelay	0	0	1	0
81.2952	23	0	1	LastDelay	0	0	1	0
81.3354	15	0	1	LastDelay	0.00522915	5229.15	1	1
81.3681	20	0	1	LastDelay	0	0	1	0
81.3753	43	0	1	LastDelay	0	0	1	0
81.4318	29	0	1	LastDelay	0	0	1	0
81.503	33	0	1	LastDelay	0.000698146	698.146	1	1
81.5432	34	0	1	LastDelay	0	0	1	0
81.5999	24	0	1	LastDelay	0.00699464	6994.65	1	1
81.6283	30	0	1	LastDelay	0	0	1	0
81.8827	5	0	1	LastDelay	0	0	1	0
81.8945	28	0	1	LastDelay	0.00988974	9889.74	1	1
81.9199	18	0	1	LastDelay	0.000278578	278.578	1	1
81.9199	39	0	1	LastDelay	0.0273048	27304.8	1	1
81.949	14	0	1	LastDelay	0.00609291	6092.91	1	1
82.0205	27	0	1	LastDelay	0	0	1	0
82.043	40	0	1	LastDelay	0.000729106	729.106	1	1
82.0676	16	0	1	LastDelay	0	0	1	0
82.0682	11	0	1	LastDelay	0	0	1	0
82.1962	6	0	1	LastDelay	0.000837797	837.797	1	1
82.1972	13	0	1	LastDelay	0.0033301	3330.1	1	1
82.2077	32	0	1	LastDelay	0.00868688	8686.88	1	1
82.2571	7	0	1	LastDelay	0.0070998	7099.8	1	1
82.2603	12	0	1	LastDelay	0.0118016	11801.6	1	1
82.2859	1	0	1	LastDelay	0	0	1	0
82.298	23	0	1	LastDelay	0.00284129	2841.29	1	1
82.3011	21	0	1	LastDelay	0.00850482	8504.82	1	1
82.3302	15	0	1	LastDelay	0	0	1	0
82.3322	10	0	1	LastDelay	0.0039596	3959.6	1	1
82.3751	20	0	1	LastDelay	0.00693617	6936.17	1	1
82.4177	22	0	1	LastDelay	0.00334346	3343.46	1	1
82.4246	35	0	1	LastDelay	0.000871876	871.876	1	1
82.4413	29	0	1	LastDelay	0.00958012	9580.12	1	1
82.5023	33	0	1	LastDelay	0	0	1	0
82.5687	34	0	1	LastDelay	0.0254703	25470.3	1	1
82.5929	24	0	1	LastDelay	0	0	1	0
82.6347	30	0	1	LastDelay	0.00642584	6425.84	1	1
82.8508	8	0	1	LastDelay	0.00334321	3343.21	1	1
82.8846	28	0	1	LastDelay	0	0	1	0
82.886	5	0	1	LastDelay	0.00333037	3330.37	1	1
82.8926	39	0	1	LastDelay	0	0	1	0
82.9094	25	0	1	LastDelay	0.00540899	5408.99	1	1
82.9196	18	0	1	LastDelay	0	0	1	0
82.9429	14	0	1	LastDelay	0	0	1	0
82.993	36	0	1	LastDelay	0.00333082	3330.82	1	1
83.0269	27	0	1	LastDelay	0.00643883	6438.83	1	1
83.0423	40	0	1	LastDelay	0	0	1	0
83.0771	11	0	1	LastDelay	0.00892943	8929.43	1	1
83.0771	17	0	1	LastDelay	0.00427129	4271.29	1	1
83.1502	46	0	1	LastDelay	0.00797235	7972.35	1	1
83.1695	4	0	1	LastDelay	0.00830074	8300.74	1	1
83.1758	26	0	1	LastDelay	0.00278928	2789.28	1	1
83.1939	13	0	1	LastDelay	0	0	1	0
83.1954	6	0	1	LastDelay	0	0	1	0
83.199	32	0	1	LastDelay	0	0	1	0
83.2485	12	0	1	LastDelay	0	0	1	0
83.25	7	0	1	LastDelay	0	0	1	0
83.2691	31	0	1	LastDelay	0.00713758	7137.57	1	1
83.2926	21	0	1	LastDelay	0	0	1	0
83.2952	23	0	1	LastDelay	0	0	1	0
83.3283	10	0	1	LastDelay	0	0	1	0
83.3335	15	0	1	LastDelay	0.0033431	3343.1	1	1
83.3681	20	0	1	LastDelay	0	0	1	0
83.4143	22	0	1	LastDelay	0	0	1	0
83.4237	35	0	1	LastDelay	0	0	1	0
83.4318	29	0	1	LastDelay	0	0	1	0
83.5088	33	0	1	LastDelay	0.00653219	6532.19	1	1
83.5396	45	0	1	LastDelay	0.00585931	5859.31	1	1
83.5432	34	0	1	LastDelay	0	0	1	0
83.6283	30	0	1	LastDelay	0	0	1	0
83.8474	8	0	1	LastDelay	0	0	1	0
83.8827	5	0	1	LastDelay	0	0	1	0
83.8879	28	0	1	LastDelay	0.00333031	3330.31	1	1
83.904	25	0	1	LastDelay	0	0	1	0
83.923	18	0	1	LastDelay	0.00333005	3330.05	1	1
83.9444	14	0	1	LastDelay	0.00140799	1407.99	1	1
83.9897	36	0	1	LastDelay	0	0	1	0
84.0205	27	0	1	LastDelay	0	0	1	0
84.0682	11	0	1	LastDelay	0	0	1	0
84.0728	17	0	1	LastDelay	0	0	1	0
84.1422	46	0	1	LastDelay	0	0	1	0
84.1612	4	0	1	LastDelay	0	0	1	0
84.173	26	0	1	LastDelay	0	0	1	0
84.2154	32	0	1	LastDelay	0.0163544	16354.4	1	1
84.243	0	0	1	LastDelay	0.00333017	3330.17	1	1
84.2495	12	0	1	LastDelay	0.00106492	1064.92	1	1
84.262	31	0	1	LastDelay	0	0	1	0
84.2975	21	0	1	LastDelay	0.00492526	4925.27	1	1
84.2975	23	0	1	LastDelay	0.00235701	2357.01	1	1
84.3302	15	0	1	LastDelay	0	0	1	0
84.3312	10	0	1	LastDelay	0.00296828	2968.28	1	1
84.4177	22	0	1	LastDelay	0.00333047	3330.47	1	1
84.4276	35	0	1	LastDelay	0.00394138	3941.38	1	1
84.4338	29	0	1	LastDelay	0.00206776	2067.76	1	1
84.5023	33	0	1	LastDelay	0	0	1	0
84.5338	45	0	1	LastDelay	0	0	1	0
84.5962	24	0	1	LastDelay	0.00333005	3330.05	1	1
84.8846	28	0	1	LastDelay	0	0	1	0
84.8991	39	0	1	LastDelay	0.00646113	6461.13	1	1
84.9056	25	0	1	LastDelay	0.00158868	1588.68	1	1
84.9196	18	0	1	LastDelay	0	0	1	0
84.9429	14	0	1	LastDelay	0	0	1	0
85.0709	16	0	1	LastDelay	0.00333016	3330.16	1	1
85.0709	11	0	1	LastDelay	0.00273751	2737.51	1	1
85.0771	17	0	1	LastDelay	0.00428264	4282.64	1	1
85.1746	26	0	1	LastDelay	0.00152078	1520.78	1	1
85.1973	6	0	1	LastDelay	0.00187382	1873.82	1	1
85.199	32	0	1	LastDelay	0	0	1	0
85.2396	0	0	1	LastDelay	0	0	1	0
85.2485	12	0	1	LastDelay	0	0	1	0
85.2926	21	0	1	LastDelay	0	0	1	0
85.2952	23	0	1	LastDelay	0	0	1	0
85.3283	10	0	1	LastDelay	0	0	1	0
85.3335	15	0	1	LastDelay	0.00334346	3343.46	1	1
85.3723	20	0	1	LastDelay	0.00422044	4220.44	1	1
85.4143	22	0	1	LastDelay	0	0	1	0
85.4237	35	0	1	LastDelay	0	0	1	0
85.4318	29	0	1	LastDelay	0	0	1	0
85.5377	45	0	1	LastDelay	0.00396266	3962.66	1	1
85.5465	34	0	1	LastDelay	0.00334396	3343.96	1	1
85.5929	24	0	1	LastDelay	0	0	1	0
85.886	28	0	1	LastDelay	0.00141309	1413.09	1	1
85.886	5	0	1	LastDelay	0.00333017	3330.17	1	1
85.8926	39	0	1	LastDelay	0	0	1	0
85.904	25	0	1	LastDelay	0	0	1	0
85.9235	18	0	1	LastDelay	0.00388983	3889.83	1	1
85.9474	14	0	1	LastDelay	0.00443482	4434.82	1	1
85.9975	38	0	1	LastDelay	0.0193463	19346.3	1	1
86.0238	27	0	1	LastDelay	0.00333004	3330.04	1	1
86.0676	16	0	1	LastDelay	0	0	1	0
86.0682	11	0	1	LastDelay	0	0	1	0
86.0728	17	0	1	LastDelay	0	0	1	0
86.173	26	0	1	LastDelay	0	0	1	0
86.1954	6	0	1	LastDelay	0	0	1	0
86.2241	2	0	1	LastDelay	0.0105462	10546.2	1	1
86.2505	12	0	1	LastDelay	0.00208209	2082.09	1	1
86.2643	31	0	1	LastDelay	0.00229664	2296.64	1	1
86.2965	21	0	1	LastDelay	0.00393588	3935.88	1	1
86.2965	23	0	1	LastDelay	0.00136757	1367.57	1	1
86.3302	15	0	1	LastDelay	0	0	1	0
86.3332	10	0	1	LastDelay	0.00492837	4928.37	1	1
86.3681	20	0	1	LastDelay	0	0	1	0
86.3777	9	0	1	LastDelay	0.0102026	10202.6	1	1
86.4242	35	0	1	LastDelay	0.00051589	515.89	1	1
86.4335	29	0	1	LastDelay	0.00173786	1737.86	1	1
86.5037	33	0	1	LastDelay	0.00144839	1448.39	1	1
86.5338	45	0	1	LastDelay	0	0	1	0
86.5432	34	0	1	LastDelay	0	0	1	0
86.5962	24	0	1	LastDelay	0.00333048	3330.48	1	1
86.6294	30	0	1	LastDelay	0.0011072	1107.2	1	1
86.8508	8	0	1	LastDelay	0.003382	3382	1	1
86.8827	5	0	1	LastDelay	0	0	1	0
86.8846	28	0	1	LastDelay	0	0	1	0
86.9087	25	0	1	LastDelay	0.00464118	4641.18	1	1
86.9196	18	0	1	LastDelay	0	0	1	0
86.9429	14	0	1	LastDelay	0	0	1	0
86.9782	38	0	1	LastDelay	0	0	1	0
87.0205	27	0	1	LastDelay	0	0	1	0
87.0423	40	0	1	LastDelay	3.1477e-05	31.477	1	1
87.0747	11	0	1	LastDelay	0.00651878	6518.78	1	1
87.0781	17	0	1	LastDelay	0.00531189	5311.89	1	1
87.1712	4	0	1	LastDelay	0.00997159	9971.59	1	1
87.1777	26	0	1	LastDelay	0.0047121	4712.1	1	1
87.2021	6	0	1	LastDelay	0.00671294	6712.94	1	1
87.2021	32	0	1	LastDelay	0.00306889	3068.89	1	1
87.2136	2	0	1	LastDelay	0	0	1	0
87.2408	0	0	1	LastDelay	0.00115192	1151.92	1	1
87.2476	44	0	1	LastDelay	0.00335615	3356.15	1	1
87.2485	12	0	1	LastDelay	0	0	1	0
87.262	31	0	1	LastDelay	0	0	1	0
87.2926	21	0	1	LastDelay	0	0	1	0
87.2952	23	0	1	LastDelay	0	0	1	0
87.3026	3	0	1	LastDelay	0.0535956	53595.6	1	1
87.3283	10	0	1	LastDelay	0	0	1	0
87.3675	9	0	1	LastDelay	0	0	1	0
87.3694	20	0	1	LastDelay	0.00124001	1240.01	1	1
87.4177	22	0	1	LastDelay	0.00333025	3330.25	1	1
87.4237	35	0	1	LastDelay	0	0	1	0
87.4318	29	0	1	LastDelay	0	0	1	0
87.5023	33	0	1	LastDelay	0	0	1	0
87.5505	34	0	1	LastDelay	0.00730741	7307.41	1	1
87.5929	24	0	1	LastDelay	0	0	1	0
87.6283	30	0	1	LastDelay	0	0	1	0
87.8474	8	0	1	LastDelay	0	0	1	0
87.8863	28	0	1	LastDelay	0.00175663	1756.63	1	1
87.904	25	0	1	LastDelay	0	0	1	0
87.9144	39	0	1	LastDelay	0.0217462	21746.2	1	1
87.9212	18	0	1	LastDelay	0.00157413	1574.13	1	1
87.945	14	0	1	LastDelay	0.00205361	2053.61	1	1
87.9854	38	0	1	LastDelay	0.00716343	7163.43	1	1
87.9984	36	0	1	LastDelay	0.008668	8668	1	1
88.0423	40	0	1	LastDelay	0	0	1	0
88.0682	11	0	1	LastDelay	0	0	1	0
88.0728	17	0	1	LastDelay	0	0	1	0
88.074	16	0	1	LastDelay	0.00642614	6426.14	1	1
88.1612	4	0	1	LastDelay	0	0	1	0
88.173	26	0	1	LastDelay	0	0	1	0
88.1954	6	0	1	LastDelay	0	0	1	0
88.199	32	0	1	LastDelay	0	0	1	0
88.2169	2	0	1	LastDelay	0.00336986	3369.86	1	1
88.2396	0	0	1	LastDelay	0	0	1	0
88.2443	44	0	1	LastDelay	0	0	1	0
88.249	3	0	1	LastDelay	0	0	1	0
88.2653	31	0	1	LastDelay	0.0033206	3320.6	1	1
88.2875	1	0	1	LastDelay	0.00158859	1588.59	1	1
88.2972	21	0	1	LastDelay	0.00456282	4562.82	1	1
88.2972	23	0	1	LastDelay	0.0019945	1994.5	1	1
88.3309	15	0	1	LastDelay	0.000780873	780.873	1	1
88.3309	10	0	1	LastDelay	0.00266441	2664.41	1	1
88.3681	20	0	1	LastDelay	0	0	1	0
88.4143	22	0	1	LastDelay	0	0	1	0
88.427	35	0	1	LastDelay	0.0033307	3330.7	1	1
88.4336	29	0	1	LastDelay	0.00180136	1801.36	1	1
88.4986	41	0	1	LastDelay	0.000759126	759.126	1	1
88.5432	34	0	1	LastDelay	0	0	1	0
88.5994	24	0	1	LastDelay	0.00643965	6439.65	1	1
88.6286	30	0	1	LastDelay	0.000357663	357.663	1	1
88.8846	28	0	1	LastDelay	0	0	1	0
88.8926	39	0	1	LastDelay	0	0	1	0
88.9094	25	0	1	LastDelay	0.00542264	5422.64	1	1
88.9196	18	0	1	LastDelay	0	0	1	0
88.9429	14	0	1	LastDelay	0	0	1	0
88.9782	38	0	1	LastDelay	0	0	1	0
88.9897	36	0	1	LastDelay	0	0	1	0
89.0464	40	0	1	LastDelay	0.00415345	4153.45	1	1
89.0676	16	0	1	LastDelay	0	0	1	0
89.0685	11	0	1	LastDelay	0.000294226	294.226	1	1
89.0782	17	0	1	LastDelay	0.00538212	5382.12	1	1
89.1456	46	0	1	LastDelay	0.00336912	3369.12	1	1
89.1646	4	0	1	LastDelay	0.00333013	3330.13	1	1
89.1773	26	0	1	LastDelay	0.00424852	4248.52	1	1
89.1983	6	0	1	LastDelay	0.00292092	2920.92	1	1
89.2014	32	0	1	LastDelay	0.00238483	2384.83	1	1
89.2136	2	0	1	LastDelay	0	0	1	0
89.241	0	0	1	LastDelay	0.00140683	1406.83	1	1
89.2517	12	0	1	LastDelay	0.00325618	3256.18	1	1
89.262	31	0	1	LastDelay	0	0	1	0
89.2859	1	0	1	LastDelay	0	0	1	0
89.2878	42	0	1	LastDelay	0.00635489	6354.89	1	1
89.2926	21	0	1	LastDelay	0	0	1	0
89.2952	23	0	1	LastDelay	0	0	1	0
89.3283	10	0	1	LastDelay	0	0	1	0
89.3302	15	0	1	LastDelay	0	0	1	0
89.372	20	0	1	LastDelay	0.00389097	3890.97	1	1
89.4177	22	0	1	LastDelay	0.00334379	3343.79	1	1
89.4237	35	0	1	LastDelay	0	0	1	0
89.4318	29	0	1	LastDelay	0	0	1	0
89.4979	41	0	1	LastDelay	0	0	1	0
89.5465	34	0	1	LastDelay	0.00333061	3330.61	1	1
89.5929	24	0	1	LastDelay	0	0	1	0
89.6283	30	0	1	LastDelay	0	0	1	0
89.7557	37	0	1	LastDelay	0.00371407	3714.07	1	1
89.8863	28	0	1	LastDelay	0.00175838	1758.38	1	1
89.904	25	0	1	LastDelay	0	0	1	0
89.9104	39	0	1	LastDelay	0.0178246	17824.6	1	1
89.92	18	0	1	LastDelay	0.00041653	416.53	1	1
89.94	43	0	1	LastDelay	0.564725	564725	1	1
89.9442	14	0	1	LastDelay	0.00120681	1206.81	1	1
89.9889	38	0	1	LastDelay	0.0106982	10698.2	1	1
89.9923	36	0	1	LastDelay	0.00262281	2622.81	1	1
90.0259	27	0	1	LastDelay	0.0053904	5390.4	1	1
90.0423	40	0	1	LastDelay	0	0	1	0
90.0682	11	0	1	LastDelay	0	0	1	0
90.069	16	0	1	LastDelay	0.00139662	1396.62	1	1
90.0728	17	0	1	LastDelay	0	0	1	0
90.1422	46	0	1	LastDelay	0	0	1	0
90.1612	4	0	1	LastDelay	0	0	1	0
90.173	26	0	1	LastDelay	0	0	1	0
90.1954	6	0	1	LastDelay	0	0	1	0
90.199	32	0	1	LastDelay	0	0	1	0
90.2396	0	0	1	LastDelay	0	0	1	0
90.2485	12	0	1	LastDelay	0	0	1	0
90.2815	42	0	1	LastDelay	0	0	1	0
90.297	21	0	1	LastDelay	0.0044011	4401.1	1	1
90.297	23	0	1	LastDelay	0.00183283	1832.83	1	1
90.3359	10	0	1	LastDelay	0.00763534	7635.34	1	1
90.3359	15	0	1	LastDelay	0.00575221	5752.21	1	1
90.3681	20	0	1	LastDelay	0	0	1	0
90.3753	43	0	1	LastDelay	0	0	1	0
90.4143	22	0	1	LastDelay	0	0	1	0
90.427	35	0	1	LastDelay	0.00333077	3330.77	1	1
90.4406	29	0	1	LastDelay	0.00881321	8813.21	1	1
90.5057	33	0	1	LastDelay	0.00343975	3439.75	1	1
90.539	45	0	1	LastDelay	0.00525878	5258.77	1	1
90.5432	34	0	1	LastDelay	0	0	1	0
90.5962	24	0	1	LastDelay	0.00333139	3331.39	1	1
90.629	30	0	1	LastDelay	0.000686325	686.325	1	1
90.752	37	0	1	LastDelay	0	0	1	0
90.8846	28	0	1	LastDelay	0	0	1	0
90.8891	5	0	1	LastDelay	0.00642619	6426.19	1	1
90.8926	39	0	1	LastDelay	0	0	1	0
90.9057	25	0	1	LastDelay	0.00165776	1657.76	1	1
90.9196	18	0	1	LastDelay	0	0	1	0
90.9429	14	0	1	LastDelay	0	0	1	0
90.9782	38	0	1	LastDelay	0	0	1	0
90.9897	36	0	1	LastDelay	0	0	1	0
91.0205	27	0	1	LastDelay	0	0	1	0
91.0676	16	0	1	LastDelay	0	0	1	0
91.0715	11	0	1	LastDelay	0.00333057	3330.57	1	1
91.0749	17	0	1	LastDelay	0.00211071	2110.71	1	1
91.1773	26	0	1	LastDelay	0.0042742	4274.2	1	1
91.1974	6	0	1	LastDelay	0.00198083	1980.83	1	1
91.2008	32	0	1	LastDelay	0.00177542	1775.42	1	1
91.2482	0	0	1	LastDelay	0.008525	8525	1	1
91.2513	12	0	1	LastDelay	0.00280784	2807.84	1	1
91.2643	31	0	1	LastDelay	0.00233611	2336.11	1	1
91.2926	21	0	1	LastDelay	0	0	1	0
91.2952	23	0	1	LastDelay	0	0	1	0
91.3283	10	0	1	LastDelay	0	0	1	0
91.3302	15	0	1	LastDelay	0	0	1	0
91.4237	35	0	1	LastDelay	0	0	1	0
91.4318	29	0	1	LastDelay	0	0	1	0
91.5023	33	0	1	LastDelay	0	0	1	0
91.5338	45	0	1	LastDelay	0	0	1	0
91.5465	34	0	1	LastDelay	0.00334305	3343.05	1	1
91.5929	24	0	1	LastDelay	0	0	1	0
91.6283	30	0	1	LastDelay	0	0	1	0
91.8827	5	0	1	LastDelay	0	0	1	0
91.8883	28	0	1	LastDelay	0.00367373	3673.73	1	1
91.8962	39	0	1	LastDelay	0.00360012	3600.12	1	1
91.904	25	0	1	LastDelay	0	0	1	0
91.9433	14	0	1	LastDelay	0.000327896	327.896	1	1
91.9915	36	0	1	LastDelay	0.00179017	1790.17	1	1
92.0268	27	0	1	LastDelay	0.00632489	6324.89	1	1
92.0448	40	0	1	LastDelay	0.00251466	2514.66	1	1
92.0679	16	0	1	LastDelay	0.000324172	324.172	1	1
92.0682	11	0	1	LastDelay	0	0	1	0
92.0728	17	0	1	LastDelay	0	0	1	0
92.1646	4	0	1	LastDelay	0.00333038	3330.38	1	1
92.173	26	0	1	LastDelay	0	0	1	0
92.1954	6	0	1	LastDelay	0	0	1	0
92.199	32	0	1	LastDelay	0	0	1	0
92.2396	0	0	1	LastDelay	0	0	1	0
92.2485	12	0	1	LastDelay	0	0	1	0
92.2534	7	0	1	LastDelay	0.00334418	3344.18	1	1
92.262	31	0	1	LastDelay	0	0	1	0
92.2893	1	0	1	LastDelay	0.00340375	3403.75	1	1
92.2963	23	0	1	LastDelay	0.00113876	1138.76	1	1
92.2994	21	0	1	LastDelay	0.00680236	6802.36	1	1
92.3301	10	0	1	LastDelay	0.00178003	1780.03	1	1
92.34	15	0	1	LastDelay	0.00983215	9832.15	1	1
92.3787	20	0	1	LastDelay	0.0105986	10598.6	1	1
92.4177	22	0	1	LastDelay	0.00333108	3331.08	1	1
92.4304	35	0	1	LastDelay	0.00669414	6694.14	1	1
92.4342	29	0	1	LastDelay	0.00241237	2412.37	1	1
92.4407	43	0	1	LastDelay	0.0654427	65442.7	1	1
92.505	33	0	1	LastDelay	0.0027373	2737.3	1	1
92.5432	34	0	1	LastDelay	0	0	1	0
92.5962	24	0	1	LastDelay	0.00333044	3330.44	1	1
92.6322	30	0	1	LastDelay	0.0038884	3888.4	1	1
92.7622	37	0	1	LastDelay	0.0102341	10234.1	1	1
92.8509	8	0	1	LastDelay	0.0034617	3461.7	1	1
92.8846	28	0	1	LastDelay	0	0	1	0
92.886	5	0	1	LastDelay	0.00334393	3343.93	1	1
92.8926	39	0	1	LastDelay	0	0	1	0
92.9112	25	0	1	LastDelay	0.00716187	7161.87	1	1
92.9212	18	0	1	LastDelay	0.00155439	1554.39	1	1
92.9429	14	0	1	LastDelay	0	0	1	0
92.9883	38	0	1	LastDelay	0.0100806	10080.6	1	1
92.9897	36	0	1	LastDelay	0	0	1	0
93.0205	27	0	1	LastDelay	0	0	1	0
93.042	19	0	1	LastDelay	0.00335729	3357.29	1	1
93.0423	40	0	1	LastDelay	0	0	1	0
93.0676	16	0	1	LastDelay	0	0	1	0
93.0746	11	0	1	LastDelay	0.00642659	6426.59	1	1
93.0746	17	0	1	LastDelay	0.00176846	1768.46	1	1
93.1612	4	0	1	LastDelay	0	0	1	0
93.1963	6	0	1	LastDelay	0.000957806	957.806	1	1
93.1995	32	0	1	LastDelay	0.000449378	449.378	1	1
93.2212	2	0	1	LastDelay	0.00760514	7605.14	1	1
93.2397	0	0	1	LastDelay	9.6109e-05	96.109	1	1
93.25	7	0	1	LastDelay	0	0	1	0
93.2559	12	0	1	LastDelay	0.00748537	7485.38	1	1
93.2652	31	0	1	LastDelay	0.00321696	3216.96	1	1
93.2849	42	0	1	LastDelay	0.00338032	3380.32	1	1
93.2859	1	0	1	LastDelay	0	0	1	0
93.2926	21	0	1	LastDelay	0	0	1	0
93.2952	23	0	1	LastDelay	0	0	1	0
93.3283	10	0	1	LastDelay	0	0	1	0
93.3302	15	0	1	LastDelay	0	0	1	0
93.3681	20	0	1	LastDelay	0	0	1	0
93.3708	9	0	1	LastDelay	0.00337087	3370.87	1	1
93.3753	43	0	1	LastDelay	0	0	1	0
93.4143	22	0	1	LastDelay	0	0	1	0
93.4237	35	0	1	LastDelay	0	0	1	0
93.4318	29	0	1	LastDelay	0	0	1	0
93.5023	33	0	1	LastDelay	0	0	1	0
93.5404	45	0	1	LastDelay	0.00666352	6663.52	1	1
93.5472	34	0	1	LastDelay	0.00397012	3970.12	1	1
93.5929	24	0	1	LastDelay	0	0	1	0
93.6283	30	0	1	LastDelay	0	0	1	0
93.752	37	0	1	LastDelay	0	0	1	0
93.8474	8	0	1	LastDelay	0	0	1	0
93.8827	5	0	1	LastDelay	0	0	1	0
93.891	28	0	1	LastDelay	0.00645218	6452.18	1	1
93.8993	39	0	1	LastDelay	0.00669649	6696.48	1	1
93.904	25	0	1	LastDelay	0	0	1	0
93.9196	18	0	1	LastDelay	0	0	1	0
93.9498	14	0	1	LastDelay	0.00688365	6883.65	1	1
93.9782	38	0	1	LastDelay	0	0	1	0
94.0386	19	0	1	LastDelay	0	0	1	0
94.0462	40	0	1	LastDelay	0.0039574	3957.4	1	1
94.0682	11	0	1	LastDelay	0	0	1	0
94.0728	17	0	1	LastDelay	0	0	1	0
94.1646	4	0	1	LastDelay	0.00333186	3331.86	1	1
94.1749	26	0	1	LastDelay	0.00183973	1839.73	1	1
94.1954	6	0	1	LastDelay	0	0	1	0
94.199	32	0	1	LastDelay	0	0	1	0
94.2136	2	0	1	LastDelay	0	0	1	0
94.2396	0	0	1	LastDelay	0	0	1	0
94.2485	12	0	1	LastDelay	0	0	1	0
94.262	31	0	1	LastDelay	0	0	1	0
94.2815	42	0	1	LastDelay	0	0	1	0
94.2973	23	0	1	LastDelay	0.00214963	2149.63	1	1
94.3386	10	0	1	LastDelay	0.0103519	10351.9	1	1
94.3675	9	0	1	LastDelay	0	0	1	0
94.3714	20	0	1	LastDelay	0.00333063	3330.63	1	1
94.3823	43	0	1	LastDelay	0.00697189	6971.89	1	1
94.4249	35	0	1	LastDelay	0.00124071	1240.71	1	1
94.4346	29	0	1	LastDelay	0.00284662	2846.62	1	1
94.5026	33	0	1	LastDelay	0.000266815	266.815	1	1
94.5338	45	0	1	LastDelay	0	0	1	0
94.5432	34	0	1	LastDelay	0	0	1	0
94.5962	24	0	1	LastDelay	0.00333026	3330.26	1	1
94.6298	30	0	1	LastDelay	0.00148797	1487.97	1	1
94.8846	28	0	1	LastDelay	0	0	1	0
94.8926	39	0	1	LastDelay	0	0	1	0
94.9088	25	0	1	LastDelay	0.00476354	4763.54	1	1
94.9226	18	0	1	LastDelay	0.00300402	3004.02	1	1
94.9429	14	0	1	LastDelay	0	0	1	0
94.9815	38	0	1	LastDelay	0.00333045	3330.45	1	1
94.9922	36	0	1	LastDelay	0.00249175	2491.75	1	1
95.0219	27	0	1	LastDelay	0.00138414	1384.14	1	1
95.0423	40	0	1	LastDelay	0	0	1	0
95.068	16	0	1	LastDelay	0.000407361	407.361	1	1
95.0776	11	0	1	LastDelay	0.00945826	9458.26	1	1
95.0807	17	0	1	LastDelay	0.00789524	7895.24	1	1
95.1612	4	0	1	LastDelay	0	0	1	0
95.173	26	0	1	LastDelay	0	0	1	0
95.1993	32	0	1	LastDelay	0.000302193	302.193	1	1
95.1993	6	0	1	LastDelay	0.00394666	3946.66	1	1
95.2479	0	0	1	LastDelay	0.00828323	8283.23	1	1
95.2552	12	0	1	LastDelay	0.00673011	6730.11	1	1
95.2648	31	0	1	LastDelay	0.00280482	2804.82	1	1
95.2938	21	0	1	LastDelay	0.00116436	1164.36	1	1
95.2952	23	0	1	LastDelay	0	0	1	0
95.3283	10	0	1	LastDelay	0	0	1	0
95.3338	15	0	1	LastDelay	0.00368822	3688.22	1	1
95.3681	20	0	1	LastDelay	0	0	1	0
95.3753	43	0	1	LastDelay	0	0	1	0
95.4237	35	0	1	LastDelay	0	0	1	0
95.4318	29	0	1	LastDelay	0	0	1	0
95.5023	33	0	1	LastDelay	0	0	1	0
95.5929	24	0	1	LastDelay	0	0	1	0
95.6283	30	0	1	LastDelay	0	0	1	0
95.8891	28	0	1	LastDelay	0.0045092	4509.2	1	1
95.8891	5	0	1	LastDelay	0.00642637	6426.37	1	1
95.8994	39	0	1	LastDelay	0.00678382	6783.82	1	1
95.904	25	0	1	LastDelay	0	0	1	0
95.9196	18	0	1	LastDelay	0	0	1	0
95.9455	14	0	1	LastDelay	0.00256745	2567.45	1	1
95.9782	38	0	1	LastDelay	0	0	1	0
95.9897	36	0	1	LastDelay	0	0	1	0
96.0205	27	0	1	LastDelay	0	0	1	0
96.0434	40	0	1	LastDelay	0.00115101	1151.01	1	1
96.0676	16	0	1	LastDelay	0	0	1	0
96.0682	11	0	1	LastDelay	0	0	1	0
96.0728	17	0	1	LastDelay	0	0	1	0
96.1954	6	0	1	LastDelay	0	0	1	0
96.199	32	0	1	LastDelay	0	0	1	0
96.2396	0	0	1	LastDelay	0	0	1	0
96.2485	12	0	1	LastDelay	0	0	1	0
96.262	31	0	1	LastDelay	0	0	1	0
96.2926	21	0	1	LastDelay	0	0	1	0
96.3302	15	0	1	LastDelay	0	0	1	0
96.4256	35	0	1	LastDelay	0.00191728	1917.28	1	1
96.5031	33	0	1	LastDelay	0.00076463	764.63	1	1
96.5438	34	0	1	LastDelay	0.000546897	546.897	1	1
96.7553	37	0	1	LastDelay	0.0033307	3330.7	1	1
96.8827	5	0	1	LastDelay	0	0	1	0
96.8846	28	0	1	LastDelay	0	0	1	0
96.8926	39	0	1	LastDelay	0	0	1	0
96.9074	25	0	1	LastDelay	0.00333016	3330.16	1	1
96.9231	18	0	1	LastDelay	0.00344601	3446.01	1	1
96.9429	14	0	1	LastDelay	0	0	1	0
96.9966	36	0	1	LastDelay	0.00684392	6843.92	1	1
97.0423	40	0	1	LastDelay	0	0	1	0
97.0709	11	0	1	LastDelay	0.00275149	2751.49	1	1
97.0785	17	0	1	LastDelay	0.00569916	5699.16	1	1
97.1764	26	0	1	LastDelay	0.00333014	3330.14	1	1
97.197	6	0	1	LastDelay	0.00160443	1604.43	1	1
97.202	32	0	1	LastDelay	0.00293338	2933.38	1	1
97.2489	12	0	1	LastDelay	0.000404765	404.765	1	1
97.2641	31	0	1	LastDelay	0.00210023	2100.24	1	1
97.2982	23	0	1	LastDelay	0.00303553	3035.53	1	1
97.2982	21	0	1	LastDelay	0.00560407	5604.07	1	1
97.3343	15	0	1	LastDelay	0.00413559	4135.59	1	1
97.3703	20	0	1	LastDelay	0.00219287	2192.87	1	1
97.4177	22	0	1	LastDelay	0.0033318	3331.8	1	1
97.4237	35	0	1	LastDelay	0	0	1	0
97.4332	29	0	1	LastDelay	0.00144724	1447.24	1	1
97.5023	33	0	1	LastDelay	0	0	1	0
97.5198	41	0	1	LastDelay	0.0219936	21993.6	1	1
97.5367	45	0	1	LastDelay	0.00296587	2965.87	1	1
97.5432	34	0	1	LastDelay	0	0	1	0
97.5994	24	0	1	LastDelay	0.00645137	6451.38	1	1
97.6284	30	0	1	LastDelay	0.000156732	156.732	1	1
97.752	37	0	1	LastDelay	0	0	1	0
97.886	28	0	1	LastDelay	0.00141456	1414.56	1	1
97.886	5	0	1	LastDelay	0.00333174	3331.74	1	1
97.8954	39	0	1	LastDelay	0.0027569	2756.9	1	1
97.904	25	0	1	LastDelay	0	0	1	0
97.9196	18	0	1	LastDelay	0	0	1	0
97.944	14	0	1	LastDelay	0.00104744	1047.44	1	1
97.9854	38	0	1	LastDelay	0.00719938	7199.38	1	1
97.9897	36	0	1	LastDelay	0	0	1	0
98.0264	27	0	1	LastDelay	0.00589021	5890.21	1	1
98.0427	40	0	1	LastDelay	0.000438873	438.873	1	1
98.0682	11	0	1	LastDelay	0	0	1	0
98.0715	16	0	1	LastDelay	0.00387353	3873.53	1	1
98.0728	17	0	1	LastDelay	0	0	1	0
98.173	26	0	1	LastDelay	0	0	1	0
98.1954	6	0	1	LastDelay	0	0	1	0
98.199	32	0	1	LastDelay	0	0	1	0
98.2169	2	0	1	LastDelay	0.00336945	3369.45	1	1
98.2485	12	0	1	LastDelay	0	0	1	0
98.262	31	0	1	LastDelay	0	0	1	0
98.2899	1	0	1	LastDelay	0.00394259	3942.59	1	1
98.2926	21	0	1	LastDelay	0	0	1	0
98.2952	23	0	1	LastDelay	0	0	1	0
98.3302	15	0	1	LastDelay	0	0	1	0
98.3316	10	0	1	LastDelay	0.00333002	3330.02	1	1
98.3681	20	0	1	LastDelay	0	0	1	0
98.3787	43	0	1	LastDelay	0.00336993	3369.93	1	1
98.4143	22	0	1	LastDelay	0	0	1	0
98.4318	29	0	1	LastDelay	0	0	1	0
98.4979	41	0	1	LastDelay	0	0	1	0
98.5056	33	0	1	LastDelay	0.00333036	3330.36	1	1
98.5338	45	0	1	LastDelay	0	0	1	0
98.5929	24	0	1	LastDelay	0	0	1	0
98.6283	30	0	1	LastDelay	0	0	1	0
98.7646	37	0	1	LastDelay	0.0126186	12618.6	1	1
98.8827	5	0	1	LastDelay	0	0	1	0
98.8846	28	0	1	LastDelay	0	0	1	0
98.8926	39	0	1	LastDelay	0	0	1	0
98.9074	25	0	1	LastDelay	0.0033303	3330.3	1	1
98.9201	18	0	1	LastDelay	0.000446882	446.882	1	1
98.9429	14	0	1	LastDelay	0	0	1	0
98.9782	38	0	1	LastDelay	0	0	1	0
99.0205	27	0	1	LastDelay	0	0	1	0
99.0423	40	0	1	LastDelay	0	0	1	0
99.0676	16	0	1	LastDelay	0	0	1	0
99.0756	17	0	1	LastDelay	0.00281146	2811.47	1	1
99.1646	4	0	1	LastDelay	0.00342122	3421.22	1	1
99.1764	26	0	1	LastDelay	0.00334313	3343.13	1	1
99.2039	32	0	1	LastDelay	0.00483679	4836.79	1	1
99.2136	2	0	1	LastDelay	0	0	1	0
99.264	31	0	1	LastDelay	0.00197058	1970.58	1	1
99.2859	1	0	1	LastDelay	0	0	1	0
99.3	21	0	1	LastDelay	0.00744384	7443.84	1	1
99.3031	23	0	1	LastDelay	0.00797046	7970.46	1	1
99.3283	10	0	1	LastDelay	0	0	1	0
99.3304	15	0	1	LastDelay	0.000229304	229.304	1	1
99.3753	43	0	1	LastDelay	0	0	1	0
99.4177	22	0	1	LastDelay	0.0033709	3370.9	1	1
99.4367	29	0	1	LastDelay	0.00490886	4908.86	1	1
99.5012	41	0	1	LastDelay	0.00333123	3331.23	1	1
99.5023	33	0	1	LastDelay	0	0	1	0
99.5444	34	0	1	LastDelay	0.00123082	1230.82	1	1
99.5997	24	0	1	LastDelay	0.00676921	6769.21	1	1
99.6295	30	0	1	LastDelay	0.00119946	1199.46	1	1
99.752	37	0	1	LastDelay	0	0	1	0
99.8939	28	0	1	LastDelay	0.00931766	9317.66	1	1
99.8974	39	0	1	LastDelay	0.00475191	4751.91	1	1
99.904	25	0	1	LastDelay	0	0	1	0
99.9196	18	0	1	LastDelay	0	0	1	0
99.9463	14	0	1	LastDelay	0.00333018	3330.18	1	1
99.993	36	0	1	LastDelay	0.00324058	3240.58	1	1
