Time	Node	AppId	SeqNo	Type	DelayS	DelayUS	RetxCount	HopCount
16.217	3	0	1	LastDelay	0.967975	967975	1	1
16.217	2	0	1	LastDelay	0.00346308	3463.08	1	1
16.249	3	0	1	LastDelay	0	0	1	0
17.2136	2	0	1	LastDelay	0	0	1	0
17.2524	3	0	1	LastDelay	0.00338483	3384.83	1	1
17.2894	1	0	1	LastDelay	0.00345024	3450.24	1	1
18.2169	2	0	1	LastDelay	0.00333323	3333.23	1	1
18.249	3	0	1	LastDelay	0	0	1	0
18.2859	1	0	1	LastDelay	0	0	1	0
19.2136	2	0	1	LastDelay	0	0	1	0
19.2433	0	0	1	LastDelay	0.00368954	3689.54	1	1
20.2396	0	0	1	LastDelay	0	0	1	0
21.2169	2	0	1	LastDelay	0.00333207	3332.07	1	1
21.2434	0	0	1	LastDelay	0.00371583	3715.83	1	1
21.2524	3	0	1	LastDelay	0.00331919	3319.19	1	1
21.2892	1	0	1	LastDelay	0.00330639	3306.39	1	1
22.1646	4	0	1	LastDelay	0.00334629	3346.29	1	1
22.2136	2	0	1	LastDelay	0	0	1	0
22.2396	0	0	1	LastDelay	0	0	1	0
22.249	3	0	1	LastDelay	0	0	1	0
22.2859	1	0	1	LastDelay	0	0	1	0
22.8864	5	0	1	LastDelay	0.00377997	3779.97	1	1
23.1612	4	0	1	LastDelay	0	0	1	0
23.243	0	0	1	LastDelay	0.00338446	3384.46	1	1
23.2524	3	0	1	LastDelay	0.00330676	3306.76	1	1
23.2893	1	0	1	LastDelay	0.00335868	3358.68	1	1
23.8507	8	0	1	LastDelay	0.00330678	3306.78	1	1
23.8827	5	0	1	LastDelay	0	0	1	0
24.1645	4	0	1	LastDelay	0.00330692	3306.92	1	1
24.2028	32	0	1	LastDelay	0.00380895	3808.95	1	1
24.2169	2	0	1	LastDelay	0.00330688	3306.88	1	1
24.2396	0	0	1	LastDelay	0	0	1	0
24.2476	44	0	1	LastDelay	0.003345	3345	1	1
24.249	3	0	1	LastDelay	0	0	1	0
24.2859	1	0	1	LastDelay	0	0	1	0
24.3712	9	0	1	LastDelay	0.00374174	3741.74	1	1
24.8474	8	0	1	LastDelay	0	0	1	0
24.886	5	0	1	LastDelay	0.0033714	3371.4	1	1
24.9463	14	0	1	LastDelay	0.003306	3306	1	1
25.1612	4	0	1	LastDelay	0	0	1	0
25.1764	26	0	1	LastDelay	0.003319	3319	1	1
25.199	32	0	1	LastDelay	0	0	1	0
25.2136	2	0	1	LastDelay	0	0	1	0
25.2434	0	0	1	LastDelay	0.00371505	3715.05	1	1
25.2443	44	0	1	LastDelay	0	0	1	0
25.3675	9	0	1	LastDelay	0	0	1	0
25.8827	5	0	1	LastDelay	0	0	1	0
25.9429	14	0	1	LastDelay	0	0	1	0
25.9815	38	0	1	LastDelay	0.003319	3319	1	1
26.173	26	0	1	LastDelay	0	0	1	0
26.2396	0	0	1	LastDelay	0	0	1	0
26.9782	38	0	1	LastDelay	0	0	1	0
27.886	5	0	1	LastDelay	0.00330647	3306.47	1	1
28.8827	5	0	1	LastDelay	0	0	1	0
29.8513	8	0	1	LastDelay	0.00386054	3860.54	1	1
29.8513	7	0	1	LastDelay	0.601248	601248	1	1
29.886	5	0	1	LastDelay	0.00334526	3345.26	1	1
30.1645	4	0	1	LastDelay	0.00331941	3319.41	1	1
30.243	0	0	1	LastDelay	0.00333204	3332.04	1	1
30.25	7	0	1	LastDelay	0	0	1	0
30.3708	9	0	1	LastDelay	0.00334594	3345.94	1	1
30.8474	8	0	1	LastDelay	0	0	1	0
30.8827	5	0	1	LastDelay	0	0	1	0
31.1612	4	0	1	LastDelay	0	0	1	0
31.1991	6	0	1	LastDelay	0.00367643	3676.43	1	1
31.2396	0	0	1	LastDelay	0	0	1	0
31.2535	7	0	1	LastDelay	0.00342599	3425.99	1	1
31.2893	1	0	1	LastDelay	0.00331931	3319.31	1	1
31.3675	9	0	1	LastDelay	0	0	1	0
31.8508	8	0	1	LastDelay	0.00335807	3358.07	1	1
31.886	5	0	1	LastDelay	0.00330621	3306.21	1	1
32.1646	4	0	1	LastDelay	0.00337193	3371.93	1	1
32.1954	6	0	1	LastDelay	0	0	1	0
32.2429	0	0	1	LastDelay	0.00330619	3306.19	1	1
32.25	7	0	1	LastDelay	0	0	1	0
32.2859	1	0	1	LastDelay	0	0	1	0
32.3713	9	0	1	LastDelay	0.00384837	3848.37	1	1
32.8474	8	0	1	LastDelay	0	0	1	0
32.8827	5	0	1	LastDelay	0	0	1	0
33.1612	4	0	1	LastDelay	0	0	1	0
33.1987	6	0	1	LastDelay	0.00333273	3332.73	1	1
33.2396	0	0	1	LastDelay	0	0	1	0
33.2536	7	0	1	LastDelay	0.00354552	3545.52	1	1
33.2893	1	0	1	LastDelay	0.00331913	3319.13	1	1
33.3316	10	0	1	LastDelay	0.00330648	3306.48	1	1
33.3675	9	0	1	LastDelay	0	0	1	0
33.886	5	0	1	LastDelay	0.00330667	3306.67	1	1
34.1954	6	0	1	LastDelay	0	0	1	0
34.243	0	0	1	LastDelay	0.00331989	3319.89	1	1
34.25	7	0	1	LastDelay	0	0	1	0
34.2859	1	0	1	LastDelay	0	0	1	0
34.3283	10	0	1	LastDelay	0	0	1	0
34.3739	9	0	1	LastDelay	0.00645554	6455.54	1	1
34.8544	8	0	1	LastDelay	0.00695551	6955.51	1	1
34.8827	5	0	1	LastDelay	0	0	1	0
35.1645	4	0	1	LastDelay	0.00332001	3320.01	1	1
35.2396	0	0	1	LastDelay	0	0	1	0
35.2533	7	0	1	LastDelay	0.00330643	3306.43	1	1
35.2892	1	0	1	LastDelay	0.00330686	3306.86	1	1
35.335	15	0	1	LastDelay	0.00483897	4838.97	1	1
35.3675	9	0	1	LastDelay	0	0	1	0
35.8474	8	0	1	LastDelay	0	0	1	0
36.1612	4	0	1	LastDelay	0	0	1	0
36.243	0	0	1	LastDelay	0.00335821	3358.21	1	1
36.25	7	0	1	LastDelay	0	0	1	0
36.2859	1	0	1	LastDelay	0	0	1	0
36.3302	15	0	1	LastDelay	0	0	1	0
37.1987	6	0	1	LastDelay	0.00330616	3306.16	1	1
37.2396	0	0	1	LastDelay	0	0	1	0
38.1954	6	0	1	LastDelay	0	0	1	0
38.2892	1	0	1	LastDelay	0.00330613	3306.13	1	1
39.0715	11	0	1	LastDelay	0.00333283	3332.83	1	1
39.251	7	0	1	LastDelay	0.00099296	992.96	1	1
39.258	12	0	1	LastDelay	0.0095853	9585.3	1	1
39.2859	1	0	1	LastDelay	0	0	1	0
39.886	5	0	1	LastDelay	0.00334515	3345.15	1	1
39.9506	14	0	1	LastDelay	0.00762099	7620.99	1	1
40.0682	11	0	1	LastDelay	0	0	1	0
40.0709	16	0	1	LastDelay	0.00330654	3306.54	1	1
40.2485	12	0	1	LastDelay	0	0	1	0
40.25	7	0	1	LastDelay	0	0	1	0
40.2893	1	0	1	LastDelay	0.00331912	3319.12	1	1
40.3355	15	0	1	LastDelay	0.00531447	5314.47	1	1
40.3713	9	0	1	LastDelay	0.00382243	3822.43	1	1
40.3713	20	0	1	LastDelay	0.003168	3168	1	1
40.4279	35	0	1	LastDelay	0.00425893	4258.93	1	1
40.547	34	0	1	LastDelay	0.00379295	3792.95	1	1
40.8827	5	0	1	LastDelay	0	0	1	0
40.923	18	0	1	LastDelay	0.00331908	3319.08	1	1
40.9429	14	0	1	LastDelay	0	0	1	0
40.9815	38	0	1	LastDelay	0.00330626	3306.26	1	1
41.0676	16	0	1	LastDelay	0	0	1	0
41.2023	32	0	1	LastDelay	0.003306	3306	1	1
41.2429	0	0	1	LastDelay	0.00330702	3307.02	1	1
41.2476	44	0	1	LastDelay	0.00335809	3358.09	1	1
41.251	3	0	1	LastDelay	0.00199308	1993.08	1	1
41.2848	42	0	1	LastDelay	0.0033061	3306.1	1	1
41.2859	1	0	1	LastDelay	0	0	1	0
41.3302	15	0	1	LastDelay	0	0	1	0
41.3675	9	0	1	LastDelay	0	0	1	0
41.3681	20	0	1	LastDelay	0	0	1	0
41.4176	22	0	1	LastDelay	0.003306	3306	1	1
41.4237	35	0	1	LastDelay	0	0	1	0
41.5432	34	0	1	LastDelay	0	0	1	0
41.9196	18	0	1	LastDelay	0	0	1	0
41.9782	38	0	1	LastDelay	0	0	1	0
42.1764	26	0	1	LastDelay	0.003345	3345	1	1
42.199	32	0	1	LastDelay	0	0	1	0
42.2396	0	0	1	LastDelay	0	0	1	0
42.2443	44	0	1	LastDelay	0	0	1	0
42.249	3	0	1	LastDelay	0	0	1	0
42.2815	42	0	1	LastDelay	0	0	1	0
42.3712	20	0	1	LastDelay	0.0030727	3072.7	1	1
42.4143	22	0	1	LastDelay	0	0	1	0
42.8871	15	0	1	LastDelay	0.55691	556910	1	1
42.8871	13	0	1	LastDelay	0.693202	693202	1	1
43.173	26	0	1	LastDelay	0	0	1	0
43.1939	13	0	1	LastDelay	0	0	1	0
43.2589	7	0	1	LastDelay	0.00884102	8841.02	1	1
43.2924	1	0	1	LastDelay	0.00651061	6510.61	1	1
43.3302	15	0	1	LastDelay	0	0	1	0
43.3316	10	0	1	LastDelay	0.00331907	3319.07	1	1
43.3681	20	0	1	LastDelay	0	0	1	0
43.9463	14	0	1	LastDelay	0.0033455	3345.5	1	1
44.0732	11	0	1	LastDelay	0.00503654	5036.54	1	1
44.1645	4	0	1	LastDelay	0.00330602	3306.02	1	1
44.1972	6	0	1	LastDelay	0.0018077	1807.7	1	1
44.1972	13	0	1	LastDelay	0.00333307	3333.07	1	1
44.2432	0	0	1	LastDelay	0.00360271	3602.71	1	1
44.25	7	0	1	LastDelay	0	0	1	0
44.2558	12	0	1	LastDelay	0.00734241	7342.41	1	1
44.2859	1	0	1	LastDelay	0	0	1	0
44.3283	10	0	1	LastDelay	0	0	1	0
44.9429	14	0	1	LastDelay	0	0	1	0
45.0682	11	0	1	LastDelay	0	0	1	0
45.1612	4	0	1	LastDelay	0	0	1	0
45.1939	13	0	1	LastDelay	0	0	1	0
45.1954	6	0	1	LastDelay	0	0	1	0
45.2396	0	0	1	LastDelay	0	0	1	0
45.2485	12	0	1	LastDelay	0	0	1	0
46.1972	13	0	1	LastDelay	0.00330645	3306.45	1	1
46.2486	12	0	1	LastDelay	0.000162858	162.858	1	1
46.3316	15	0	1	LastDelay	0.00142309	1423.09	1	1
46.3316	10	0	1	LastDelay	0.00330651	3306.51	1	1
46.886	5	0	1	LastDelay	0.00333215	3332.15	1	1
46.9493	14	0	1	LastDelay	0.00637778	6377.78	1	1
47.0709	11	0	1	LastDelay	0.00271394	2713.94	1	1
47.0709	16	0	1	LastDelay	0.0033071	3307.1	1	1
47.0826	17	0	1	LastDelay	0.00975144	9751.44	1	1
47.1646	4	0	1	LastDelay	0.00333228	3332.28	1	1
47.1939	13	0	1	LastDelay	0	0	1	0
47.1987	6	0	1	LastDelay	0.00333222	3332.22	1	1
47.2485	12	0	1	LastDelay	0	0	1	0
47.2528	7	0	1	LastDelay	0.00272645	2726.45	1	1
47.2888	1	0	1	LastDelay	0.00282694	2826.94	1	1
47.3283	10	0	1	LastDelay	0	0	1	0
47.3302	15	0	1	LastDelay	0	0	1	0
47.8827	5	0	1	LastDelay	0	0	1	0
47.9239	18	0	1	LastDelay	0.00426969	4269.69	1	1
47.9429	14	0	1	LastDelay	0	0	1	0
48.0676	16	0	1	LastDelay	0	0	1	0
48.0682	11	0	1	LastDelay	0	0	1	0
48.0728	17	0	1	LastDelay	0	0	1	0
48.1612	4	0	1	LastDelay	0	0	1	0
48.1954	6	0	1	LastDelay	0	0	1	0
48.1972	13	0	1	LastDelay	0.00331907	3319.07	1	1
48.25	7	0	1	LastDelay	0	0	1	0
48.2543	12	0	1	LastDelay	0.00584399	5843.99	1	1
48.2859	1	0	1	LastDelay	0	0	1	0
48.3316	10	0	1	LastDelay	0.00330608	3306.08	1	1
48.3316	15	0	1	LastDelay	0.0014227	1422.7	1	1
48.5963	24	0	1	LastDelay	0.00334587	3345.87	1	1
48.9196	18	0	1	LastDelay	0	0	1	0
48.9463	14	0	1	LastDelay	0.00330608	3306.08	1	1
48.993	36	0	1	LastDelay	0.003306	3306	1	1
49.0746	11	0	1	LastDelay	0.00647087	6470.86	1	1
49.0784	17	0	1	LastDelay	0.00559679	5596.79	1	1
49.1645	4	0	1	LastDelay	0.00330602	3306.02	1	1
49.1939	13	0	1	LastDelay	0	0	1	0
49.1987	6	0	1	LastDelay	0.00331917	3319.17	1	1
49.2485	12	0	1	LastDelay	0	0	1	0
49.2502	7	0	1	LastDelay	0.000133861	133.861	1	1
49.3283	10	0	1	LastDelay	0	0	1	0
49.3302	15	0	1	LastDelay	0	0	1	0
49.4184	22	0	1	LastDelay	0.0041127	4112.7	1	1
49.4345	29	0	1	LastDelay	0.00276215	2762.15	1	1
49.5465	34	0	1	LastDelay	0.0033065	3306.5	1	1
49.5929	24	0	1	LastDelay	0	0	1	0
49.6351	30	0	1	LastDelay	0.00684	6840	1	1
49.8911	28	0	1	LastDelay	0.00651	6510	1	1
49.9264	18	0	1	LastDelay	0.00674708	6747.08	1	1
49.9429	14	0	1	LastDelay	0	0	1	0
49.9897	36	0	1	LastDelay	0	0	1	0
50.0682	11	0	1	LastDelay	0	0	1	0
50.0709	16	0	1	LastDelay	0.00331932	3319.32	1	1
50.0728	17	0	1	LastDelay	0	0	1	0
50.1456	46	0	1	LastDelay	0.003332	3332	1	1
50.1612	4	0	1	LastDelay	0	0	1	0
50.1954	6	0	1	LastDelay	0	0	1	0
50.25	7	0	1	LastDelay	0	0	1	0
50.2988	23	0	1	LastDelay	0.00361575	3615.75	1	1
50.4143	22	0	1	LastDelay	0	0	1	0
50.427	35	0	1	LastDelay	0.003306	3306	1	1
50.4318	29	0	1	LastDelay	0	0	1	0
50.5432	34	0	1	LastDelay	0	0	1	0
50.6283	30	0	1	LastDelay	0	0	1	0
50.8846	28	0	1	LastDelay	0	0	1	0
50.887	15	0	1	LastDelay	0.556884	556884	1	1
50.9196	18	0	1	LastDelay	0	0	1	0
51.0461	40	0	1	LastDelay	0.003769	3769	1	1
51.0676	16	0	1	LastDelay	0	0	1	0
51.0756	17	0	1	LastDelay	0.00277484	2774.84	1	1
51.1422	46	0	1	LastDelay	0	0	1	0
51.1645	4	0	1	LastDelay	0.0033061	3306.1	1	1
51.1972	6	0	1	LastDelay	0.00178175	1781.75	1	1
51.243	0	0	1	LastDelay	0.00331912	3319.12	1	1
51.2551	12	0	1	LastDelay	0.00666597	6665.97	1	1
51.2551	7	0	1	LastDelay	0.00509548	5095.48	1	1
51.2897	1	0	1	LastDelay	0.00373975	3739.75	1	1
51.2952	23	0	1	LastDelay	0	0	1	0
51.3302	15	0	1	LastDelay	0	0	1	0
51.3316	10	0	1	LastDelay	0.0033061	3306.1	1	1
51.3481	21	0	1	LastDelay	0.0555198	55519.8	1	1
51.4237	35	0	1	LastDelay	0	0	1	0
51.6316	30	0	1	LastDelay	0.003306	3306	1	1
51.8892	5	0	1	LastDelay	0.00651135	6511.35	1	1
51.926	18	0	1	LastDelay	0.00639107	6391.07	1	1
51.9463	14	0	1	LastDelay	0.00331916	3319.16	1	1
52.0423	40	0	1	LastDelay	0	0	1	0
52.0709	16	0	1	LastDelay	0.00333241	3332.41	1	1
52.0709	11	0	1	LastDelay	0.00273968	2739.68	1	1
52.0728	17	0	1	LastDelay	0	0	1	0
52.1612	4	0	1	LastDelay	0	0	1	0
52.1954	6	0	1	LastDelay	0	0	1	0
52.2003	13	0	1	LastDelay	0.00643051	6430.51	1	1
52.2396	0	0	1	LastDelay	0	0	1	0
52.2485	12	0	1	LastDelay	0	0	1	0
52.25	7	0	1	LastDelay	0	0	1	0
52.2859	1	0	1	LastDelay	0	0	1	0
52.2926	21	0	1	LastDelay	0	0	1	0
52.3283	10	0	1	LastDelay	0	0	1	0
52.3763	20	0	1	LastDelay	0.00817769	8177.69	1	1
52.4329	29	0	1	LastDelay	0.0011195	1119.5	1	1
52.5012	41	0	1	LastDelay	0.003306	3306	1	1
52.6283	30	0	1	LastDelay	0	0	1	0
52.8827	5	0	1	LastDelay	0	0	1	0
52.9196	18	0	1	LastDelay	0	0	1	0
52.9429	14	0	1	LastDelay	0	0	1	0
52.993	36	0	1	LastDelay	0.003332	3332	1	1
53.0676	16	0	1	LastDelay	0	0	1	0
53.0682	11	0	1	LastDelay	0	0	1	0
53.1939	13	0	1	LastDelay	0	0	1	0
53.2848	42	0	1	LastDelay	0.003306	3306	1	1
53.296	21	0	1	LastDelay	0.00337207	3372.07	1	1
53.3323	15	0	1	LastDelay	0.00212186	2121.86	1	1
53.3681	20	0	1	LastDelay	0	0	1	0
53.4253	35	0	1	LastDelay	0.0016205	1620.5	1	1
53.4318	29	0	1	LastDelay	0	0	1	0
53.4979	41	0	1	LastDelay	0	0	1	0
53.9897	36	0	1	LastDelay	0	0	1	0
54.0712	11	0	1	LastDelay	0.00305645	3056.45	1	1
54.1455	46	0	1	LastDelay	0.003319	3319	1	1
54.2536	12	0	1	LastDelay	0.00513298	5132.98	1	1
54.2815	42	0	1	LastDelay	0	0	1	0
54.2926	21	0	1	LastDelay	0	0	1	0
54.2985	23	0	1	LastDelay	0.00330672	3306.72	1	1
54.3302	15	0	1	LastDelay	0	0	1	0
54.3718	20	0	1	LastDelay	0.00371034	3710.34	1	1
54.4237	35	0	1	LastDelay	0	0	1	0
54.9463	14	0	1	LastDelay	0.00330608	3306.08	1	1
55.0682	11	0	1	LastDelay	0	0	1	0
55.0781	17	0	1	LastDelay	0.00525447	5254.47	1	1
55.1422	46	0	1	LastDelay	0	0	1	0
55.1649	19	0	1	LastDelay	0.126231	126231	1	1
55.243	0	0	1	LastDelay	0.00333218	3332.18	1	1
55.2485	12	0	1	LastDelay	0	0	1	0
55.2605	7	0	1	LastDelay	0.0105155	10515.5	1	1
55.2848	42	0	1	LastDelay	0.00330686	3306.86	1	1
55.2887	1	0	1	LastDelay	0.00275044	2750.44	1	1
55.2952	23	0	1	LastDelay	0	0	1	0
55.3426	15	0	1	LastDelay	0.012458	12458	1	1
55.3681	20	0	1	LastDelay	0	0	1	0
55.4243	35	0	1	LastDelay	0.000613427	613.427	1	1
55.432	29	0	1	LastDelay	0.000226628	226.628	1	1
55.5465	34	0	1	LastDelay	0.003306	3306	1	1
55.9429	14	0	1	LastDelay	0	0	1	0
56.0386	19	0	1	LastDelay	0	0	1	0
56.0456	40	0	1	LastDelay	0.003306	3306	1	1
56.0728	17	0	1	LastDelay	0	0	1	0
56.1488	46	0	1	LastDelay	0.006523	6523	1	1
56.2396	0	0	1	LastDelay	0	0	1	0
56.25	7	0	1	LastDelay	0	0	1	0
56.2815	42	0	1	LastDelay	0	0	1	0
56.2859	1	0	1	LastDelay	0	0	1	0
56.2963	21	0	1	LastDelay	0.00366274	3662.74	1	1
56.3302	15	0	1	LastDelay	0	0	1	0
56.4237	35	0	1	LastDelay	0	0	1	0
56.4318	29	0	1	LastDelay	0	0	1	0
56.5432	34	0	1	LastDelay	0	0	1	0
56.5962	24	0	1	LastDelay	0.00330619	3306.19	1	1
56.6316	30	0	1	LastDelay	0.003306	3306	1	1
56.993	36	0	1	LastDelay	0.003306	3306	1	1
57.0423	40	0	1	LastDelay	0	0	1	0
57.072	11	0	1	LastDelay	0.00385974	3859.74	1	1
57.1422	46	0	1	LastDelay	0	0	1	0
57.2506	12	0	1	LastDelay	0.00209974	2099.74	1	1
57.2534	7	0	1	LastDelay	0.0033636	3363.6	1	1
57.2916	1	0	1	LastDelay	0.00570115	5701.15	1	1
57.2926	21	0	1	LastDelay	0	0	1	0
57.2961	23	0	1	LastDelay	0.000947846	947.846	1	1
57.3319	15	0	1	LastDelay	0.0017664	1766.4	1	1
57.3714	20	0	1	LastDelay	0.00331942	3319.42	1	1
57.421	22	0	1	LastDelay	0.00672139	6721.39	1	1
57.4252	35	0	1	LastDelay	0.00150044	1500.44	1	1
57.4324	29	0	1	LastDelay	0.000650136	650.136	1	1
57.5012	41	0	1	LastDelay	0.00334526	3345.26	1	1
57.5465	34	0	1	LastDelay	0.003306	3306	1	1
57.5929	24	0	1	LastDelay	0	0	1	0
57.6283	30	0	1	LastDelay	0	0	1	0
57.8879	28	0	1	LastDelay	0.0033191	3319.1	1	1
57.9466	14	0	1	LastDelay	0.00364938	3649.38	1	1
57.9897	36	0	1	LastDelay	0	0	1	0
58.045	19	0	1	LastDelay	0.00640375	6403.75	1	1
58.0456	40	0	1	LastDelay	0.003306	3306	1	1
58.0682	11	0	1	LastDelay	0	0	1	0
58.0809	17	0	1	LastDelay	0.00801985	8019.85	1	1
58.1455	46	0	1	LastDelay	0.003319	3319	1	1
58.1645	4	0	1	LastDelay	0.00330616	3306.16	1	1
58.1972	13	0	1	LastDelay	0.00330612	3306.12	1	1
58.1987	6	0	1	LastDelay	0.00330632	3306.32	1	1
58.2429	0	0	1	LastDelay	0.0033061	3306.1	1	1
58.2485	12	0	1	LastDelay	0	0	1	0
58.25	7	0	1	LastDelay	0	0	1	0
58.2848	42	0	1	LastDelay	0.00330612	3306.12	1	1
58.2859	1	0	1	LastDelay	0	0	1	0
58.2952	23	0	1	LastDelay	0	0	1	0
58.296	21	0	1	LastDelay	0.00337135	3371.35	1	1
58.3302	15	0	1	LastDelay	0	0	1	0
58.3316	10	0	1	LastDelay	0.00330602	3306.02	1	1
58.3681	20	0	1	LastDelay	0	0	1	0
58.4143	22	0	1	LastDelay	0	0	1	0
58.4237	35	0	1	LastDelay	0	0	1	0
58.4318	29	0	1	LastDelay	0	0	1	0
58.4979	41	0	1	LastDelay	0	0	1	0
58.5432	34	0	1	LastDelay	0	0	1	0
58.5962	24	0	1	LastDelay	0.0033062	3306.2	1	1
58.8846	28	0	1	LastDelay	0	0	1	0
58.886	5	0	1	LastDelay	0.00330606	3306.06	1	1
58.926	18	0	1	LastDelay	0.0063905	6390.5	1	1
58.9429	14	0	1	LastDelay	0	0	1	0
59.0386	19	0	1	LastDelay	0	0	1	0
59.0423	40	0	1	LastDelay	0	0	1	0
59.0709	16	0	1	LastDelay	0.00330605	3306.05	1	1
59.0709	11	0	1	LastDelay	0.00271333	2713.33	1	1
59.0728	17	0	1	LastDelay	0	0	1	0
59.1422	46	0	1	LastDelay	0	0	1	0
59.1612	4	0	1	LastDelay	0	0	1	0
59.1939	13	0	1	LastDelay	0	0	1	0
59.1954	6	0	1	LastDelay	0	0	1	0
59.2396	0	0	1	LastDelay	0	0	1	0
59.2518	12	0	1	LastDelay	0.0033193	3319.3	1	1
59.2815	42	0	1	LastDelay	0	0	1	0
59.2926	21	0	1	LastDelay	0	0	1	0
59.3283	10	0	1	LastDelay	0	0	1	0
59.5929	24	0	1	LastDelay	0	0	1	0
59.8827	5	0	1	LastDelay	0	0	1	0
59.9196	18	0	1	LastDelay	0	0	1	0
60.0676	16	0	1	LastDelay	0	0	1	0
60.0682	11	0	1	LastDelay	0	0	1	0
60.2429	0	0	1	LastDelay	0.0033061	3306.1	1	1
60.2485	12	0	1	LastDelay	0	0	1	0
60.3323	15	0	1	LastDelay	0.00213475	2134.75	1	1
60.3715	20	0	1	LastDelay	0.00333209	3332.09	1	1
60.886	5	0	1	LastDelay	0.00330605	3306.05	1	1
60.9264	18	0	1	LastDelay	0.00674675	6746.75	1	1
61.042	19	0	1	LastDelay	0.00331906	3319.06	1	1
61.072	11	0	1	LastDelay	0.00378211	3782.11	1	1
61.075	17	0	1	LastDelay	0.00219499	2194.99	1	1
61.1645	4	0	1	LastDelay	0.00330615	3306.15	1	1
61.2396	0	0	1	LastDelay	0	0	1	0
61.2518	12	0	1	LastDelay	0.00331915	3319.15	1	1
61.2994	23	0	1	LastDelay	0.00417866	4178.66	1	1
61.3302	15	0	1	LastDelay	0	0	1	0
61.3316	10	0	1	LastDelay	0.00330614	3306.14	1	1
61.3681	20	0	1	LastDelay	0	0	1	0
61.8827	5	0	1	LastDelay	0	0	1	0
61.9196	18	0	1	LastDelay	0	0	1	0
61.9463	14	0	1	LastDelay	0.00330725	3307.25	1	1
62.0386	19	0	1	LastDelay	0	0	1	0
62.0682	11	0	1	LastDelay	0	0	1	0
62.0728	17	0	1	LastDelay	0	0	1	0
62.1612	4	0	1	LastDelay	0	0	1	0
62.199	6	0	1	LastDelay	0.00360438	3604.38	1	1
62.2429	0	0	1	LastDelay	0.00330703	3307.03	1	1
62.2485	12	0	1	LastDelay	0	0	1	0
62.2952	23	0	1	LastDelay	0	0	1	0
62.3283	10	0	1	LastDelay	0	0	1	0
62.3718	20	0	1	LastDelay	0.00364964	3649.64	1	1
62.4207	22	0	1	LastDelay	0.00641666	6416.66	1	1
62.9229	18	0	1	LastDelay	0.00330614	3306.14	1	1
62.9429	14	0	1	LastDelay	0	0	1	0
63.042	19	0	1	LastDelay	0.00333227	3332.27	1	1
63.0709	16	0	1	LastDelay	0.00330615	3306.15	1	1
63.0709	11	0	1	LastDelay	0.00271342	2713.42	1	1
63.0743	17	0	1	LastDelay	0.0014833	1483.3	1	1
63.1645	4	0	1	LastDelay	0.00330643	3306.43	1	1
63.1954	6	0	1	LastDelay	0	0	1	0
63.2396	0	0	1	LastDelay	0	0	1	0
63.2959	21	0	1	LastDelay	0.00330639	3306.39	1	1
63.2959	23	0	1	LastDelay	0.000738012	738.012	1	1
63.3284	10	0	1	LastDelay	0.000131228	131.228	1	1
63.338	15	0	1	LastDelay	0.00784342	7843.42	1	1
63.3681	20	0	1	LastDelay	0	0	1	0
63.4143	22	0	1	LastDelay	0	0	1	0
63.886	5	0	1	LastDelay	0.00330602	3306.02	1	1
63.9196	18	0	1	LastDelay	0	0	1	0
63.9463	14	0	1	LastDelay	0.00330622	3306.22	1	1
64.03	27	0	1	LastDelay	0.00948848	9488.48	1	1
64.0386	19	0	1	LastDelay	0	0	1	0
64.0676	16	0	1	LastDelay	0	0	1	0
64.0682	11	0	1	LastDelay	0	0	1	0
64.0728	17	0	1	LastDelay	0	0	1	0
64.1612	4	0	1	LastDelay	0	0	1	0
64.1987	6	0	1	LastDelay	0.0033191	3319.1	1	1
64.2525	12	0	1	LastDelay	0.00409007	4090.07	1	1
64.2926	21	0	1	LastDelay	0	0	1	0
64.2952	23	0	1	LastDelay	0	0	1	0
64.3283	10	0	1	LastDelay	0	0	1	0
64.3302	15	0	1	LastDelay	0	0	1	0
64.3714	20	0	1	LastDelay	0.00331907	3319.07	1	1
64.5056	33	0	1	LastDelay	0.00334631	3346.31	1	1
64.8827	5	0	1	LastDelay	0	0	1	0
64.9229	18	0	1	LastDelay	0.0033061	3306.1	1	1
64.9429	14	0	1	LastDelay	0	0	1	0
65.0205	27	0	1	LastDelay	0	0	1	0
65.0709	16	0	1	LastDelay	0.00330615	3306.15	1	1
65.0709	11	0	1	LastDelay	0.00271342	2713.42	1	1
65.074	17	0	1	LastDelay	0.00112628	1126.28	1	1
65.1817	26	0	1	LastDelay	0.00867573	8675.73	1	1
65.1954	6	0	1	LastDelay	0	0	1	0
65.243	0	0	1	LastDelay	0.00331905	3319.05	1	1
65.2485	12	0	1	LastDelay	0	0	1	0
65.3025	23	0	1	LastDelay	0.00735717	7357.17	1	1
65.3297	10	0	1	LastDelay	0.00141178	1411.78	1	1
65.3328	15	0	1	LastDelay	0.00261249	2612.49	1	1
65.3681	20	0	1	LastDelay	0	0	1	0
65.4176	22	0	1	LastDelay	0.00330621	3306.21	1	1
65.5023	33	0	1	LastDelay	0	0	1	0
65.886	5	0	1	LastDelay	0.00333215	3332.15	1	1
65.9196	18	0	1	LastDelay	0	0	1	0
66.0242	27	0	1	LastDelay	0.00374116	3741.16	1	1
66.0676	16	0	1	LastDelay	0	0	1	0
66.0682	11	0	1	LastDelay	0	0	1	0
66.0728	17	0	1	LastDelay	0	0	1	0
66.173	26	0	1	LastDelay	0	0	1	0
66.2396	0	0	1	LastDelay	0	0	1	0
66.2518	12	0	1	LastDelay	0.00330627	3306.27	1	1
66.2952	23	0	1	LastDelay	0	0	1	0
66.3283	10	0	1	LastDelay	0	0	1	0
66.3302	15	0	1	LastDelay	0	0	1	0
66.3714	20	0	1	LastDelay	0.00330607	3306.07	1	1
66.4143	22	0	1	LastDelay	0	0	1	0
66.8827	5	0	1	LastDelay	0	0	1	0
67.0205	27	0	1	LastDelay	0	0	1	0
67.0726	11	0	1	LastDelay	0.00446874	4468.74	1	1
67.0809	17	0	1	LastDelay	0.00803794	8037.94	1	1
67.1762	26	0	1	LastDelay	0.00320631	3206.31	1	1
67.2485	12	0	1	LastDelay	0	0	1	0
67.2959	21	0	1	LastDelay	0.00330708	3307.08	1	1
67.2959	23	0	1	LastDelay	0.000738631	738.631	1	1
67.3316	10	0	1	LastDelay	0.00330615	3306.15	1	1
67.3316	15	0	1	LastDelay	0.00142277	1422.77	1	1
67.3681	20	0	1	LastDelay	0	0	1	0
67.5973	24	0	1	LastDelay	0.00437552	4375.52	1	1
67.934	25	0	1	LastDelay	0.030017	30017	1	1
67.944	14	0	1	LastDelay	0.00101857	1018.57	1	1
68.0238	27	0	1	LastDelay	0.00334554	3345.53	1	1
68.0682	11	0	1	LastDelay	0	0	1	0
68.0728	17	0	1	LastDelay	0	0	1	0
68.173	26	0	1	LastDelay	0	0	1	0
68.1987	6	0	1	LastDelay	0.0033062	3306.2	1	1
68.246	0	0	1	LastDelay	0.00639047	6390.47	1	1
68.2558	12	0	1	LastDelay	0.0073856	7385.6	1	1
68.2926	21	0	1	LastDelay	0	0	1	0
68.2952	23	0	1	LastDelay	0	0	1	0
68.3283	10	0	1	LastDelay	0	0	1	0
68.3302	15	0	1	LastDelay	0	0	1	0
68.3714	20	0	1	LastDelay	0.00330616	3306.16	1	1
68.4352	29	0	1	LastDelay	0.00349465	3494.65	1	1
68.5929	24	0	1	LastDelay	0	0	1	0
68.886	5	0	1	LastDelay	0.00330605	3306.05	1	1
68.9008	28	0	1	LastDelay	0.016265	16265	1	1
68.904	25	0	1	LastDelay	0	0	1	0
68.9429	14	0	1	LastDelay	0	0	1	0
69.0205	27	0	1	LastDelay	0	0	1	0
69.0454	40	0	1	LastDelay	0.00307825	3078.25	1	1
69.0727	11	0	1	LastDelay	0.00449496	4494.95	1	1
69.0826	17	0	1	LastDelay	0.00976221	9762.21	1	1
69.1742	26	0	1	LastDelay	0.00112051	1120.51	1	1
69.1954	6	0	1	LastDelay	0	0	1	0
69.2396	0	0	1	LastDelay	0	0	1	0
69.2485	12	0	1	LastDelay	0	0	1	0
69.2896	1	0	1	LastDelay	0.00368512	3685.12	1	1
69.3065	21	0	1	LastDelay	0.0138578	13857.8	1	1
69.3326	15	0	1	LastDelay	0.00247983	2479.83	1	1
69.3681	20	0	1	LastDelay	0	0	1	0
69.4318	29	0	1	LastDelay	0	0	1	0
69.5962	24	0	1	LastDelay	0.00330709	3307.09	1	1
69.8827	5	0	1	LastDelay	0	0	1	0
69.8846	28	0	1	LastDelay	0	0	1	0
69.9073	25	0	1	LastDelay	0.00330687	3306.87	1	1
69.9248	18	0	1	LastDelay	0.00519184	5191.84	1	1
69.9462	14	0	1	LastDelay	0.00320755	3207.55	1	1
70.0238	27	0	1	LastDelay	0.00330649	3306.49	1	1
70.0423	40	0	1	LastDelay	0	0	1	0
70.0682	11	0	1	LastDelay	0	0	1	0
70.0728	17	0	1	LastDelay	0	0	1	0
70.173	26	0	1	LastDelay	0	0	1	0
70.246	0	0	1	LastDelay	0.0063774	6377.4	1	1
70.2491	12	0	1	LastDelay	0.000635881	635.881	1	1
70.2859	1	0	1	LastDelay	0	0	1	0
70.2926	21	0	1	LastDelay	0	0	1	0
70.3021	23	0	1	LastDelay	0.00687742	6877.42	1	1
70.3302	15	0	1	LastDelay	0	0	1	0
70.3316	10	0	1	LastDelay	0.0033061	3306.1	1	1
70.3714	20	0	1	LastDelay	0.00330615	3306.15	1	1
70.4176	22	0	1	LastDelay	0.0033061	3306.1	1	1
70.5929	24	0	1	LastDelay	0	0	1	0
70.886	5	0	1	LastDelay	0.00330615	3306.15	1	1
70.8959	28	0	1	LastDelay	0.0113156	11315.6	1	1
70.904	25	0	1	LastDelay	0	0	1	0
70.9196	18	0	1	LastDelay	0	0	1	0
70.9429	14	0	1	LastDelay	0	0	1	0
71.0205	27	0	1	LastDelay	0	0	1	0
71.0747	11	0	1	LastDelay	0.00651024	6510.24	1	1
71.0747	17	0	1	LastDelay	0.0018521	1852.1	1	1
71.1645	4	0	1	LastDelay	0.0033061	3306.1	1	1
71.1741	26	0	1	LastDelay	0.00106853	1068.53	1	1
71.1969	6	0	1	LastDelay	0.0015573	1557.3	1	1
71.2396	0	0	1	LastDelay	0	0	1	0
71.2485	12	0	1	LastDelay	0	0	1	0
71.2952	23	0	1	LastDelay	0	0	1	0
71.3283	10	0	1	LastDelay	0	0	1	0
71.3681	20	0	1	LastDelay	0	0	1	0
71.4143	22	0	1	LastDelay	0	0	1	0
71.5962	24	0	1	LastDelay	0.00331986	3319.86	1	1
71.8827	5	0	1	LastDelay	0	0	1	0
71.8846	28	0	1	LastDelay	0	0	1	0
71.9077	25	0	1	LastDelay	0.00370149	3701.49	1	1
71.9272	18	0	1	LastDelay	0.00758912	7589.12	1	1
71.9451	14	0	1	LastDelay	0.00214973	2149.73	1	1
72.0682	11	0	1	LastDelay	0	0	1	0
72.0728	17	0	1	LastDelay	0	0	1	0
72.1612	4	0	1	LastDelay	0	0	1	0
72.173	26	0	1	LastDelay	0	0	1	0
72.1954	6	0	1	LastDelay	0	0	1	0
72.2494	12	0	1	LastDelay	0.000979988	979.988	1	1
72.2966	23	0	1	LastDelay	0.00142396	1423.96	1	1
72.3316	15	0	1	LastDelay	0.0014227	1422.7	1	1
72.4448	29	0	1	LastDelay	0.0130626	13062.6	1	1
72.5929	24	0	1	LastDelay	0	0	1	0
72.6316	30	0	1	LastDelay	0.0033462	3346.2	1	1
72.886	28	0	1	LastDelay	0.00138935	1389.35	1	1
72.904	25	0	1	LastDelay	0	0	1	0
72.9196	18	0	1	LastDelay	0	0	1	0
72.9429	14	0	1	LastDelay	0	0	1	0
73.0792	17	0	1	LastDelay	0.0063998	6399.8	1	1
73.0792	11	0	1	LastDelay	0.011058	11058	1	1
73.1456	46	0	1	LastDelay	0.00334562	3345.62	1	1
73.1817	26	0	1	LastDelay	0.0086359	8635.9	1	1
73.1987	6	0	1	LastDelay	0.00331918	3319.18	1	1
73.2429	0	0	1	LastDelay	0.0033061	3306.1	1	1
73.2485	12	0	1	LastDelay	0	0	1	0
73.2864	1	0	1	LastDelay	0.00041595	415.95	1	1
73.2952	23	0	1	LastDelay	0	0	1	0
73.3302	15	0	1	LastDelay	0	0	1	0
73.4176	22	0	1	LastDelay	0.00330607	3306.07	1	1
73.4318	29	0	1	LastDelay	0	0	1	0
73.5012	41	0	1	LastDelay	0.003345	3345	1	1
73.5962	24	0	1	LastDelay	0.00331928	3319.28	1	1
73.6283	30	0	1	LastDelay	0	0	1	0
73.8846	28	0	1	LastDelay	0	0	1	0
73.9073	25	0	1	LastDelay	0.00330501	3305.01	1	1
73.922	18	0	1	LastDelay	0.00238619	2386.19	1	1
73.9432	14	0	1	LastDelay	0.000244916	244.916	1	1
73.993	36	0	1	LastDelay	0.003332	3332	1	1
74.0461	40	0	1	LastDelay	0.00384139	3841.39	1	1
74.0682	11	0	1	LastDelay	0	0	1	0
74.0728	17	0	1	LastDelay	0	0	1	0
74.1422	46	0	1	LastDelay	0	0	1	0
74.1645	4	0	1	LastDelay	0.00330611	3306.11	1	1
74.173	26	0	1	LastDelay	0	0	1	0
74.1954	6	0	1	LastDelay	0	0	1	0
74.2004	13	0	1	LastDelay	0.00652312	6523.12	1	1
74.2396	0	0	1	LastDelay	0	0	1	0
74.2518	12	0	1	LastDelay	0.0033061	3306.1	1	1
74.2848	42	0	1	LastDelay	0.003306	3306	1	1
74.2859	1	0	1	LastDelay	0	0	1	0
74.2959	21	0	1	LastDelay	0.00331914	3319.14	1	1
74.2959	23	0	1	LastDelay	0.000750768	750.768	1	1
74.3287	10	0	1	LastDelay	0.000408779	408.779	1	1
74.3328	15	0	1	LastDelay	0.00263908	2639.08	1	1
74.3721	20	0	1	LastDelay	0.00400422	4004.22	1	1
74.4143	22	0	1	LastDelay	0	0	1	0
74.427	35	0	1	LastDelay	0.00333214	3332.14	1	1
74.4508	29	0	1	LastDelay	0.0190503	19050.3	1	1
74.4979	41	0	1	LastDelay	0	0	1	0
74.5929	24	0	1	LastDelay	0	0	1	0
74.6316	30	0	1	LastDelay	0.00331981	3319.81	1	1
74.886	5	0	1	LastDelay	0.00331925	3319.25	1	1
74.886	28	0	1	LastDelay	0.00140222	1402.22	1	1
74.904	25	0	1	LastDelay	0	0	1	0
74.9196	18	0	1	LastDelay	0	0	1	0
74.9429	14	0	1	LastDelay	0	0	1	0
74.9897	36	0	1	LastDelay	0	0	1	0
75.0423	40	0	1	LastDelay	0	0	1	0
75.0709	16	0	1	LastDelay	0.00330602	3306.02	1	1
75.0709	11	0	1	LastDelay	0.00271328	2713.28	1	1
75.0839	17	0	1	LastDelay	0.0110261	11026.1	1	1
75.1455	46	0	1	LastDelay	0.00331988	3319.88	1	1
75.1612	4	0	1	LastDelay	0	0	1	0
75.1763	26	0	1	LastDelay	0.00330628	3306.28	1	1
75.1939	13	0	1	LastDelay	0	0	1	0
75.1958	6	0	1	LastDelay	0.000455801	455.801	1	1
75.2412	0	0	1	LastDelay	0.0015848	1584.8	1	1
75.2485	12	0	1	LastDelay	0	0	1	0
75.254	7	0	1	LastDelay	0.00399223	3992.23	1	1
75.2815	42	0	1	LastDelay	0	0	1	0
75.2926	21	0	1	LastDelay	0	0	1	0
75.2952	23	0	1	LastDelay	0	0	1	0
75.3283	10	0	1	LastDelay	0	0	1	0
75.3302	15	0	1	LastDelay	0	0	1	0
75.3681	20	0	1	LastDelay	0	0	1	0
75.4237	35	0	1	LastDelay	0	0	1	0
75.4318	29	0	1	LastDelay	0	0	1	0
75.5465	34	0	1	LastDelay	0.00331959	3319.59	1	1
75.5962	24	0	1	LastDelay	0.00330641	3306.41	1	1
75.6283	30	0	1	LastDelay	0	0	1	0
75.8827	5	0	1	LastDelay	0	0	1	0
75.8846	28	0	1	LastDelay	0	0	1	0
75.9453	14	0	1	LastDelay	0.00232422	2324.22	1	1
76.0435	40	0	1	LastDelay	0.00119919	1199.19	1	1
76.0676	16	0	1	LastDelay	0	0	1	0
76.0682	11	0	1	LastDelay	0	0	1	0
76.0728	17	0	1	LastDelay	0	0	1	0
76.1422	46	0	1	LastDelay	0	0	1	0
76.173	26	0	1	LastDelay	0	0	1	0
76.1954	6	0	1	LastDelay	0	0	1	0
76.2396	0	0	1	LastDelay	0	0	1	0
76.25	7	0	1	LastDelay	0	0	1	0
76.2883	1	0	1	LastDelay	0.00232545	2325.45	1	1
76.3018	23	0	1	LastDelay	0.00659311	6593.11	1	1
76.3403	15	0	1	LastDelay	0.0100972	10097.2	1	1
76.3716	20	0	1	LastDelay	0.00347385	3473.85	1	1
76.4176	22	0	1	LastDelay	0.00330621	3306.21	1	1
76.5432	34	0	1	LastDelay	0	0	1	0
76.5929	24	0	1	LastDelay	0	0	1	0
76.8935	28	0	1	LastDelay	0.00893043	8930.42	1	1
76.9151	25	0	1	LastDelay	0.0110624	11062.4	1	1
76.9429	14	0	1	LastDelay	0	0	1	0
76.993	36	0	1	LastDelay	0.00331901	3319.01	1	1
77.0423	40	0	1	LastDelay	0	0	1	0
77.0743	16	0	1	LastDelay	0.0067347	6734.7	1	1
77.0743	11	0	1	LastDelay	0.00614198	6141.98	1	1
77.0743	17	0	1	LastDelay	0.00148384	1483.84	1	1
77.1455	46	0	1	LastDelay	0.00330611	3306.11	1	1
77.1676	4	0	1	LastDelay	0.0063772	6377.2	1	1
77.178	26	0	1	LastDelay	0.00491856	4918.56	1	1
77.1989	13	0	1	LastDelay	0.0050103	5010.3	1	1
77.1989	6	0	1	LastDelay	0.00350834	3508.34	1	1
77.24	0	0	1	LastDelay	0.000309925	309.925	1	1
77.2492	12	0	1	LastDelay	0.000736532	736.532	1	1
77.2848	42	0	1	LastDelay	0.003306	3306	1	1
77.2859	1	0	1	LastDelay	0	0	1	0
77.2952	23	0	1	LastDelay	0	0	1	0
77.2959	21	0	1	LastDelay	0.00331943	3319.43	1	1
77.3302	15	0	1	LastDelay	0	0	1	0
77.3316	10	0	1	LastDelay	0.00331902	3319.02	1	1
77.3681	20	0	1	LastDelay	0	0	1	0
77.4143	22	0	1	LastDelay	0	0	1	0
77.427	35	0	1	LastDelay	0.00334527	3345.27	1	1
77.5012	41	0	1	LastDelay	0.003306	3306	1	1
77.5465	34	0	1	LastDelay	0.00330688	3306.88	1	1
77.5967	24	0	1	LastDelay	0.0037695	3769.5	1	1
77.6347	30	0	1	LastDelay	0.00643028	6430.27	1	1
77.8846	28	0	1	LastDelay	0	0	1	0
77.886	5	0	1	LastDelay	0.00330635	3306.35	1	1
77.904	25	0	1	LastDelay	0	0	1	0
77.926	18	0	1	LastDelay	0.00639031	6390.31	1	1
77.9452	14	0	1	LastDelay	0.00223961	2239.61	1	1
77.9897	36	0	1	LastDelay	0	0	1	0
78.0269	27	0	1	LastDelay	0.00637761	6377.61	1	1
78.047	19	0	1	LastDelay	0.00836306	8363.06	1	1
78.047	40	0	1	LastDelay	0.00471979	4719.79	1	1
78.0676	16	0	1	LastDelay	0	0	1	0
78.0682	11	0	1	LastDelay	0	0	1	0
78.0728	17	0	1	LastDelay	0	0	1	0
78.1422	46	0	1	LastDelay	0	0	1	0
78.1612	4	0	1	LastDelay	0	0	1	0
78.173	26	0	1	LastDelay	0	0	1	0
78.1939	13	0	1	LastDelay	0	0	1	0
78.1954	6	0	1	LastDelay	0	0	1	0
78.2396	0	0	1	LastDelay	0	0	1	0
78.2485	12	0	1	LastDelay	0	0	1	0
78.2815	42	0	1	LastDelay	0	0	1	0
78.2926	21	0	1	LastDelay	0	0	1	0
78.3283	10	0	1	LastDelay	0	0	1	0
78.3714	20	0	1	LastDelay	0.0033062	3306.2	1	1
78.4237	35	0	1	LastDelay	0	0	1	0
78.4412	29	0	1	LastDelay	0.00946178	9461.78	1	1
78.4979	41	0	1	LastDelay	0	0	1	0
78.5432	34	0	1	LastDelay	0	0	1	0
78.5929	24	0	1	LastDelay	0	0	1	0
78.6283	30	0	1	LastDelay	0	0	1	0
78.8827	5	0	1	LastDelay	0	0	1	0
78.9196	18	0	1	LastDelay	0	0	1	0
78.9429	14	0	1	LastDelay	0	0	1	0
79.0205	27	0	1	LastDelay	0	0	1	0
79.0386	19	0	1	LastDelay	0	0	1	0
79.0423	40	0	1	LastDelay	0	0	1	0
79.0712	11	0	1	LastDelay	0.00307073	3070.73	1	1
79.174	26	0	1	LastDelay	0.000941898	941.898	1	1
79.1998	32	0	1	LastDelay	0.000718568	718.568	1	1
79.2546	12	0	1	LastDelay	0.00615093	6150.94	1	1
79.2959	23	0	1	LastDelay	0.00073777	737.77	1	1
79.2959	21	0	1	LastDelay	0.00330625	3306.25	1	1
79.3326	10	0	1	LastDelay	0.00432754	4327.54	1	1
79.3326	15	0	1	LastDelay	0.00244417	2444.17	1	1
79.3681	20	0	1	LastDelay	0	0	1	0
79.4176	22	0	1	LastDelay	0.00330616	3306.16	1	1
79.4318	29	0	1	LastDelay	0	0	1	0
79.8863	28	0	1	LastDelay	0.0017452	1745.2	1	1
79.9199	18	0	1	LastDelay	0.00022112	221.12	1	1
79.9446	14	0	1	LastDelay	0.00167897	1678.97	1	1
80.0682	11	0	1	LastDelay	0	0	1	0
80.0801	17	0	1	LastDelay	0.00728234	7282.34	1	1
80.1645	4	0	1	LastDelay	0.0033194	3319.4	1	1
80.173	26	0	1	LastDelay	0	0	1	0
80.1987	6	0	1	LastDelay	0.00330607	3306.07	1	1
80.199	32	0	1	LastDelay	0	0	1	0
80.2462	0	0	1	LastDelay	0.00651038	6510.38	1	1
80.2485	12	0	1	LastDelay	0	0	1	0
80.2926	21	0	1	LastDelay	0	0	1	0
80.2952	23	0	1	LastDelay	0	0	1	0
80.3283	10	0	1	LastDelay	0	0	1	0
80.3302	15	0	1	LastDelay	0	0	1	0
80.4143	22	0	1	LastDelay	0	0	1	0
80.8846	28	0	1	LastDelay	0	0	1	0
80.9196	18	0	1	LastDelay	0	0	1	0
80.9429	14	0	1	LastDelay	0	0	1	0
81.0238	27	0	1	LastDelay	0.00330621	3306.21	1	1
81.0728	17	0	1	LastDelay	0	0	1	0
81.0743	11	0	1	LastDelay	0.00616656	6166.56	1	1
81.1612	4	0	1	LastDelay	0	0	1	0
81.1763	26	0	1	LastDelay	0.00330622	3306.22	1	1
81.1954	6	0	1	LastDelay	0	0	1	0
81.2396	0	0	1	LastDelay	0	0	1	0
81.3052	23	0	1	LastDelay	0.0100203	10020.3	1	1
81.3052	31	0	1	LastDelay	0.0431856	43185.6	1	1
81.3395	15	0	1	LastDelay	0.00932168	9321.68	1	1
81.4371	29	0	1	LastDelay	0.0053072	5307.2	1	1
81.8966	28	0	1	LastDelay	0.0120141	12014.1	1	1
81.9209	18	0	1	LastDelay	0.00125292	1252.92	1	1
81.9575	14	0	1	LastDelay	0.0145342	14534.2	1	1
82.0205	27	0	1	LastDelay	0	0	1	0
82.0682	11	0	1	LastDelay	0	0	1	0
82.0743	17	0	1	LastDelay	0.00147007	1470.07	1	1
82.1645	4	0	1	LastDelay	0.00331905	3319.05	1	1
82.173	26	0	1	LastDelay	0	0	1	0
82.1987	6	0	1	LastDelay	0.00330624	3306.24	1	1
82.2018	32	0	1	LastDelay	0.00273466	2734.66	1	1
82.256	12	0	1	LastDelay	0.00751723	7517.23	1	1
82.262	31	0	1	LastDelay	0	0	1	0
82.2952	23	0	1	LastDelay	0	0	1	0
82.3302	15	0	1	LastDelay	0	0	1	0
82.3348	10	0	1	LastDelay	0.00649723	6497.23	1	1
82.3714	20	0	1	LastDelay	0.0033062	3306.2	1	1
82.4318	29	0	1	LastDelay	0	0	1	0
82.8846	28	0	1	LastDelay	0	0	1	0
82.886	5	0	1	LastDelay	0.00330613	3306.13	1	1
82.9196	18	0	1	LastDelay	0	0	1	0
82.9429	14	0	1	LastDelay	0	0	1	0
83.0269	27	0	1	LastDelay	0.00639068	6390.68	1	1
83.0728	17	0	1	LastDelay	0	0	1	0
83.0774	11	0	1	LastDelay	0.00923791	9237.91	1	1
83.1612	4	0	1	LastDelay	0	0	1	0
83.1954	6	0	1	LastDelay	0	0	1	0
83.199	32	0	1	LastDelay	0	0	1	0
83.2485	12	0	1	LastDelay	0	0	1	0
83.2661	31	0	1	LastDelay	0.00411756	4117.56	1	1
83.2991	21	0	1	LastDelay	0.00649496	6494.96	1	1
83.2991	23	0	1	LastDelay	0.00392669	3926.69	1	1
83.3283	10	0	1	LastDelay	0	0	1	0
83.331	15	0	1	LastDelay	0.000871336	871.336	1	1
83.3681	20	0	1	LastDelay	0	0	1	0
83.4176	22	0	1	LastDelay	0.00330615	3306.15	1	1
83.4324	29	0	1	LastDelay	0.000620127	620.127	1	1
83.5465	34	0	1	LastDelay	0.00330725	3307.25	1	1
83.5962	24	0	1	LastDelay	0.00330605	3306.05	1	1
83.8827	5	0	1	LastDelay	0	0	1	0
83.923	18	0	1	LastDelay	0.00331936	3319.36	1	1
83.9445	14	0	1	LastDelay	0.00158469	1584.69	1	1
84.0205	27	0	1	LastDelay	0	0	1	0
84.0682	11	0	1	LastDelay	0	0	1	0
84.0743	16	0	1	LastDelay	0.00672051	6720.51	1	1
84.0743	17	0	1	LastDelay	0.00146963	1469.62	1	1
84.1645	4	0	1	LastDelay	0.00331917	3319.17	1	1
84.1741	26	0	1	LastDelay	0.00109532	1095.33	1	1
84.1967	6	0	1	LastDelay	0.00126628	1266.28	1	1
84.2033	32	0	1	LastDelay	0.00423788	4237.88	1	1
84.2457	0	0	1	LastDelay	0.00605399	6053.99	1	1
84.2491	12	0	1	LastDelay	0.000668402	668.402	1	1
84.262	31	0	1	LastDelay	0	0	1	0
84.2926	21	0	1	LastDelay	0	0	1	0
84.2952	23	0	1	LastDelay	0	0	1	0
84.3302	15	0	1	LastDelay	0	0	1	0
84.3316	10	0	1	LastDelay	0.0033062	3306.2	1	1
84.3714	20	0	1	LastDelay	0.00331916	3319.16	1	1
84.4143	22	0	1	LastDelay	0	0	1	0
84.4318	29	0	1	LastDelay	0	0	1	0
84.5432	34	0	1	LastDelay	0	0	1	0
84.5929	24	0	1	LastDelay	0	0	1	0
84.8894	28	0	1	LastDelay	0.0048038	4803.8	1	1
84.9196	18	0	1	LastDelay	0	0	1	0
84.9429	14	0	1	LastDelay	0	0	1	0
85.0676	16	0	1	LastDelay	0	0	1	0
85.0715	11	0	1	LastDelay	0.00331921	3319.21	1	1
85.0728	17	0	1	LastDelay	0	0	1	0
85.1612	4	0	1	LastDelay	0	0	1	0
85.173	26	0	1	LastDelay	0	0	1	0
85.1954	6	0	1	LastDelay	0	0	1	0
85.199	32	0	1	LastDelay	0	0	1	0
85.2396	0	0	1	LastDelay	0	0	1	0
85.2485	12	0	1	LastDelay	0	0	1	0
85.3024	23	0	1	LastDelay	0.00722302	7223.02	1	1
85.3283	10	0	1	LastDelay	0	0	1	0
85.3681	20	0	1	LastDelay	0	0	1	0
85.4176	22	0	1	LastDelay	0.00330614	3306.14	1	1
85.434	29	0	1	LastDelay	0.00227214	2272.14	1	1
85.5496	34	0	1	LastDelay	0.00637781	6377.81	1	1
85.8846	28	0	1	LastDelay	0	0	1	0
85.9229	18	0	1	LastDelay	0.00330606	3306.06	1	1
86.0238	27	0	1	LastDelay	0.0033069	3306.9	1	1
86.0682	11	0	1	LastDelay	0	0	1	0
86.0743	17	0	1	LastDelay	0.00149544	1495.44	1	1
86.1645	4	0	1	LastDelay	0.00331922	3319.22	1	1
86.1738	26	0	1	LastDelay	0.000764696	764.696	1	1
86.2091	6	0	1	LastDelay	0.0137087	13708.7	1	1
86.2091	32	0	1	LastDelay	0.0100647	10064.7	1	1
86.2491	12	0	1	LastDelay	0.000635954	635.954	1	1
86.2735	31	0	1	LastDelay	0.0114597	11459.7	1	1
86.2937	21	0	1	LastDelay	0.00112397	1123.97	1	1
86.2952	23	0	1	LastDelay	0	0	1	0
86.3316	10	0	1	LastDelay	0.0033062	3306.2	1	1
86.3316	15	0	1	LastDelay	0.00142283	1422.83	1	1
86.4143	22	0	1	LastDelay	0	0	1	0
86.4274	35	0	1	LastDelay	0.00368909	3689.09	1	1
86.4318	29	0	1	LastDelay	0	0	1	0
86.5056	33	0	1	LastDelay	0.00330639	3306.39	1	1
86.5432	34	0	1	LastDelay	0	0	1	0
86.5962	24	0	1	LastDelay	0.00330612	3306.12	1	1
86.6312	30	0	1	LastDelay	0.00294584	2945.84	1	1
86.886	5	0	1	LastDelay	0.00330609	3306.09	1	1
86.8954	28	0	1	LastDelay	0.0108138	10813.8	1	1
86.9196	18	0	1	LastDelay	0	0	1	0
86.9432	14	0	1	LastDelay	0.000251743	251.743	1	1
87.0205	27	0	1	LastDelay	0	0	1	0
87.0709	16	0	1	LastDelay	0.00330609	3306.09	1	1
87.0728	17	0	1	LastDelay	0	0	1	0
87.077	11	0	1	LastDelay	0.0088565	8856.5	1	1
87.1612	4	0	1	LastDelay	0	0	1	0
87.173	26	0	1	LastDelay	0	0	1	0
87.1954	6	0	1	LastDelay	0	0	1	0
87.199	32	0	1	LastDelay	0	0	1	0
87.2429	0	0	1	LastDelay	0.00330642	3306.42	1	1
87.2485	12	0	1	LastDelay	0	0	1	0
87.262	31	0	1	LastDelay	0	0	1	0
87.2926	21	0	1	LastDelay	0	0	1	0
87.3283	10	0	1	LastDelay	0	0	1	0
87.3302	15	0	1	LastDelay	0	0	1	0
87.3745	20	0	1	LastDelay	0.00637756	6377.56	1	1
87.4176	22	0	1	LastDelay	0.00330693	3306.93	1	1
87.4237	35	0	1	LastDelay	0	0	1	0
87.434	29	0	1	LastDelay	0.00228107	2281.07	1	1
87.5023	33	0	1	LastDelay	0	0	1	0
87.5929	24	0	1	LastDelay	0	0	1	0
87.6283	30	0	1	LastDelay	0	0	1	0
87.8827	5	0	1	LastDelay	0	0	1	0
87.8846	28	0	1	LastDelay	0	0	1	0
87.9429	14	0	1	LastDelay	0	0	1	0
88.0238	27	0	1	LastDelay	0.0033062	3306.2	1	1
88.0676	16	0	1	LastDelay	0	0	1	0
88.0682	11	0	1	LastDelay	0	0	1	0
88.0762	17	0	1	LastDelay	0.00331918	3319.18	1	1
88.1755	26	0	1	LastDelay	0.00245588	2455.88	1	1
88.2013	32	0	1	LastDelay	0.00230928	2309.28	1	1
88.2396	0	0	1	LastDelay	0	0	1	0
88.2666	31	0	1	LastDelay	0.00458396	4583.96	1	1
88.2963	23	0	1	LastDelay	0.00108124	1081.24	1	1
88.3312	15	0	1	LastDelay	0.00103476	1034.76	1	1
88.3312	10	0	1	LastDelay	0.00291852	2918.52	1	1
88.3681	20	0	1	LastDelay	0	0	1	0
88.4143	22	0	1	LastDelay	0	0	1	0
88.4318	29	0	1	LastDelay	0	0	1	0
88.8939	28	0	1	LastDelay	0.00932797	9327.97	1	1
88.947	14	0	1	LastDelay	0.00406029	4060.29	1	1
89.0205	27	0	1	LastDelay	0	0	1	0
89.0728	17	0	1	LastDelay	0	0	1	0
89.074	11	0	1	LastDelay	0.0057848	5784.8	1	1
89.074	16	0	1	LastDelay	0.00637777	6377.77	1	1
89.173	26	0	1	LastDelay	0	0	1	0
89.1947	37	0	1	LastDelay	0.442792	442792	1	1
89.1987	6	0	1	LastDelay	0.0033063	3306.3	1	1
89.199	32	0	1	LastDelay	0	0	1	0
89.2512	12	0	1	LastDelay	0.00273454	2734.54	1	1
89.262	31	0	1	LastDelay	0	0	1	0
89.2952	23	0	1	LastDelay	0	0	1	0
89.3283	10	0	1	LastDelay	0	0	1	0
89.3302	15	0	1	LastDelay	0	0	1	0
89.3786	43	0	1	LastDelay	0.00330722	3307.22	1	1
89.4505	29	0	1	LastDelay	0.0187795	18779.5	1	1
89.6316	30	0	1	LastDelay	0.00330666	3306.66	1	1
89.752	37	0	1	LastDelay	0	0	1	0
89.8846	28	0	1	LastDelay	0	0	1	0
89.9429	14	0	1	LastDelay	0	0	1	0
90.0676	16	0	1	LastDelay	0	0	1	0
90.0682	11	0	1	LastDelay	0	0	1	0
90.1954	6	0	1	LastDelay	0	0	1	0
90.2485	12	0	1	LastDelay	0	0	1	0
90.297	23	0	1	LastDelay	0.00179404	1794.04	1	1
90.333	15	0	1	LastDelay	0.00280891	2808.91	1	1
90.3753	43	0	1	LastDelay	0	0	1	0
90.4252	35	0	1	LastDelay	0.00148705	1487.05	1	1
90.4318	29	0	1	LastDelay	0	0	1	0
90.6283	30	0	1	LastDelay	0	0	1	0
90.8871	28	0	1	LastDelay	0.00252278	2522.78	1	1
90.8953	39	0	1	LastDelay	0.00274394	2743.94	1	1
91.0851	11	0	1	LastDelay	0.0168871	16887.1	1	1
91.0851	17	0	1	LastDelay	0.012229	12229	1	1
91.1755	26	0	1	LastDelay	0.00250844	2508.44	1	1
91.1961	6	0	1	LastDelay	0.000716963	716.963	1	1
91.2074	32	0	1	LastDelay	0.00832303	8323.03	1	1
91.2452	0	0	1	LastDelay	0.00556546	5565.46	1	1
91.2497	12	0	1	LastDelay	0.00121154	1211.54	1	1
91.2626	31	0	1	LastDelay	0.000628918	628.918	1	1
91.2932	21	0	1	LastDelay	0.000632399	632.399	1	1
91.2952	23	0	1	LastDelay	0	0	1	0
91.3302	15	0	1	LastDelay	0	0	1	0
91.3317	10	0	1	LastDelay	0.00343438	3434.38	1	1
91.3714	20	0	1	LastDelay	0.00330622	3306.22	1	1
91.4237	35	0	1	LastDelay	0	0	1	0
91.4344	29	0	1	LastDelay	0.00261102	2611.02	1	1
91.503	33	0	1	LastDelay	0.000687386	687.386	1	1
91.5962	24	0	1	LastDelay	0.00330641	3306.41	1	1
91.6322	30	0	1	LastDelay	0.00396393	3963.93	1	1
91.8846	28	0	1	LastDelay	0	0	1	0
91.8926	39	0	1	LastDelay	0	0	1	0
91.9292	18	0	1	LastDelay	0.00956933	9569.33	1	1
91.9453	14	0	1	LastDelay	0.00234933	2349.33	1	1
91.9806	38	0	1	LastDelay	0.00240956	2409.56	1	1
91.998	36	0	1	LastDelay	0.00823415	8234.15	1	1
92.0205	27	0	1	LastDelay	2.3808e-05	23.808	1	1
92.0682	11	0	1	LastDelay	0	0	1	0
92.0709	16	0	1	LastDelay	0.00333286	3332.86	1	1
92.0728	17	0	1	LastDelay	0	0	1	0
92.173	26	0	1	LastDelay	0	0	1	0
92.1954	6	0	1	LastDelay	0	0	1	0
92.199	32	0	1	LastDelay	0	0	1	0
92.2396	0	0	1	LastDelay	0	0	1	0
92.2485	12	0	1	LastDelay	0	0	1	0
92.262	31	0	1	LastDelay	0	0	1	0
92.2926	21	0	1	LastDelay	0	0	1	0
92.2985	23	0	1	LastDelay	0.0033061	3306.1	1	1
92.3283	10	0	1	LastDelay	0	0	1	0
92.3681	20	0	1	LastDelay	0	0	1	0
92.4176	22	0	1	LastDelay	0.00330732	3307.32	1	1
92.4241	35	0	1	LastDelay	0.000457616	457.616	1	1
92.4318	29	0	1	LastDelay	0	0	1	0
92.5023	33	0	1	LastDelay	0	0	1	0
92.5929	24	0	1	LastDelay	0	0	1	0
92.6283	30	0	1	LastDelay	0	0	1	0
92.9196	18	0	1	LastDelay	0	0	1	0
92.9429	14	0	1	LastDelay	0	0	1	0
92.9782	38	0	1	LastDelay	0	0	1	0
92.9897	36	0	1	LastDelay	0	0	1	0
93.0205	27	0	1	LastDelay	0	0	1	0
93.0676	16	0	1	LastDelay	0	0	1	0
93.0798	17	0	1	LastDelay	0.00692971	6929.71	1	1
93.2032	32	0	1	LastDelay	0.00420727	4207.27	1	1
93.2642	31	0	1	LastDelay	0.0021597	2159.7	1	1
93.2952	23	0	1	LastDelay	0	0	1	0
93.3331	15	0	1	LastDelay	0.00293877	2938.77	1	1
93.3745	20	0	1	LastDelay	0.00637727	6377.27	1	1
93.4143	22	0	1	LastDelay	0	0	1	0
93.4237	35	0	1	LastDelay	0	0	1	0
93.4381	29	0	1	LastDelay	0.00639056	6390.56	1	1
93.7583	37	0	1	LastDelay	0.00639124	6391.24	1	1
93.8932	39	0	1	LastDelay	0.000566834	566.834	1	1
93.8932	28	0	1	LastDelay	0.00858792	8587.92	1	1
93.9255	18	0	1	LastDelay	0.0058318	5831.8	1	1
94.0242	27	0	1	LastDelay	0.00368862	3688.62	1	1
94.0728	17	0	1	LastDelay	0	0	1	0
94.0777	11	0	1	LastDelay	0.00954358	9543.58	1	1
94.199	32	0	1	LastDelay	0	0	1	0
94.2518	12	0	1	LastDelay	0.00330619	3306.19	1	1
94.262	31	0	1	LastDelay	0	0	1	0
94.2966	23	0	1	LastDelay	0.00142421	1424.21	1	1
94.3302	15	0	1	LastDelay	0	0	1	0
94.3681	20	0	1	LastDelay	0	0	1	0
94.4259	35	0	1	LastDelay	0.00218901	2189.01	1	1
94.4318	29	0	1	LastDelay	0	0	1	0
94.5465	34	0	1	LastDelay	0.00330643	3306.43	1	1
94.5966	24	0	1	LastDelay	0.00366238	3662.38	1	1
94.6316	30	0	1	LastDelay	0.00331927	3319.27	1	1
94.752	37	0	1	LastDelay	0	0	1	0
94.8846	28	0	1	LastDelay	0	0	1	0
94.8926	39	0	1	LastDelay	0	0	1	0
94.8952	5	0	1	LastDelay	0.012521	12521	1	1
94.9196	18	0	1	LastDelay	0	0	1	0
94.9922	36	0	1	LastDelay	0.00248514	2485.14	1	1
95.0205	27	0	1	LastDelay	0	0	1	0
95.0456	40	0	1	LastDelay	0.00330658	3306.58	1	1
95.0682	11	0	1	LastDelay	0	0	1	0
95.1991	32	0	1	LastDelay	3.1576e-05	31.576	1	1
95.2238	2	0	1	LastDelay	0.0102386	10238.6	1	1
95.2485	12	0	1	LastDelay	0	0	1	0
95.2952	23	0	1	LastDelay	0	0	1	0
95.4237	35	0	1	LastDelay	0	0	1	0
95.5432	34	0	1	LastDelay	0	0	1	0
95.5929	24	0	1	LastDelay	0	0	1	0
95.6283	30	0	1	LastDelay	0	0	1	0
95.8827	5	0	1	LastDelay	0	0	1	0
95.9897	36	0	1	LastDelay	0	0	1	0
96.0423	40	0	1	LastDelay	0	0	1	0
96.0735	17	0	1	LastDelay	0.000630284	630.284	1	1
96.1767	26	0	1	LastDelay	0.00366241	3662.41	1	1
96.199	32	0	1	LastDelay	0	0	1	0
96.2136	2	0	1	LastDelay	0	0	1	0
96.2655	31	0	1	LastDelay	0.0035209	3520.9	1	1
96.2959	21	0	1	LastDelay	0.00330614	3306.14	1	1
96.2959	23	0	1	LastDelay	0.000737722	737.722	1	1
96.4348	29	0	1	LastDelay	0.00308881	3088.81	1	1
96.9443	14	0	1	LastDelay	0.00130771	1307.71	1	1
96.9815	38	0	1	LastDelay	0.00330624	3306.24	1	1
97.0014	36	0	1	LastDelay	0.0116432	11643.2	1	1
97.0238	27	0	1	LastDelay	0.00330618	3306.18	1	1
97.0567	40	0	1	LastDelay	0.0143793	14379.3	1	1
97.0728	17	0	1	LastDelay	0	0	1	0
97.0731	11	0	1	LastDelay	0.00489069	4890.69	1	1
97.173	26	0	1	LastDelay	0	0	1	0
97.2004	32	0	1	LastDelay	0.00137221	1372.21	1	1
97.2498	12	0	1	LastDelay	0.00136577	1365.77	1	1
97.262	31	0	1	LastDelay	0	0	1	0
97.2926	21	0	1	LastDelay	0	0	1	0
97.2952	23	0	1	LastDelay	0	0	1	0
97.427	35	0	1	LastDelay	0.00330656	3306.56	1	1
97.4318	29	0	1	LastDelay	0	0	1	0
97.505	33	0	1	LastDelay	0.00271489	2714.89	1	1
97.886	5	0	1	LastDelay	0.0033202	3320.2	1	1
97.92	18	0	1	LastDelay	0.00032531	325.31	1	1
97.9429	14	0	1	LastDelay	0	0	1	0
97.9782	38	0	1	LastDelay	0	0	1	0
97.9897	36	0	1	LastDelay	0	0	1	0
98.0205	27	0	1	LastDelay	0	0	1	0
98.0423	40	0	1	LastDelay	0	0	1	0
98.0682	11	0	1	LastDelay	0	0	1	0
98.0761	17	0	1	LastDelay	0.00330623	3306.23	1	1
98.199	32	0	1	LastDelay	0	0	1	0
98.2485	12	0	1	LastDelay	0	0	1	0
98.2959	23	0	1	LastDelay	0.000763623	763.623	1	1
98.3335	15	0	1	LastDelay	0.00330613	3306.13	1	1
98.4237	35	0	1	LastDelay	0	0	1	0
98.4351	29	0	1	LastDelay	0.00330616	3306.16	1	1
98.5023	33	0	1	LastDelay	0	0	1	0
98.5465	34	0	1	LastDelay	0.00330679	3306.79	1	1
98.8827	5	0	1	LastDelay	0	0	1	0
98.9196	18	0	1	LastDelay	0	0	1	0
98.9929	36	0	1	LastDelay	0.00319501	3195.01	1	1
99.0728	17	0	1	LastDelay	0	0	1	0
99.2019	32	0	1	LastDelay	0.00283794	2837.94	1	1
99.2019	6	0	1	LastDelay	0.00648225	6482.25	1	1
99.2518	12	0	1	LastDelay	0.00330606	3306.06	1	1
99.2639	31	0	1	LastDelay	0.00188527	1885.27	1	1
99.2952	23	0	1	LastDelay	0	0	1	0
99.2959	21	0	1	LastDelay	0.00330688	3306.88	1	1
99.3302	15	0	1	LastDelay	0	0	1	0
99.4318	29	0	1	LastDelay	0	0	1	0
99.5012	41	0	1	LastDelay	0.00331956	3319.56	1	1
99.5108	33	0	1	LastDelay	0.00846213	8462.13	1	1
99.5432	34	0	1	LastDelay	0	0	1	0
99.5962	24	0	1	LastDelay	0.00330637	3306.37	1	1
99.7553	37	0	1	LastDelay	0.00330605	3306.05	1	1
99.8959	39	0	1	LastDelay	0.00330656	3306.56	1	1
99.923	18	0	1	LastDelay	0.00341275	3412.75	1	1
99.9463	14	0	1	LastDelay	0.00330617	3306.17	1	1
99.9897	36	0	1	LastDelay	0	0	1	0
