Time	Node	AppId	SeqNo	Type	DelayS	DelayUS	RetxCount	HopCount
17.8911	2	0	1	LastDelay	0.00333269	3332.69	1	1
18.8878	2	0	1	LastDelay	0	0	1	0
18.9693	3	0	1	LastDelay	0.00341041	3410.41	1	1
19.0883	1	0	1	LastDelay	0.006469	6469	1	1
19.8911	2	0	1	LastDelay	0.0033454	3345.4	1	1
19.9659	3	0	1	LastDelay	0	0	1	0
20.0818	1	0	1	LastDelay	0	0	1	0
20.3094	6	0	1	LastDelay	0.00649485	6494.85	1	1
20.8878	2	0	1	LastDelay	0	0	1	0
20.9551	7	0	1	LastDelay	0.0041101	4110.1	1	1
20.9692	3	0	1	LastDelay	0.00333213	3332.13	1	1
21.0916	1	0	1	LastDelay	0.00981899	9818.99	1	1
21.3029	6	0	1	LastDelay	0	0	1	0
21.7895	11	0	1	LastDelay	0.594489	594489	1	1
21.796	10	0	1	LastDelay	0.529679	529679	1	1
21.951	7	0	1	LastDelay	0	0	1	0
21.9659	3	0	1	LastDelay	0	0	1	0
22.0818	1	0	1	LastDelay	0	0	1	0
22.195	11	0	1	LastDelay	0	0	1	0
22.2663	10	0	1	LastDelay	0	0	1	0
22.3095	6	0	1	LastDelay	0.00650806	6508.06	1	1
22.7894	0	0	1	LastDelay	0.00331954	3319.54	1	1
22.8916	2	0	1	LastDelay	0.00378005	3780.05	1	1
22.895	4	0	1	LastDelay	0.909625	909625	1	1
22.9544	7	0	1	LastDelay	0.00334548	3345.48	1	1
22.9692	3	0	1	LastDelay	0.00331948	3319.48	1	1
22.9854	4	0	1	LastDelay	0	0	1	0
23.0883	1	0	1	LastDelay	0.00654704	6547.04	1	1
23.1223	8	0	1	LastDelay	0.00331949	3319.49	1	1
23.1984	11	0	1	LastDelay	0.0033193	3319.3	1	1
23.2729	10	0	1	LastDelay	0.00655974	6559.74	1	1
23.3029	6	0	1	LastDelay	0	0	1	0
23.3202	12	0	1	LastDelay	0.00346258	3462.58	1	1
23.7861	0	0	1	LastDelay	0	0	1	0
23.8695	5	0	1	LastDelay	0.00649479	6494.78	1	1
23.8878	2	0	1	LastDelay	0	0	1	0
23.951	7	0	1	LastDelay	0	0	1	0
23.9659	3	0	1	LastDelay	0	0	1	0
24.0818	1	0	1	LastDelay	0	0	1	0
24.119	8	0	1	LastDelay	0	0	1	0
24.195	11	0	1	LastDelay	0	0	1	0
24.2663	10	0	1	LastDelay	0	0	1	0
24.3168	12	0	1	LastDelay	0	0	1	0
24.7894	9	0	1	LastDelay	0.352132	352132	1	1
24.863	5	0	1	LastDelay	0	0	1	0
25.1987	11	0	1	LastDelay	0.00367585	3675.84	1	1
25.2697	10	0	1	LastDelay	0.00338442	3384.42	1	1
25.4373	9	0	1	LastDelay	0	0	1	0
26.0851	1	0	1	LastDelay	0.00330613	3306.13	1	1
26.195	11	0	1	LastDelay	0	0	1	0
26.2663	10	0	1	LastDelay	0	0	1	0
26.3101	6	0	1	LastDelay	0.00713002	7130.02	1	1
26.7894	0	0	1	LastDelay	0.00330624	3306.24	1	1
27.0818	1	0	1	LastDelay	0	0	1	0
27.3029	6	0	1	LastDelay	0	0	1	0
27.7861	0	0	1	LastDelay	0	0	1	0
28.7899	0	0	1	LastDelay	0.00377985	3779.85	1	1
29.0666	14	0	1	LastDelay	0.00644266	6442.66	1	1
29.0851	1	0	1	LastDelay	0.00333213	3332.13	1	1
29.2018	11	0	1	LastDelay	0.00679894	6798.94	1	1
29.7861	0	0	1	LastDelay	0	0	1	0
30.0349	15	0	1	LastDelay	0.00330636	3306.36	1	1
30.0601	14	0	1	LastDelay	0	0	1	0
30.0818	1	0	1	LastDelay	0	0	1	0
30.195	11	0	1	LastDelay	0	0	1	0
30.7894	0	0	1	LastDelay	0.00334521	3345.21	1	1
31.0316	15	0	1	LastDelay	0	0	1	0
31.3205	12	0	1	LastDelay	0.00370187	3701.87	1	1
31.7861	0	0	1	LastDelay	0	0	1	0
32.1476	16	0	1	LastDelay	0.00331981	3319.81	1	1
32.3168	12	0	1	LastDelay	0	0	1	0
33.0851	1	0	1	LastDelay	0.00331913	3319.13	1	1
33.1442	16	0	1	LastDelay	0	0	1	0
33.4406	9	0	1	LastDelay	0.00330613	3306.13	1	1
34.0818	1	0	1	LastDelay	0	0	1	0
34.4373	9	0	1	LastDelay	0	0	1	0
36.1084	19	0	1	LastDelay	0.000967188	967.188	1	1
37.1074	19	0	1	LastDelay	0	0	1	0
37.9887	4	0	1	LastDelay	0.0033061	3306.1	1	1
38.3201	12	0	1	LastDelay	0.00330611	3306.11	1	1
38.8663	5	0	1	LastDelay	0.00330621	3306.21	1	1
38.9854	4	0	1	LastDelay	0	0	1	0
39.0236	24	0	1	LastDelay	0.00330628	3306.28	1	1
39.1069	18	0	1	LastDelay	0.0033065	3306.5	1	1
39.3168	12	0	1	LastDelay	0	0	1	0
39.5251	17	0	1	LastDelay	0.00267389	2673.89	1	1
39.6196	13	0	1	LastDelay	0.00388386	3883.86	1	1
39.863	5	0	1	LastDelay	0	0	1	0
39.9892	4	0	1	LastDelay	0.00375389	3753.89	1	1
40.0052	22	0	1	LastDelay	0.00330668	3306.68	1	1
40.0203	24	0	1	LastDelay	0	0	1	0
40.1036	18	0	1	LastDelay	0	0	1	0
40.1223	8	0	1	LastDelay	0.0033193	3319.3	1	1
40.1254	26	0	1	LastDelay	0.107578	107578	1	1
40.4707	21	0	1	LastDelay	0.00333225	3332.25	1	1
40.5224	17	0	1	LastDelay	0	0	1	0
40.5346	25	0	1	LastDelay	0.346981	346981	1	1
40.6067	29	0	1	LastDelay	0.00334557	3345.57	1	1
40.6158	13	0	1	LastDelay	0	0	1	0
40.8663	5	0	1	LastDelay	0.00330659	3306.59	1	1
40.9854	4	0	1	LastDelay	0	0	1	0
41.0019	22	0	1	LastDelay	0	0	1	0
41.0178	26	0	1	LastDelay	0	0	1	0
41.0236	24	0	1	LastDelay	0.00330617	3306.17	1	1
41.1069	18	0	1	LastDelay	0.00331921	3319.21	1	1
41.119	8	0	1	LastDelay	0	0	1	0
41.1877	25	0	1	LastDelay	0	0	1	0
41.4674	21	0	1	LastDelay	0	0	1	0
41.5242	17	0	1	LastDelay	0.00183356	1833.56	1	1
41.6033	29	0	1	LastDelay	0	0	1	0
41.6367	27	0	1	LastDelay	0.00330647	3306.47	1	1
41.863	5	0	1	LastDelay	0	0	1	0
41.9952	31	0	1	LastDelay	0.0134634	13463.4	1	1
42.0203	24	0	1	LastDelay	0	0	1	0
42.1036	18	0	1	LastDelay	0	0	1	0
42.1223	8	0	1	LastDelay	0.0033191	3319.1	1	1
42.1917	25	0	1	LastDelay	0.00405794	4057.94	1	1
42.4406	9	0	1	LastDelay	0.00330604	3306.04	1	1
42.5224	17	0	1	LastDelay	0	0	1	0
42.6334	27	0	1	LastDelay	0	0	1	0
42.8663	5	0	1	LastDelay	0.00330602	3306.02	1	1
42.9817	31	0	1	LastDelay	0	0	1	0
43.0029	22	0	1	LastDelay	0.000934383	934.383	1	1
43.0179	26	0	1	LastDelay	0.000151316	151.316	1	1
43.0251	24	0	1	LastDelay	0.00477875	4778.75	1	1
43.0321	30	0	1	LastDelay	0.0815896	81589.6	1	1
43.0932	32	0	1	LastDelay	0.80647	806470	1	1
43.1069	18	0	1	LastDelay	0.00331921	3319.21	1	1
43.119	8	0	1	LastDelay	0	0	1	0
43.1877	25	0	1	LastDelay	0	0	1	0
43.2867	32	0	1	LastDelay	0	0	1	0
43.4373	9	0	1	LastDelay	0	0	1	0
43.5254	17	0	1	LastDelay	0.00300417	3004.17	1	1
43.6356	27	0	1	LastDelay	0.00218794	2187.94	1	1
43.863	5	0	1	LastDelay	0	0	1	0
43.9505	30	0	1	LastDelay	0	0	1	0
43.985	31	0	1	LastDelay	0.00330676	3306.76	1	1
44.0019	22	0	1	LastDelay	0	0	1	0
44.0178	26	0	1	LastDelay	0	0	1	0
44.0203	24	0	1	LastDelay	0	0	1	0
44.1036	18	0	1	LastDelay	0	0	1	0
44.4707	21	0	1	LastDelay	0.00333231	3332.31	1	1
44.5224	17	0	1	LastDelay	0	0	1	0
44.6066	29	0	1	LastDelay	0.00330665	3306.65	1	1
44.6191	13	0	1	LastDelay	0.00330605	3306.05	1	1
44.6334	27	0	1	LastDelay	0	0	1	0
44.9817	31	0	1	LastDelay	0	0	1	0
45.0246	24	0	1	LastDelay	0.0042561	4256.1	1	1
45.0851	1	0	1	LastDelay	0.00331908	3319.08	1	1
45.1069	18	0	1	LastDelay	0.0033061	3306.1	1	1
45.1193	8	0	1	LastDelay	0.000357118	357.118	1	1
45.4406	9	0	1	LastDelay	0.0033061	3306.1	1	1
45.4674	21	0	1	LastDelay	0	0	1	0
45.5171	28	0	1	LastDelay	0.00331903	3319.03	1	1
45.5237	17	0	1	LastDelay	0.00126262	1262.62	1	1
45.6033	29	0	1	LastDelay	0	0	1	0
45.6158	13	0	1	LastDelay	0	0	1	0
45.6367	27	0	1	LastDelay	0.00330632	3306.32	1	1
45.7319	23	0	1	LastDelay	0.00330632	3306.32	1	1
45.7898	0	0	1	LastDelay	0.00367551	3675.51	1	1
45.8663	5	0	1	LastDelay	0.00330604	3306.04	1	1
45.9885	4	0	1	LastDelay	0.003062	3062	1	1
45.9885	31	0	1	LastDelay	0.00672059	6720.59	1	1
46.0134	22	0	1	LastDelay	0.0114971	11497.1	1	1
46.0196	26	0	1	LastDelay	0.00177246	1772.46	1	1
46.0203	24	0	1	LastDelay	0	0	1	0
46.0818	1	0	1	LastDelay	0	0	1	0
46.1036	18	0	1	LastDelay	0	0	1	0
46.119	8	0	1	LastDelay	0	0	1	0
46.191	25	0	1	LastDelay	0.00330632	3306.32	1	1
46.29	32	0	1	LastDelay	0.00330643	3306.43	1	1
46.3188	12	0	1	LastDelay	0.00201317	2013.17	1	1
46.3478	36	0	1	LastDelay	0.573812	573812	1	1
46.4373	9	0	1	LastDelay	0	0	1	0
46.4707	21	0	1	LastDelay	0.00330605	3306.05	1	1
46.5138	28	0	1	LastDelay	0	0	1	0
46.5224	17	0	1	LastDelay	0	0	1	0
46.6162	13	0	1	LastDelay	0.000476583	476.583	1	1
46.6334	27	0	1	LastDelay	0	0	1	0
46.7286	23	0	1	LastDelay	0	0	1	0
46.774	36	0	1	LastDelay	0	0	1	0
46.7861	0	0	1	LastDelay	0	0	1	0
46.863	5	0	1	LastDelay	0	0	1	0
46.9817	31	0	1	LastDelay	0	0	1	0
46.9854	4	0	1	LastDelay	0	0	1	0
47.0019	22	0	1	LastDelay	0	0	1	0
47.0178	26	0	1	LastDelay	0	0	1	0
47.0388	41	0	1	LastDelay	0.00142592	1425.92	1	1
47.0851	1	0	1	LastDelay	0.0033191	3319.1	1	1
47.1203	8	0	1	LastDelay	0.00132991	1329.91	1	1
47.1457	16	0	1	LastDelay	0.00143905	1439.05	1	1
47.1877	25	0	1	LastDelay	0	0	1	0
47.2867	32	0	1	LastDelay	0	0	1	0
47.3168	12	0	1	LastDelay	0	0	1	0
47.4409	33	0	1	LastDelay	0.000366113	366.113	1	1
47.4674	21	0	1	LastDelay	0	0	1	0
47.5256	17	0	1	LastDelay	0.0031752	3175.2	1	1
47.5525	37	0	1	LastDelay	0.826627	826627	1	1
47.6066	29	0	1	LastDelay	0.00330628	3306.28	1	1
47.6158	13	0	1	LastDelay	0	0	1	0
47.7259	37	0	1	LastDelay	0	0	1	0
47.788	0	0	1	LastDelay	0.00190074	1900.74	1	1
47.8663	5	0	1	LastDelay	0.00330609	3306.09	1	1
47.985	31	0	1	LastDelay	0.00330624	3306.24	1	1
47.9888	4	0	1	LastDelay	0.0034181	3418.1	1	1
48.009	22	0	1	LastDelay	0.00707074	7070.74	1	1
48.0193	26	0	1	LastDelay	0.00155363	1553.63	1	1
48.0224	24	0	1	LastDelay	0.00207824	2078.24	1	1
48.0374	41	0	1	LastDelay	0	0	1	0
48.0818	1	0	1	LastDelay	0	0	1	0
48.1069	18	0	1	LastDelay	0.00330607	3306.07	1	1
48.119	8	0	1	LastDelay	0	0	1	0
48.1442	16	0	1	LastDelay	0	0	1	0
48.191	25	0	1	LastDelay	0.00330614	3306.14	1	1
48.29	32	0	1	LastDelay	0.00331922	3319.22	1	1
48.4405	33	0	1	LastDelay	0	0	1	0
48.4704	21	0	1	LastDelay	0.00297317	2973.17	1	1
48.5171	28	0	1	LastDelay	0.00330602	3306.02	1	1
48.5224	17	0	1	LastDelay	0	0	1	0
48.6033	29	0	1	LastDelay	0	0	1	0
48.6191	13	0	1	LastDelay	0.00330624	3306.24	1	1
48.6348	27	0	1	LastDelay	0.001463	1463	1	1
48.7292	23	0	1	LastDelay	0.00064169	641.69	1	1
48.7861	0	0	1	LastDelay	0	0	1	0
48.7866	36	0	1	LastDelay	0.0125459	12545.9	1	1
48.863	5	0	1	LastDelay	0	0	1	0
48.9795	35	0	1	LastDelay	0.00270269	2702.7	1	1
48.9817	31	0	1	LastDelay	0	0	1	0
48.9854	4	0	1	LastDelay	0	0	1	0
49.0019	22	0	1	LastDelay	0	0	1	0
49.0178	26	0	1	LastDelay	0	0	1	0
49.0203	24	0	1	LastDelay	0	0	1	0
49.0407	41	0	1	LastDelay	0.00331968	3319.68	1	1
49.1036	18	0	1	LastDelay	0	0	1	0
49.1877	25	0	1	LastDelay	0	0	1	0
49.2867	32	0	1	LastDelay	0	0	1	0
49.4444	33	0	1	LastDelay	0.00381948	3819.48	1	1
49.4674	21	0	1	LastDelay	0	0	1	0
49.5138	28	0	1	LastDelay	0	0	1	0
49.6158	13	0	1	LastDelay	0	0	1	0
49.6334	27	0	1	LastDelay	0	0	1	0
49.7286	23	0	1	LastDelay	0	0	1	0
49.7292	37	0	1	LastDelay	0.00330651	3306.51	1	1
49.7664	45	0	1	LastDelay	0.00333247	3332.47	1	1
49.774	36	0	1	LastDelay	0	0	1	0
49.9767	35	0	1	LastDelay	0	0	1	0
49.9923	4	0	1	LastDelay	0.00691548	6915.48	1	1
50.0248	24	0	1	LastDelay	0.00442924	4429.23	1	1
50.0374	41	0	1	LastDelay	0	0	1	0
50.123	8	0	1	LastDelay	0.00408911	4089.11	1	1
50.2053	49	0	1	LastDelay	0.00367611	3676.11	1	1
50.4405	33	0	1	LastDelay	0	0	1	0
50.4413	9	0	1	LastDelay	0.00401883	4018.83	1	1
50.5547	83	0	1	LastDelay	0.00378258	3782.58	1	1
50.6224	13	0	1	LastDelay	0.00668995	6689.95	1	1
50.6335	27	0	1	LastDelay	0.000147165	147.165	1	1
50.6529	70	0	1	LastDelay	0.00122733	1227.33	1	1
50.6642	38	0	1	LastDelay	0.00649478	6494.78	1	1
50.7259	37	0	1	LastDelay	0	0	1	0
50.7292	23	0	1	LastDelay	0.000595289	595.289	1	1
50.7631	45	0	1	LastDelay	0	0	1	0
50.7903	0	0	1	LastDelay	0.00424681	4246.81	1	1
50.8704	5	0	1	LastDelay	0.00745917	7459.17	1	1
50.8927	2	0	1	LastDelay	0.00494456	4944.56	1	1
50.9846	31	0	1	LastDelay	0.0028209	2820.9	1	1
50.9854	4	0	1	LastDelay	0	0	1	0
51.0061	22	0	1	LastDelay	0.00419585	4195.85	1	1
51.0203	24	0	1	LastDelay	0	0	1	0
51.0509	41	0	1	LastDelay	0.0134967	13496.7	1	1
51.0653	62	0	1	LastDelay	0.00276568	2765.68	1	1
51.0653	109	0	1	LastDelay	0.00171606	1716.06	1	1
51.1044	18	0	1	LastDelay	0.000758657	758.657	1	1
51.119	8	0	1	LastDelay	0	0	1	0
51.2017	49	0	1	LastDelay	0	0	1	0
51.3063	6	0	1	LastDelay	0.00331917	3319.17	1	1
51.4072	92	0	1	LastDelay	0.00330617	3306.17	1	1
51.4237	75	0	1	LastDelay	0.00574425	5744.25	1	1
51.4373	9	0	1	LastDelay	0	0	1	0
51.4476	79	0	1	LastDelay	0.00764104	7641.04	1	1
51.5171	28	0	1	LastDelay	0.00331913	3319.13	1	1
51.5264	17	0	1	LastDelay	0.00396438	3964.38	1	1
51.5509	83	0	1	LastDelay	0	0	1	0
51.5696	104	0	1	LastDelay	0.003306	3306	1	1
51.6158	13	0	1	LastDelay	0	0	1	0
51.6334	27	0	1	LastDelay	0	0	1	0
51.6367	87	0	1	LastDelay	0.003306	3306	1	1
51.6397	58	0	1	LastDelay	0.00271192	2711.92	1	1
51.6516	70	0	1	LastDelay	0	0	1	0
51.6577	38	0	1	LastDelay	0	0	1	0
51.7286	23	0	1	LastDelay	0	0	1	0
51.7343	37	0	1	LastDelay	0.00842958	8429.58	1	1
51.7861	0	0	1	LastDelay	0	0	1	0
51.863	5	0	1	LastDelay	0	0	1	0
51.8878	2	0	1	LastDelay	0	0	1	0
51.9216	53	0	1	LastDelay	0.0036493	3649.3	1	1
51.9538	30	0	1	LastDelay	0.00330607	3306.07	1	1
51.9817	31	0	1	LastDelay	0	0	1	0
51.9903	4	0	1	LastDelay	0.00489427	4894.27	1	1
52.0019	22	0	1	LastDelay	0	0	1	0
52.0236	24	0	1	LastDelay	0.00324088	3240.88	1	1
52.0374	41	0	1	LastDelay	0	0	1	0
52.0625	62	0	1	LastDelay	0	0	1	0
52.0636	109	0	1	LastDelay	0	0	1	0
52.1036	18	0	1	LastDelay	0	0	1	0
52.1223	8	0	1	LastDelay	0.00330607	3306.07	1	1
52.3029	6	0	1	LastDelay	0	0	1	0
52.4039	92	0	1	LastDelay	0	0	1	0
52.4179	75	0	1	LastDelay	0	0	1	0
52.44	79	0	1	LastDelay	0	0	1	0
52.4424	33	0	1	LastDelay	0.00185564	1855.64	1	1
52.4691	21	0	1	LastDelay	0.00167677	1676.77	1	1
52.5138	28	0	1	LastDelay	0	0	1	0
52.5224	17	0	1	LastDelay	0	0	1	0
52.5663	104	0	1	LastDelay	0	0	1	0
52.6334	87	0	1	LastDelay	0	0	1	0
52.6347	27	0	1	LastDelay	0.00132953	1329.53	1	1
52.637	58	0	1	LastDelay	0	0	1	0
52.7259	37	0	1	LastDelay	0	0	1	0
52.7288	23	0	1	LastDelay	0.000239224	239.224	1	1
52.7774	36	0	1	LastDelay	0.00331931	3319.31	1	1
52.7869	0	0	1	LastDelay	0.000832235	832.235	1	1
52.918	53	0	1	LastDelay	0	0	1	0
52.9505	30	0	1	LastDelay	0	0	1	0
52.9842	31	0	1	LastDelay	0.00247769	2477.69	1	1
52.9854	4	0	1	LastDelay	0	0	1	0
53.0203	24	0	1	LastDelay	0	0	1	0
53.0233	26	0	1	LastDelay	0.00553677	5536.77	1	1
53.0483	41	0	1	LastDelay	0.0109069	10906.9	1	1
53.119	8	0	1	LastDelay	0	0	1	0
53.1475	16	0	1	LastDelay	0.00330602	3306.02	1	1
53.191	25	0	1	LastDelay	0.00330619	3306.19	1	1
53.29	32	0	1	LastDelay	0.00330614	3306.14	1	1
53.4405	33	0	1	LastDelay	0	0	1	0
53.4674	21	0	1	LastDelay	0	0	1	0
53.524	17	0	1	LastDelay	0.00157939	1579.39	1	1
53.6066	29	0	1	LastDelay	0.00331935	3319.35	1	1
53.6334	27	0	1	LastDelay	0	0	1	0
53.7266	37	0	1	LastDelay	0.000702288	702.288	1	1
53.7286	23	0	1	LastDelay	0	0	1	0
53.774	36	0	1	LastDelay	0	0	1	0
53.777	45	0	1	LastDelay	0.013896	13896	1	1
53.7861	0	0	1	LastDelay	0	0	1	0
53.8667	5	0	1	LastDelay	0.00374073	3740.73	1	1
53.9538	30	0	1	LastDelay	0.00330626	3306.26	1	1
53.9798	35	0	1	LastDelay	0.00307266	3072.66	1	1
53.9817	31	0	1	LastDelay	0	0	1	0
54.0024	22	0	1	LastDelay	0.000513021	513.021	1	1
54.0178	26	0	1	LastDelay	0	0	1	0
54.0374	41	0	1	LastDelay	0	0	1	0
54.1261	8	0	1	LastDelay	0.00712989	7129.89	1	1
54.1442	16	0	1	LastDelay	0	0	1	0
54.1877	25	0	1	LastDelay	0	0	1	0
54.2466	40	0	1	LastDelay	0.0101871	10187.1	1	1
54.2867	32	0	1	LastDelay	0	0	1	0
54.3395	49	0	1	LastDelay	0.137809	137809	1	1
54.4724	21	0	1	LastDelay	0.00504767	5047.68	1	1
54.5224	17	0	1	LastDelay	0	0	1	0
54.6033	29	0	1	LastDelay	0	0	1	0
54.6367	27	0	1	LastDelay	0.00331907	3319.07	1	1
54.6645	38	0	1	LastDelay	0.00678607	6786.07	1	1
54.7259	37	0	1	LastDelay	0	0	1	0
54.7363	23	0	1	LastDelay	0.00771802	7718.02	1	1
54.7631	45	0	1	LastDelay	0	0	1	0
54.7774	36	0	1	LastDelay	0.00331926	3319.26	1	1
54.7873	0	0	1	LastDelay	0.0011892	1189.2	1	1
54.863	5	0	1	LastDelay	0	0	1	0
54.9505	30	0	1	LastDelay	0	0	1	0
54.9767	35	0	1	LastDelay	0	0	1	0
54.9934	4	0	1	LastDelay	0.00798233	7982.33	1	1
55.0019	22	0	1	LastDelay	0	0	1	0
55.0204	26	0	1	LastDelay	0.00257362	2573.62	1	1
55.0253	24	0	1	LastDelay	0.00493386	4933.86	1	1
55.0444	41	0	1	LastDelay	0.00695619	6956.19	1	1
55.119	8	0	1	LastDelay	0	0	1	0
55.1476	16	0	1	LastDelay	0.00331914	3319.14	1	1
55.2017	49	0	1	LastDelay	0	0	1	0
55.2364	40	0	1	LastDelay	0	0	1	0
55.2904	32	0	1	LastDelay	0.0036627	3662.7	1	1
55.3173	12	0	1	LastDelay	0.000487554	487.554	1	1
55.3467	42	0	1	LastDelay	0.000517646	517.646	1	1
55.3609	44	0	1	LastDelay	0.0250971	25097.1	1	1
55.4263	39	0	1	LastDelay	0.00675961	6759.61	1	1
55.4674	21	0	1	LastDelay	0	0	1	0
55.5171	28	0	1	LastDelay	0.00330602	3306.02	1	1
55.5363	17	0	1	LastDelay	0.0139035	13903.5	1	1
55.6334	27	0	1	LastDelay	0	0	1	0
55.6577	38	0	1	LastDelay	0	0	1	0
55.7223	34	0	1	LastDelay	0.00330622	3306.22	1	1
55.7286	23	0	1	LastDelay	0	0	1	0
55.7288	37	0	1	LastDelay	0.00290464	2904.64	1	1
55.7683	45	0	1	LastDelay	0.00522264	5222.64	1	1
55.774	36	0	1	LastDelay	0	0	1	0
55.7861	0	0	1	LastDelay	0	0	1	0
55.9572	30	0	1	LastDelay	0.00672164	6721.64	1	1
55.9842	31	0	1	LastDelay	0.00245473	2454.73	1	1
55.9842	35	0	1	LastDelay	0.00744905	7449.05	1	1
55.9854	4	0	1	LastDelay	0	0	1	0
56.0068	22	0	1	LastDelay	0.00483592	4835.92	1	1
56.0178	26	0	1	LastDelay	0	0	1	0
56.0203	24	0	1	LastDelay	0	0	1	0
56.0374	41	0	1	LastDelay	0	0	1	0
56.1284	8	0	1	LastDelay	0.009462	9462	1	1
56.1442	16	0	1	LastDelay	0	0	1	0
56.2397	40	0	1	LastDelay	0.00330636	3306.36	1	1
56.2867	32	0	1	LastDelay	0	0	1	0
56.3168	12	0	1	LastDelay	0	0	1	0
56.3358	44	0	1	LastDelay	0	0	1	0
56.3462	42	0	1	LastDelay	0	0	1	0
56.4196	39	0	1	LastDelay	0	0	1	0
56.4469	33	0	1	LastDelay	0.00637762	6377.62	1	1
56.4713	21	0	1	LastDelay	0.0038746	3874.6	1	1
56.5138	28	0	1	LastDelay	0	0	1	0
56.5224	17	0	1	LastDelay	0	0	1	0
56.633	49	0	1	LastDelay	0.431316	431316	1	1
56.636	27	0	1	LastDelay	0.00268242	2682.42	1	1
56.6603	38	0	1	LastDelay	0.00262811	2628.11	1	1
56.719	34	0	1	LastDelay	0	0	1	0
56.7259	37	0	1	LastDelay	0	0	1	0
56.7319	23	0	1	LastDelay	0.00330604	3306.04	1	1
56.7631	45	0	1	LastDelay	0	0	1	0
56.7879	0	0	1	LastDelay	0.00179594	1795.94	1	1
56.8663	5	0	1	LastDelay	0.00330667	3306.67	1	1
56.9505	30	0	1	LastDelay	0	0	1	0
56.9767	35	0	1	LastDelay	0	0	1	0
56.9817	31	0	1	LastDelay	0	0	1	0
56.9887	4	0	1	LastDelay	0.00330652	3306.52	1	1
57.0019	22	0	1	LastDelay	0	0	1	0
57.0218	24	0	1	LastDelay	0.00144588	1445.88	1	1
57.0403	41	0	1	LastDelay	0.00287706	2877.06	1	1
57.119	8	0	1	LastDelay	0	0	1	0
57.1907	25	0	1	LastDelay	0.00304368	3043.68	1	1
57.2017	49	0	1	LastDelay	0	0	1	0
57.2364	40	0	1	LastDelay	0	0	1	0
57.29	32	0	1	LastDelay	0.00330604	3306.04	1	1
57.3201	12	0	1	LastDelay	0.0033062	3306.2	1	1
57.3406	44	0	1	LastDelay	0.0048804	4880.4	1	1
57.348	42	0	1	LastDelay	0.00177086	1770.86	1	1
57.4359	48	0	1	LastDelay	0.675926	675926	1	1
57.4405	33	0	1	LastDelay	0	0	1	0
57.4674	21	0	1	LastDelay	0	0	1	0
57.5306	17	0	1	LastDelay	0.0081719	8171.9	1	1
57.6334	27	0	1	LastDelay	0	0	1	0
57.6577	38	0	1	LastDelay	0	0	1	0
57.7286	23	0	1	LastDelay	0	0	1	0
57.7296	37	0	1	LastDelay	0.00364259	3642.59	1	1
57.76	48	0	1	LastDelay	0	0	1	0
57.7673	45	0	1	LastDelay	0.00426361	4263.61	1	1
57.775	36	0	1	LastDelay	0.00100412	1004.12	1	1
57.7861	0	0	1	LastDelay	0	0	1	0
57.863	5	0	1	LastDelay	0	0	1	0
57.9801	35	0	1	LastDelay	0.0033063	3306.3	1	1
57.9831	31	0	1	LastDelay	0.00138299	1382.99	1	1
57.9854	4	0	1	LastDelay	0	0	1	0
58.0203	24	0	1	LastDelay	0	0	1	0
58.0374	41	0	1	LastDelay	0	0	1	0
58.1449	16	0	1	LastDelay	0.000616067	616.067	1	1
58.1781	43	0	1	LastDelay	0.00137058	1370.58	1	1
58.1877	25	0	1	LastDelay	0	0	1	0
58.2118	49	0	1	LastDelay	0.0101376	10137.6	1	1
58.2805	46	0	1	LastDelay	0.00374069	3740.69	1	1
58.2867	32	0	1	LastDelay	0	0	1	0
58.3168	12	0	1	LastDelay	0	0	1	0
58.3358	44	0	1	LastDelay	0	0	1	0
58.3462	42	0	1	LastDelay	0	0	1	0
58.4466	33	0	1	LastDelay	0.00606173	6061.73	1	1
58.5224	17	0	1	LastDelay	0	0	1	0
58.6397	27	0	1	LastDelay	0.00637735	6377.35	1	1
58.6585	38	0	1	LastDelay	0.000807506	807.506	1	1
58.7259	37	0	1	LastDelay	0	0	1	0
58.7423	23	0	1	LastDelay	0.0136713	13671.3	1	1
58.7631	45	0	1	LastDelay	0	0	1	0
58.7699	48	0	1	LastDelay	0.00993795	9937.95	1	1
58.774	36	0	1	LastDelay	0	0	1	0
58.9767	35	0	1	LastDelay	0	0	1	0
58.9817	31	0	1	LastDelay	0	0	1	0
59.0455	41	0	1	LastDelay	0.00809663	8096.63	1	1
59.1442	16	0	1	LastDelay	0	0	1	0
59.1768	43	0	1	LastDelay	0	0	1	0
59.2017	49	0	1	LastDelay	0	0	1	0
59.2397	40	0	1	LastDelay	0.00330647	3306.47	1	1
59.2767	46	0	1	LastDelay	0	0	1	0
59.3379	44	0	1	LastDelay	0.00213945	2139.45	1	1
59.347	42	0	1	LastDelay	0.000774057	774.057	1	1
59.4229	39	0	1	LastDelay	0.00330653	3306.53	1	1
59.4405	33	0	1	LastDelay	0	0	1	0
59.527	17	0	1	LastDelay	0.00465012	4650.12	1	1
59.6334	27	0	1	LastDelay	0	0	1	0
59.6577	38	0	1	LastDelay	0	0	1	0
59.7269	37	0	1	LastDelay	0.000966473	966.473	1	1
59.7286	23	0	1	LastDelay	0	0	1	0
59.76	48	0	1	LastDelay	0	0	1	0
59.7638	45	0	1	LastDelay	0.000704758	704.758	1	1
59.7745	36	0	1	LastDelay	0.000460535	460.535	1	1
59.7917	0	0	1	LastDelay	0.00564996	5649.96	1	1
59.9835	31	0	1	LastDelay	0.00173938	1739.38	1	1
59.9869	4	0	1	LastDelay	0.00149515	1495.15	1	1
60.0236	24	0	1	LastDelay	0.00330611	3306.11	1	1
60.0374	41	0	1	LastDelay	0	0	1	0
60.1496	16	0	1	LastDelay	0.00537781	5377.81	1	1
60.1828	43	0	1	LastDelay	0.00600028	6000.27	1	1
60.1931	25	0	1	LastDelay	0.00539746	5397.46	1	1
60.203	49	0	1	LastDelay	0.00133542	1335.42	1	1
60.2364	40	0	1	LastDelay	0	0	1	0
60.2871	32	0	1	LastDelay	0.000354686	354.686	1	1
60.2984	50	0	1	LastDelay	0.00573623	5736.23	1	1
60.3173	12	0	1	LastDelay	0.000488873	488.873	1	1
60.3272	53	0	1	LastDelay	0.409242	409242	1	1
60.3358	44	0	1	LastDelay	0	0	1	0
60.3462	42	0	1	LastDelay	0	0	1	0
60.4196	39	0	1	LastDelay	0	0	1	0
60.4726	21	0	1	LastDelay	0.00517522	5175.22	1	1
60.514	28	0	1	LastDelay	0.000190673	190.673	1	1
60.5224	17	0	1	LastDelay	0	0	1	0
60.6357	27	0	1	LastDelay	0.00235125	2351.25	1	1
60.6597	38	0	1	LastDelay	0.00195174	1951.74	1	1
60.7259	37	0	1	LastDelay	0	0	1	0
60.7631	45	0	1	LastDelay	0	0	1	0
60.7707	48	0	1	LastDelay	0.0107338	10733.8	1	1
60.774	36	0	1	LastDelay	0	0	1	0
60.7861	0	0	1	LastDelay	0	0	1	0
60.918	53	0	1	LastDelay	0	0	1	0
60.9801	35	0	1	LastDelay	0.00330614	3306.14	1	1
60.9817	31	0	1	LastDelay	0	0	1	0
60.9854	4	0	1	LastDelay	0	0	1	0
61.0089	52	0	1	LastDelay	0.248414	248414	1	1
61.0203	24	0	1	LastDelay	0	0	1	0
61.1442	16	0	1	LastDelay	0	0	1	0
61.1768	43	0	1	LastDelay	0	0	1	0
61.1877	25	0	1	LastDelay	0	0	1	0
61.2017	49	0	1	LastDelay	0	0	1	0
61.2397	40	0	1	LastDelay	0.00330602	3306.02	1	1
61.2801	46	0	1	LastDelay	0.00331937	3319.37	1	1
61.2867	32	0	1	LastDelay	0	0	1	0
61.2926	50	0	1	LastDelay	0	0	1	0
61.3168	12	0	1	LastDelay	0	0	1	0
61.4439	33	0	1	LastDelay	0.0033061	3306.1	1	1
61.4674	21	0	1	LastDelay	0	0	1	0
61.4675	47	0	1	LastDelay	0.42215	422150	1	1
61.5138	28	0	1	LastDelay	0	0	1	0
61.6128	29	0	1	LastDelay	0.00944844	9448.44	1	1
61.6334	27	0	1	LastDelay	0	0	1	0
61.6577	38	0	1	LastDelay	0	0	1	0
61.7344	23	0	1	LastDelay	0.0057719	5771.9	1	1
61.76	48	0	1	LastDelay	0	0	1	0
61.7605	52	0	1	LastDelay	0	0	1	0
61.7664	45	0	1	LastDelay	0.00330619	3306.19	1	1
61.7879	0	0	1	LastDelay	0.00184602	1846.02	1	1
61.795	36	0	1	LastDelay	0.0209547	20954.7	1	1
61.9217	53	0	1	LastDelay	0.00370183	3701.83	1	1
61.9767	35	0	1	LastDelay	0	0	1	0
61.989	4	0	1	LastDelay	0.00356131	3561.31	1	1
62.0262	24	0	1	LastDelay	0.00582006	5820.06	1	1
62.0453	47	0	1	LastDelay	0	0	1	0
62.1486	16	0	1	LastDelay	0.00436176	4361.76	1	1
62.1784	43	0	1	LastDelay	0.00162171	1621.71	1	1
62.1995	25	0	1	LastDelay	0.0118823	11882.3	1	1
62.2095	49	0	1	LastDelay	0.00780713	7807.13	1	1
62.2364	40	0	1	LastDelay	0	0	1	0
62.2767	46	0	1	LastDelay	0	0	1	0
62.3103	50	0	1	LastDelay	0.0176596	17659.6	1	1
62.3179	12	0	1	LastDelay	0.00110514	1105.14	1	1
62.3421	44	0	1	LastDelay	0.00639074	6390.74	1	1
62.3463	42	0	1	LastDelay	7.7147e-05	77.147	1	1
62.4405	33	0	1	LastDelay	0	0	1	0
62.4707	21	0	1	LastDelay	0.00331905	3319.05	1	1
62.527	17	0	1	LastDelay	0.00462464	4624.64	1	1
62.6033	29	0	1	LastDelay	0	0	1	0
62.662	38	0	1	LastDelay	0.00426159	4261.59	1	1
62.7286	23	0	1	LastDelay	0	0	1	0
62.7294	37	0	1	LastDelay	0.00345782	3457.82	1	1
62.7631	45	0	1	LastDelay	0	0	1	0
62.7681	48	0	1	LastDelay	0.0081404	8140.4	1	1
62.7681	52	0	1	LastDelay	0.00762553	7625.53	1	1
62.774	36	0	1	LastDelay	0	0	1	0
62.7861	0	0	1	LastDelay	0	0	1	0
62.918	53	0	1	LastDelay	0	0	1	0
62.9801	35	0	1	LastDelay	0.00330608	3306.08	1	1
62.9838	31	0	1	LastDelay	0.00209572	2095.72	1	1
62.9854	4	0	1	LastDelay	0	0	1	0
63.0203	24	0	1	LastDelay	0	0	1	0
63.0575	47	0	1	LastDelay	0.0121449	12144.9	1	1
63.1223	8	0	1	LastDelay	0.00330605	3306.05	1	1
63.1442	16	0	1	LastDelay	0	0	1	0
63.1768	43	0	1	LastDelay	0	0	1	0
63.1877	25	0	1	LastDelay	0	0	1	0
63.2017	49	0	1	LastDelay	0	0	1	0
63.2835	46	0	1	LastDelay	0.00672111	6721.11	1	1
63.2926	50	0	1	LastDelay	0	0	1	0
63.3019	32	0	1	LastDelay	0.0152119	15211.9	1	1
63.3168	12	0	1	LastDelay	0	0	1	0
63.3358	44	0	1	LastDelay	0	0	1	0
63.3462	42	0	1	LastDelay	0	0	1	0
63.4674	21	0	1	LastDelay	0	0	1	0
63.5224	17	0	1	LastDelay	0	0	1	0
63.6066	29	0	1	LastDelay	0.0033061	3306.1	1	1
63.6367	27	0	1	LastDelay	0.00330605	3306.05	1	1
63.6577	38	0	1	LastDelay	0	0	1	0
63.7259	37	0	1	LastDelay	0	0	1	0
63.76	48	0	1	LastDelay	0	0	1	0
63.7605	52	0	1	LastDelay	0	0	1	0
63.7798	36	0	1	LastDelay	0.00578813	5788.13	1	1
63.7908	0	0	1	LastDelay	0.00467403	4674.03	1	1
63.9767	35	0	1	LastDelay	0	0	1	0
63.9817	31	0	1	LastDelay	0	0	1	0
64.0377	41	0	1	LastDelay	0.000290854	290.854	1	1
64.0453	47	0	1	LastDelay	0	0	1	0
64.119	8	0	1	LastDelay	0	0	1	0
64.2044	49	0	1	LastDelay	0.0026976	2697.6	1	1
64.2767	46	0	1	LastDelay	0	0	1	0
64.2867	32	0	1	LastDelay	0	0	1	0
64.3177	12	0	1	LastDelay	0.000896251	896.251	1	1
64.3464	42	0	1	LastDelay	0.000187666	187.666	1	1
64.5277	17	0	1	LastDelay	0.0053372	5337.2	1	1
64.6033	29	0	1	LastDelay	0	0	1	0
64.6334	27	0	1	LastDelay	0	0	1	0
64.7292	37	0	1	LastDelay	0.0033061	3306.1	1	1
64.7292	23	0	1	LastDelay	0.000615189	615.189	1	1
64.76	48	0	1	LastDelay	3.0265e-05	30.265	1	1
64.7634	45	0	1	LastDelay	0.000327419	327.419	1	1
64.7676	52	0	1	LastDelay	0.00708241	7082.41	1	1
64.774	36	0	1	LastDelay	0	0	1	0
64.7847	57	0	1	LastDelay	0.0019841	1984.1	1	1
64.7861	0	0	1	LastDelay	0	0	1	0
64.9244	53	0	1	LastDelay	0.00637769	6377.69	1	1
64.9831	31	0	1	LastDelay	0.00138295	1382.95	1	1
64.9831	35	0	1	LastDelay	0.00637725	6377.25	1	1
64.9923	4	0	1	LastDelay	0.00693812	6938.12	1	1
65.0224	24	0	1	LastDelay	0.00211603	2116.03	1	1
65.0374	41	0	1	LastDelay	0	0	1	0
65.0484	47	0	1	LastDelay	0.00304911	3049.11	1	1
65.1223	8	0	1	LastDelay	0.00331907	3319.07	1	1
65.1445	16	0	1	LastDelay	0.000233956	233.956	1	1
65.191	25	0	1	LastDelay	0.00332206	3322.06	1	1
65.2017	49	0	1	LastDelay	0	0	1	0
65.2397	40	0	1	LastDelay	0.00330617	3306.17	1	1
65.2879	32	0	1	LastDelay	0.00120045	1200.45	1	1
65.2879	46	0	1	LastDelay	0.0111755	11175.5	1	1
65.2879	51	0	1	LastDelay	0.0105522	10552.2	1	1
65.2941	50	0	1	LastDelay	0.00144904	1449.04	1	1
65.3168	12	0	1	LastDelay	0	0	1	0
65.3378	44	0	1	LastDelay	0.00208701	2087.01	1	1
65.3462	42	0	1	LastDelay	0	0	1	0
65.4688	21	0	1	LastDelay	0.00141837	1418.37	1	1
65.5171	28	0	1	LastDelay	0.00326328	3263.28	1	1
65.5224	17	0	1	LastDelay	0	0	1	0
65.6066	29	0	1	LastDelay	0.00330635	3306.35	1	1
65.6346	27	0	1	LastDelay	0.00128349	1283.49	1	1
65.651	54	0	1	LastDelay	0.0143275	14327.5	1	1
65.6624	38	0	1	LastDelay	0.00465898	4658.98	1	1
65.6747	58	0	1	LastDelay	0.037655	37655	1	1
65.7259	37	0	1	LastDelay	0	0	1	0
65.7286	23	0	1	LastDelay	0	0	1	0
65.76	48	0	1	LastDelay	0	0	1	0
65.7605	52	0	1	LastDelay	0	0	1	0
65.7631	45	0	1	LastDelay	0	0	1	0
65.7827	57	0	1	LastDelay	0	0	1	0
65.7866	0	0	1	LastDelay	0.000477094	477.094	1	1
65.7866	36	0	1	LastDelay	0.0125335	12533.5	1	1
65.918	53	0	1	LastDelay	0	0	1	0
65.9767	35	0	1	LastDelay	0	0	1	0
65.9817	31	0	1	LastDelay	0	0	1	0
65.9854	4	0	1	LastDelay	0	0	1	0
66.0203	24	0	1	LastDelay	0	0	1	0
66.0407	41	0	1	LastDelay	0.00330627	3306.27	1	1
66.0453	47	0	1	LastDelay	0	0	1	0
66.119	8	0	1	LastDelay	0	0	1	0
66.1442	16	0	1	LastDelay	0	0	1	0
66.1877	25	0	1	LastDelay	0	0	1	0
66.2364	40	0	1	LastDelay	0	0	1	0
66.2767	46	0	1	LastDelay	0	0	1	0
66.2774	51	0	1	LastDelay	0	0	1	0
66.2867	32	0	1	LastDelay	0	0	1	0
66.2926	50	0	1	LastDelay	0	0	1	0
66.3358	44	0	1	LastDelay	0	0	1	0
66.4674	21	0	1	LastDelay	0	0	1	0
66.5138	28	0	1	LastDelay	0	0	1	0
66.5261	17	0	1	LastDelay	0.00366242	3662.42	1	1
66.6033	29	0	1	LastDelay	0	0	1	0
66.6334	27	0	1	LastDelay	0	0	1	0
66.6366	54	0	1	LastDelay	0	0	1	0
66.637	58	0	1	LastDelay	0	0	1	0
66.6577	38	0	1	LastDelay	0	0	1	0
66.7306	23	0	1	LastDelay	0.00198803	1988.03	1	1
66.769	45	0	1	LastDelay	0.00593854	5938.54	1	1
66.774	36	0	1	LastDelay	0	0	1	0
66.7814	52	0	1	LastDelay	0.0209075	20907.5	1	1
66.7861	0	0	1	LastDelay	0	0	1	0
66.7875	57	0	1	LastDelay	0.00481465	4814.65	1	1
66.9838	31	0	1	LastDelay	0.00209549	2095.49	1	1
67.0374	41	0	1	LastDelay	0	0	1	0
67.191	25	0	1	LastDelay	0.0033061	3306.1	1	1
67.3246	12	0	1	LastDelay	0.0078382	7838.2	1	1
67.3386	44	0	1	LastDelay	0.00288948	2889.48	1	1
67.4774	21	0	1	LastDelay	0.00998993	9989.93	1	1
67.5224	17	0	1	LastDelay	0	0	1	0
67.6367	27	0	1	LastDelay	0.00330616	3306.16	1	1
67.6599	38	0	1	LastDelay	0.00219319	2193.19	1	1
67.6599	58	0	1	LastDelay	0.0228914	22891.4	1	1
67.6599	54	0	1	LastDelay	0.0232835	23283.5	1	1
67.7286	23	0	1	LastDelay	0	0	1	0
67.7292	37	0	1	LastDelay	0.00329942	3299.42	1	1
67.7605	52	0	1	LastDelay	0	0	1	0
67.7629	48	0	1	LastDelay	0.00289449	2894.49	1	1
67.7631	45	0	1	LastDelay	0	0	1	0
67.7827	57	0	1	LastDelay	0	0	1	0
67.7838	36	0	1	LastDelay	0.00977744	9777.44	1	1
67.7869	0	0	1	LastDelay	0.000792211	792.211	1	1
67.9817	31	0	1	LastDelay	0	0	1	0
67.9893	4	0	1	LastDelay	0.00386724	3867.24	1	1
68.0252	24	0	1	LastDelay	0.00483317	4833.17	1	1
68.0382	41	0	1	LastDelay	0.000841065	841.065	1	1
68.1223	8	0	1	LastDelay	0.00330625	3306.25	1	1
68.1459	16	0	1	LastDelay	0.00165879	1658.79	1	1
68.1877	25	0	1	LastDelay	0	0	1	0
68.205	49	0	1	LastDelay	0.003306	3306	1	1
68.2374	40	0	1	LastDelay	0.000992803	992.803	1	1
68.2866	51	0	1	LastDelay	0.00925935	9259.35	1	1
68.2931	32	0	1	LastDelay	0.00639325	6393.26	1	1
68.2993	50	0	1	LastDelay	0.00665511	6655.11	1	1
68.3168	12	0	1	LastDelay	0	0	1	0
68.3358	44	0	1	LastDelay	0	0	1	0
68.3468	42	0	1	LastDelay	0.000572057	572.057	1	1
68.4674	21	0	1	LastDelay	0	0	1	0
68.5171	28	0	1	LastDelay	0.00330602	3306.02	1	1
68.5264	17	0	1	LastDelay	0.00397708	3977.09	1	1
68.6066	29	0	1	LastDelay	0.0033062	3306.2	1	1
68.6334	27	0	1	LastDelay	0	0	1	0
68.6366	54	0	1	LastDelay	0	0	1	0
68.637	58	0	1	LastDelay	0	0	1	0
68.6577	38	0	1	LastDelay	0	0	1	0
68.7242	55	0	1	LastDelay	0.0033065	3306.5	1	1
68.7259	37	0	1	LastDelay	0	0	1	0
68.7293	23	0	1	LastDelay	0.000708906	708.906	1	1
68.7533	56	0	1	LastDelay	0.691679	691679	1	1
68.76	48	0	1	LastDelay	0	0	1	0
68.7656	45	0	1	LastDelay	0.00248988	2489.88	1	1
68.7656	52	0	1	LastDelay	0.00509182	5091.82	1	1
68.774	36	0	1	LastDelay	0	0	1	0
68.7861	0	0	1	LastDelay	0	0	1	0
68.8011	57	0	1	LastDelay	0.0184099	18409.9	1	1
68.9831	31	0	1	LastDelay	0.00138307	1383.07	1	1
68.9831	35	0	1	LastDelay	0.00637737	6377.37	1	1
68.9854	4	0	1	LastDelay	0	0	1	0
69.0203	24	0	1	LastDelay	0	0	1	0
69.0374	41	0	1	LastDelay	0	0	1	0
69.0616	56	0	1	LastDelay	0	0	1	0
69.119	8	0	1	LastDelay	0	0	1	0
69.1442	16	0	1	LastDelay	0	0	1	0
69.2017	49	0	1	LastDelay	0	0	1	0
69.2039	62	0	1	LastDelay	0.1414	141400	1	1
69.2364	40	0	1	LastDelay	0	0	1	0
69.2774	51	0	1	LastDelay	0	0	1	0
69.2867	32	0	1	LastDelay	0	0	1	0
69.2926	50	0	1	LastDelay	0	0	1	0
69.3462	42	0	1	LastDelay	0	0	1	0
69.3509	44	0	1	LastDelay	0.0151918	15191.8	1	1
69.4167	59	0	1	LastDelay	0.00388408	3884.08	1	1
69.4678	21	0	1	LastDelay	0.000405318	405.318	1	1
69.5138	28	0	1	LastDelay	0	0	1	0
69.5224	17	0	1	LastDelay	0	0	1	0
69.6033	29	0	1	LastDelay	0	0	1	0
69.6339	27	0	1	LastDelay	0.000520359	520.359	1	1
69.6339	61	0	1	LastDelay	0.00331961	3319.61	1	1
69.6409	54	0	1	LastDelay	0.0042309	4230.9	1	1
69.6488	58	0	1	LastDelay	0.0117362	11736.2	1	1
69.7209	55	0	1	LastDelay	0	0	1	0
69.7286	23	0	1	LastDelay	0	0	1	0
69.7605	52	0	1	LastDelay	0	0	1	0
69.7624	48	0	1	LastDelay	0.00248191	2481.91	1	1
69.7631	45	0	1	LastDelay	0	0	1	0
69.7773	36	0	1	LastDelay	0.00324748	3247.47	1	1
69.7827	57	0	1	LastDelay	0	0	1	0
69.7909	0	0	1	LastDelay	0.00484852	4848.52	1	1
69.8243	63	0	1	LastDelay	0.00333251	3332.51	1	1
69.9767	35	0	1	LastDelay	0	0	1	0
69.9817	31	0	1	LastDelay	0	0	1	0
70.0236	24	0	1	LastDelay	0.00330607	3306.07	1	1
70.0418	41	0	1	LastDelay	0.00437928	4379.28	1	1
70.0625	62	0	1	LastDelay	0	0	1	0
70.0677	56	0	1	LastDelay	0.00608459	6084.59	1	1
70.1287	8	0	1	LastDelay	0.00979171	9791.71	1	1
70.1513	16	0	1	LastDelay	0.00708952	7089.52	1	1
70.191	25	0	1	LastDelay	0.00331923	3319.23	1	1
70.2211	49	0	1	LastDelay	0.0194147	19414.7	1	1
70.2389	40	0	1	LastDelay	0.00248605	2486.05	1	1
70.2772	46	0	1	LastDelay	0.000442955	442.955	1	1
70.2833	51	0	1	LastDelay	0.00596195	5961.95	1	1
70.296	32	0	1	LastDelay	0.00923752	9237.52	1	1
70.2997	50	0	1	LastDelay	0.00708844	7088.44	1	1
70.3198	12	0	1	LastDelay	0.00306074	3060.74	1	1
70.3358	44	0	1	LastDelay	0	0	1	0
70.3506	42	0	1	LastDelay	0.00440748	4407.48	1	1
70.4128	59	0	1	LastDelay	0	0	1	0
70.4426	33	0	1	LastDelay	0.00207896	2078.97	1	1
70.4674	21	0	1	LastDelay	0	0	1	0
70.5362	17	0	1	LastDelay	0.0138386	13838.6	1	1
70.6095	29	0	1	LastDelay	0.00622502	6225.02	1	1
70.6306	61	0	1	LastDelay	0	0	1	0
70.6334	27	0	1	LastDelay	0	0	1	0
70.6366	54	0	1	LastDelay	0	0	1	0
70.637	58	0	1	LastDelay	0	0	1	0
70.6641	38	0	1	LastDelay	0.00637748	6377.48	1	1
70.7273	37	0	1	LastDelay	0.00135397	1353.97	1	1
70.7303	23	0	1	LastDelay	0.00173406	1734.06	1	1
70.7303	55	0	1	LastDelay	0.00944878	9448.78	1	1
70.76	48	0	1	LastDelay	0	0	1	0
70.7617	52	0	1	LastDelay	0.00126235	1262.35	1	1
70.7679	45	0	1	LastDelay	0.00481539	4815.39	1	1
70.774	36	0	1	LastDelay	0	0	1	0
70.7861	0	0	1	LastDelay	0	0	1	0
70.787	57	0	1	LastDelay	0.00432418	4324.18	1	1
70.821	63	0	1	LastDelay	0	0	1	0
70.9801	35	0	1	LastDelay	0.0033062	3306.2	1	1
70.9904	4	0	1	LastDelay	0.00496157	4961.57	1	1
70.9966	31	0	1	LastDelay	0.0148536	14853.6	1	1
71.0203	24	0	1	LastDelay	0	0	1	0
71.0374	41	0	1	LastDelay	0	0	1	0
71.0616	56	0	1	LastDelay	0	0	1	0
71.0658	62	0	1	LastDelay	0.00330671	3306.71	1	1
71.119	8	0	1	LastDelay	0	0	1	0
71.1442	16	0	1	LastDelay	0	0	1	0
71.1877	25	0	1	LastDelay	0	0	1	0
71.2017	49	0	1	LastDelay	0	0	1	0
71.2364	40	0	1	LastDelay	0	0	1	0
71.2767	46	0	1	LastDelay	0	0	1	0
71.2774	51	0	1	LastDelay	0	0	1	0
71.2867	32	0	1	LastDelay	0	0	1	0
71.2926	50	0	1	LastDelay	0	0	1	0
71.3168	12	0	1	LastDelay	0	0	1	0
71.3462	42	0	1	LastDelay	0	0	1	0
71.3685	66	0	1	LastDelay	0.638141	638141	1	1
71.4405	33	0	1	LastDelay	0	0	1	0
71.5224	17	0	1	LastDelay	0	0	1	0
71.6033	29	0	1	LastDelay	0	0	1	0
71.6394	27	0	1	LastDelay	0.00599422	5994.22	1	1
71.6499	58	0	1	LastDelay	0.012914	12914	1	1
71.6575	54	0	1	LastDelay	0.0208469	20846.9	1	1
71.6577	38	0	1	LastDelay	0	0	1	0
71.7209	55	0	1	LastDelay	0	0	1	0
71.7259	37	0	1	LastDelay	0	0	1	0
71.7286	23	0	1	LastDelay	0	0	1	0
71.7303	66	0	1	LastDelay	0	0	1	0
71.7605	52	0	1	LastDelay	0	0	1	0
71.7631	45	0	1	LastDelay	0	0	1	0
71.7814	36	0	1	LastDelay	0.00735431	7354.31	1	1
71.7827	57	0	1	LastDelay	0	0	1	0
71.808	0	0	1	LastDelay	0.0219032	21903.2	1	1
71.9767	35	0	1	LastDelay	0	0	1	0
71.9817	31	0	1	LastDelay	0	0	1	0
71.9854	4	0	1	LastDelay	0	0	1	0
72.0625	62	0	1	LastDelay	0	0	1	0
72.0682	56	0	1	LastDelay	0.00664011	6640.11	1	1
72.2078	49	0	1	LastDelay	0.00611742	6117.42	1	1
72.2879	32	0	1	LastDelay	0.00121584	1215.84	1	1
72.3098	50	0	1	LastDelay	0.0171964	17196.4	1	1
72.3245	12	0	1	LastDelay	0.00772464	7724.64	1	1
72.3481	44	0	1	LastDelay	0.0123174	12317.4	1	1
72.3481	42	0	1	LastDelay	0.00189021	1890.21	1	1
72.3522	51	0	1	LastDelay	0.0748668	74866.8	1	1
72.4739	21	0	1	LastDelay	0.00651156	6511.56	1	1
72.5253	17	0	1	LastDelay	0.00295217	2952.17	1	1
72.6334	27	0	1	LastDelay	0	0	1	0
72.6366	54	0	1	LastDelay	0	0	1	0
72.637	58	0	1	LastDelay	0	0	1	0
72.6624	38	0	1	LastDelay	0.00464245	4642.45	1	1
72.7273	37	0	1	LastDelay	0.00135396	1353.95	1	1
72.7372	23	0	1	LastDelay	0.00856263	8562.63	1	1
72.7733	52	0	1	LastDelay	0.0128408	12840.8	1	1
72.7733	48	0	1	LastDelay	0.0133558	13355.8	1	1
72.774	36	0	1	LastDelay	0	0	1	0
72.7767	45	0	1	LastDelay	0.0136531	13653.1	1	1
72.7861	0	0	1	LastDelay	0	0	1	0
72.7966	57	0	1	LastDelay	0.0138457	13845.7	1	1
72.8627	66	0	1	LastDelay	0.132338	132338	1	1
72.8894	65	0	1	LastDelay	0.00401888	4018.88	1	1
72.9862	4	0	1	LastDelay	0.000808633	808.633	1	1
72.9924	31	0	1	LastDelay	0.0106092	10609.2	1	1
73.039	41	0	1	LastDelay	0.00156565	1565.65	1	1
73.0616	56	0	1	LastDelay	0	0	1	0
73.0647	62	0	1	LastDelay	0.00219533	2195.33	1	1
73.1469	16	0	1	LastDelay	0.00264652	2646.52	1	1
73.2017	49	0	1	LastDelay	0	0	1	0
73.2123	25	0	1	LastDelay	0.0246126	24612.6	1	1
73.2375	40	0	1	LastDelay	0.00111313	1113.13	1	1
73.2774	51	0	1	LastDelay	0	0	1	0
73.2779	46	0	1	LastDelay	0.00117996	1179.96	1	1
73.2867	32	0	1	LastDelay	0	0	1	0
73.2926	50	0	1	LastDelay	0	0	1	0
73.3168	12	0	1	LastDelay	0	0	1	0
73.3358	44	0	1	LastDelay	0	0	1	0
73.3462	42	0	1	LastDelay	0	0	1	0
73.4192	59	0	1	LastDelay	0.00639065	6390.65	1	1
73.4488	33	0	1	LastDelay	0.00820655	8206.55	1	1
73.4674	21	0	1	LastDelay	0	0	1	0
73.5203	28	0	1	LastDelay	0.0064554	6455.4	1	1
73.5224	17	0	1	LastDelay	0	0	1	0
73.639	54	0	1	LastDelay	0.00234708	2347.08	1	1
73.642	27	0	1	LastDelay	0.00868122	8681.22	1	1
73.642	61	0	1	LastDelay	0.0114805	11480.5	1	1
73.642	58	0	1	LastDelay	0.0050263	5026.3	1	1
73.6577	38	0	1	LastDelay	0	0	1	0
73.6772	70	0	1	LastDelay	0.0255589	25558.8	1	1
73.7259	37	0	1	LastDelay	0	0	1	0
73.7286	23	0	1	LastDelay	0	0	1	0
73.7303	66	0	1	LastDelay	0	0	1	0
73.76	48	0	1	LastDelay	0	0	1	0
73.7605	52	0	1	LastDelay	0	0	1	0
73.7631	45	0	1	LastDelay	0	0	1	0
73.7827	57	0	1	LastDelay	0	0	1	0
73.7873	0	0	1	LastDelay	0.00120266	1202.66	1	1
73.8854	65	0	1	LastDelay	0	0	1	0
73.9274	53	0	1	LastDelay	0.00944874	9448.74	1	1
73.9817	31	0	1	LastDelay	0	0	1	0
73.9854	4	0	1	LastDelay	0	0	1	0
74.0214	24	0	1	LastDelay	0.00106129	1061.29	1	1
74.0374	41	0	1	LastDelay	0	0	1	0
74.0625	62	0	1	LastDelay	0	0	1	0
74.0635	56	0	1	LastDelay	0.00188592	1885.92	1	1
74.1253	8	0	1	LastDelay	0.00637747	6377.48	1	1
74.1442	16	0	1	LastDelay	0	0	1	0
74.1575	60	0	1	LastDelay	0.0119137	11913.7	1	1
74.1877	25	0	1	LastDelay	0	0	1	0
74.208	49	0	1	LastDelay	0.00636464	6364.64	1	1
74.2145	64	0	1	LastDelay	0.370547	370547	1	1
74.2364	40	0	1	LastDelay	0	0	1	0
74.2767	46	0	1	LastDelay	0	0	1	0
74.2935	50	0	1	LastDelay	0.000904889	904.889	1	1
74.2935	32	0	1	LastDelay	0.00681193	6811.93	1	1
74.3208	12	0	1	LastDelay	0.00400065	4000.65	1	1
74.3505	42	0	1	LastDelay	0.0043478	4347.8	1	1
74.3536	44	0	1	LastDelay	0.0178462	17846.2	1	1
74.4128	59	0	1	LastDelay	0	0	1	0
74.4405	33	0	1	LastDelay	0	0	1	0
74.5138	28	0	1	LastDelay	0	0	1	0
74.6306	61	0	1	LastDelay	0	0	1	0
74.6334	27	0	1	LastDelay	0	0	1	0
74.6366	54	0	1	LastDelay	0	0	1	0
74.637	58	0	1	LastDelay	0	0	1	0
74.6516	70	0	1	LastDelay	0	0	1	0
74.661	38	0	1	LastDelay	0.00330605	3306.05	1	1
74.7307	37	0	1	LastDelay	0.00476861	4768.61	1	1
74.7375	66	0	1	LastDelay	0.00717326	7173.27	1	1
74.7505	23	0	1	LastDelay	0.0218902	21890.2	1	1
74.7686	45	0	1	LastDelay	0.00554883	5548.83	1	1
74.7686	48	0	1	LastDelay	0.00866593	8665.93	1	1
74.7686	52	0	1	LastDelay	0.00815089	8150.89	1	1
74.7755	36	0	1	LastDelay	0.00142792	1427.92	1	1
74.7861	0	0	1	LastDelay	0	0	1	0
74.7945	57	0	1	LastDelay	0.0118202	11820.2	1	1
74.844	64	0	1	LastDelay	0	0	1	0
74.8875	65	0	1	LastDelay	0.002085	2085	1	1
74.918	53	0	1	LastDelay	0	0	1	0
74.9842	31	0	1	LastDelay	0.00241271	2412.71	1	1
74.9876	4	0	1	LastDelay	0.00216874	2168.74	1	1
74.9876	69	0	1	LastDelay	0.721925	721925	1	1
75.0203	24	0	1	LastDelay	0	0	1	0
75.0616	56	0	1	LastDelay	0	0	1	0
75.0687	62	0	1	LastDelay	0.0061884	6188.4	1	1
75.119	8	0	1	LastDelay	0	0	1	0
75.1455	60	0	1	LastDelay	0	0	1	0
75.1895	25	0	1	LastDelay	0.00187056	1870.56	1	1
75.2017	49	0	1	LastDelay	0	0	1	0
75.2366	40	0	1	LastDelay	0.000175964	175.964	1	1
75.2656	69	0	1	LastDelay	0	0	1	0
75.2867	32	0	1	LastDelay	0	0	1	0
75.2926	50	0	1	LastDelay	0	0	1	0
75.3168	12	0	1	LastDelay	0	0	1	0
75.3358	44	0	1	LastDelay	0	0	1	0
75.3462	42	0	1	LastDelay	0	0	1	0
75.4527	33	0	1	LastDelay	0.0121607	12160.7	1	1
75.4707	21	0	1	LastDelay	0.00327871	3278.71	1	1
75.5233	17	0	1	LastDelay	0.000866979	866.979	1	1
75.6333	61	0	1	LastDelay	0.00272722	2727.22	1	1
75.6364	27	0	1	LastDelay	0.00299919	2999.18	1	1
75.6432	58	0	1	LastDelay	0.00616005	6160.05	1	1
75.6432	54	0	1	LastDelay	0.00655227	6552.27	1	1
75.6577	38	0	1	LastDelay	0	0	1	0
75.7259	37	0	1	LastDelay	0	0	1	0
75.7286	23	0	1	LastDelay	0	0	1	0
75.7303	66	0	1	LastDelay	0	0	1	0
75.76	48	0	1	LastDelay	0	0	1	0
75.7605	52	0	1	LastDelay	0	0	1	0
75.7631	45	0	1	LastDelay	0	0	1	0
75.774	36	0	1	LastDelay	0	0	1	0
75.7827	57	0	1	LastDelay	0	0	1	0
75.8854	65	0	1	LastDelay	0	0	1	0
75.9817	31	0	1	LastDelay	0	0	1	0
75.9854	4	0	1	LastDelay	0	0	1	0
76.0383	41	0	1	LastDelay	0.000925574	925.574	1	1
76.0625	62	0	1	LastDelay	0	0	1	0
76.1504	16	0	1	LastDelay	0.00618466	6184.66	1	1
76.1504	60	0	1	LastDelay	0.00487956	4879.56	1	1
76.1877	25	0	1	LastDelay	0	0	1	0
76.2364	40	0	1	LastDelay	0	0	1	0
76.2872	32	0	1	LastDelay	0.000516208	516.208	1	1
76.3109	50	0	1	LastDelay	0.0183128	18312.8	1	1
76.325	12	0	1	LastDelay	0.00826262	8262.62	1	1
76.3421	44	0	1	LastDelay	0.00636959	6369.59	1	1
76.3708	42	0	1	LastDelay	0.0246205	24620.5	1	1
76.4405	33	0	1	LastDelay	0	0	1	0
76.4674	21	0	1	LastDelay	0	0	1	0
76.5224	17	0	1	LastDelay	0	0	1	0
76.6203	67	0	1	LastDelay	0.00430829	4308.29	1	1
76.6306	61	0	1	LastDelay	0	0	1	0
76.6334	27	0	1	LastDelay	0	0	1	0
76.6366	54	0	1	LastDelay	0	0	1	0
76.637	58	0	1	LastDelay	0	0	1	0
76.6595	38	0	1	LastDelay	0.00176737	1767.37	1	1
76.7314	23	0	1	LastDelay	0.00278983	2789.83	1	1
76.7314	37	0	1	LastDelay	0.00548089	5480.89	1	1
76.7314	66	0	1	LastDelay	0.00105685	1056.85	1	1
76.7697	45	0	1	LastDelay	0.00657602	6576.02	1	1
76.7796	36	0	1	LastDelay	0.00556557	5565.57	1	1
76.783	48	0	1	LastDelay	0.0230459	23045.9	1	1
76.783	57	0	1	LastDelay	0.000295667	295.667	1	1
76.7967	0	0	1	LastDelay	0.0106346	10634.6	1	1
76.8247	63	0	1	LastDelay	0.00370422	3704.22	1	1
76.8472	64	0	1	LastDelay	0.00327215	3272.15	1	1
76.8872	65	0	1	LastDelay	0.00177791	1777.91	1	1
76.8872	68	0	1	LastDelay	0.227774	227774	1	1
76.9228	53	0	1	LastDelay	0.00480661	4806.61	1	1
76.9801	35	0	1	LastDelay	0.00330612	3306.12	1	1
76.9865	31	0	1	LastDelay	0.00479785	4797.85	1	1
76.9896	4	0	1	LastDelay	0.00422364	4223.64	1	1
77.0279	24	0	1	LastDelay	0.00754681	7546.81	1	1
77.0374	41	0	1	LastDelay	0	0	1	0
77.065	56	0	1	LastDelay	0.00339755	3397.55	1	1
77.0748	62	0	1	LastDelay	0.0122769	12276.9	1	1
77.1442	16	0	1	LastDelay	0	0	1	0
77.1455	60	0	1	LastDelay	0	0	1	0
77.191	25	0	1	LastDelay	0.00330621	3306.21	1	1
77.207	49	0	1	LastDelay	0.0053588	5358.8	1	1
77.2429	40	0	1	LastDelay	0.00643417	6434.17	1	1
77.254	71	0	1	LastDelay	0.00334506	3345.06	1	1
77.2785	46	0	1	LastDelay	0.00178086	1780.86	1	1
77.2867	32	0	1	LastDelay	0	0	1	0
77.2926	50	0	1	LastDelay	0	0	1	0
77.3168	12	0	1	LastDelay	0	0	1	0
77.3358	44	0	1	LastDelay	0	0	1	0
77.3462	42	0	1	LastDelay	0	0	1	0
77.4192	69	0	1	LastDelay	0.153517	153517	1	1
77.441	33	0	1	LastDelay	0.000493598	493.598	1	1
77.4707	21	0	1	LastDelay	0.00330615	3306.15	1	1
77.5229	17	0	1	LastDelay	0.000477499	477.499	1	1
77.616	67	0	1	LastDelay	0	0	1	0
77.6312	61	0	1	LastDelay	0.000642531	642.531	1	1
77.6343	27	0	1	LastDelay	0.000914377	914.377	1	1
77.6374	54	0	1	LastDelay	0.000723123	723.123	1	1
77.6577	38	0	1	LastDelay	0	0	1	0
77.6594	68	0	1	LastDelay	0	0	1	0
77.664	58	0	1	LastDelay	0.0270249	27024.9	1	1
77.664	70	0	1	LastDelay	0.0124006	12400.6	1	1
77.7259	37	0	1	LastDelay	0	0	1	0
77.7286	23	0	1	LastDelay	0	0	1	0
77.7303	66	0	1	LastDelay	0	0	1	0
77.76	48	0	1	LastDelay	0	0	1	0
77.7622	52	0	1	LastDelay	0.00174942	1749.42	1	1
77.7631	45	0	1	LastDelay	0	0	1	0
77.774	36	0	1	LastDelay	0	0	1	0
77.7827	57	0	1	LastDelay	0	0	1	0
77.7861	0	0	1	LastDelay	0	0	1	0
77.821	63	0	1	LastDelay	0	0	1	0
77.844	64	0	1	LastDelay	0	0	1	0
77.8854	65	0	1	LastDelay	0	0	1	0
77.918	53	0	1	LastDelay	0	0	1	0
77.9767	35	0	1	LastDelay	0	0	1	0
77.9817	31	0	1	LastDelay	0	0	1	0
77.9854	4	0	1	LastDelay	0	0	1	0
78.0203	24	0	1	LastDelay	0	0	1	0
78.041	41	0	1	LastDelay	0.00364956	3649.56	1	1
78.0616	56	0	1	LastDelay	0	0	1	0
78.0625	62	0	1	LastDelay	0	0	1	0
78.1654	60	0	1	LastDelay	0.0198104	19810.4	1	1
78.1877	25	0	1	LastDelay	0	0	1	0
78.2017	49	0	1	LastDelay	0	0	1	0
78.2364	40	0	1	LastDelay	0	0	1	0
78.2507	71	0	1	LastDelay	0	0	1	0
78.2656	69	0	1	LastDelay	0	0	1	0
78.2767	46	0	1	LastDelay	0	0	1	0
78.3082	50	0	1	LastDelay	0.0155661	15566.1	1	1
78.3178	12	0	1	LastDelay	0.00105386	1053.86	1	1
78.3391	44	0	1	LastDelay	0.00330606	3306.06	1	1
78.3616	42	0	1	LastDelay	0.0154205	15420.5	1	1
78.4161	59	0	1	LastDelay	0.00331925	3319.25	1	1
78.4405	33	0	1	LastDelay	0	0	1	0
78.4674	21	0	1	LastDelay	0	0	1	0
78.5171	28	0	1	LastDelay	0.0033062	3306.2	1	1
78.5224	17	0	1	LastDelay	0	0	1	0
78.6292	67	0	1	LastDelay	0.0132043	13204.3	1	1
78.6306	61	0	1	LastDelay	0	0	1	0
78.6334	27	0	1	LastDelay	0	0	1	0
78.6366	54	0	1	LastDelay	0	0	1	0
78.637	58	0	1	LastDelay	0	0	1	0
78.6516	70	0	1	LastDelay	0	0	1	0
78.6596	38	0	1	LastDelay	0.00184254	1842.54	1	1
78.7283	37	0	1	LastDelay	0.00238309	2383.09	1	1
78.7348	23	0	1	LastDelay	0.00617787	6177.87	1	1
78.7378	66	0	1	LastDelay	0.00751583	7515.83	1	1
78.7605	52	0	1	LastDelay	0	0	1	0
78.7684	48	0	1	LastDelay	0.00839767	8397.67	1	1
78.78	45	0	1	LastDelay	0.0169123	16912.3	1	1
78.796	36	0	1	LastDelay	0.0219579	21957.9	1	1
78.8025	0	0	1	LastDelay	0.0164004	16400.4	1	1
78.8025	57	0	1	LastDelay	0.0197728	19772.8	1	1
78.8243	63	0	1	LastDelay	0.00332844	3328.44	1	1
78.8541	64	0	1	LastDelay	0.010082	10082	1	1
78.8866	65	0	1	LastDelay	0.00118974	1189.74	1	1
78.9221	53	0	1	LastDelay	0.00413789	4137.89	1	1
78.9838	31	0	1	LastDelay	0.00208264	2082.64	1	1
78.99	4	0	1	LastDelay	0.00456659	4566.6	1	1
79.0223	24	0	1	LastDelay	0.00199745	1997.45	1	1
79.0374	41	0	1	LastDelay	0	0	1	0
79.0868	62	0	1	LastDelay	0.0242136	24213.6	1	1
79.122	8	0	1	LastDelay	0.00303069	3030.69	1	1
79.1455	60	0	1	LastDelay	0	0	1	0
79.1469	16	0	1	LastDelay	0.00267431	2674.31	1	1
79.1912	25	0	1	LastDelay	0.00358863	3588.63	1	1
79.207	49	0	1	LastDelay	0.00537817	5378.17	1	1
79.269	69	0	1	LastDelay	0.00330654	3306.54	1	1
79.2785	46	0	1	LastDelay	0.00176785	1767.85	1	1
79.2908	32	0	1	LastDelay	0.00410428	4104.28	1	1
79.2926	50	0	1	LastDelay	0	0	1	0
79.3168	12	0	1	LastDelay	0	0	1	0
79.3358	44	0	1	LastDelay	0	0	1	0
79.3462	42	0	1	LastDelay	0	0	1	0
79.4128	59	0	1	LastDelay	0	0	1	0
79.4692	21	0	1	LastDelay	0.00176199	1761.99	1	1
79.5138	28	0	1	LastDelay	0	0	1	0
79.5286	17	0	1	LastDelay	0.00617584	6175.84	1	1
79.616	67	0	1	LastDelay	0	0	1	0
79.6319	61	0	1	LastDelay	0.00138094	1380.94	1	1
79.6418	27	0	1	LastDelay	0.00848174	8481.74	1	1
79.6449	54	0	1	LastDelay	0.00829034	8290.34	1	1
79.648	58	0	1	LastDelay	0.0109695	10969.5	1	1
79.6541	70	0	1	LastDelay	0.00248711	2487.11	1	1
79.6577	38	0	1	LastDelay	0	0	1	0
79.6898	74	0	1	LastDelay	0.0129676	12967.6	1	1
79.6928	68	0	1	LastDelay	0.0334273	33427.3	1	1
79.7226	55	0	1	LastDelay	0.001718	1718	1	1
79.7259	37	0	1	LastDelay	0	0	1	0
79.7286	23	0	1	LastDelay	0	0	1	0
79.7303	66	0	1	LastDelay	0	0	1	0
79.76	48	0	1	LastDelay	0	0	1	0
79.7631	45	0	1	LastDelay	0	0	1	0
79.7651	52	0	1	LastDelay	0.00464706	4647.06	1	1
79.774	36	0	1	LastDelay	0	0	1	0
79.7827	57	0	1	LastDelay	0	0	1	0
79.7861	0	0	1	LastDelay	0	0	1	0
79.7993	75	0	1	LastDelay	0.381373	381373	1	1
79.821	63	0	1	LastDelay	0	0	1	0
79.844	64	0	1	LastDelay	0	0	1	0
79.8854	65	0	1	LastDelay	0	0	1	0
79.918	53	0	1	LastDelay	0	0	1	0
79.9817	31	0	1	LastDelay	0	0	1	0
79.9854	4	0	1	LastDelay	0	0	1	0
80.0203	24	0	1	LastDelay	0	0	1	0
80.0625	62	0	1	LastDelay	0	0	1	0
80.119	8	0	1	LastDelay	0	0	1	0
80.1442	16	0	1	LastDelay	0	0	1	0
80.155	60	0	1	LastDelay	0.00946156	9461.56	1	1
80.1877	25	0	1	LastDelay	0	0	1	0
80.2017	49	0	1	LastDelay	0	0	1	0
80.2656	69	0	1	LastDelay	0	0	1	0
80.2767	46	0	1	LastDelay	0	0	1	0
80.2867	32	0	1	LastDelay	0	0	1	0
80.2959	50	0	1	LastDelay	0.00330605	3306.05	1	1
80.318	12	0	1	LastDelay	0.0012047	1204.7	1	1
80.344	44	0	1	LastDelay	0.00820048	8200.48	1	1
80.347	42	0	1	LastDelay	0.00084447	844.47	1	1
80.4161	59	0	1	LastDelay	0.0033191	3319.1	1	1
80.4179	75	0	1	LastDelay	0	0	1	0
80.4414	33	0	1	LastDelay	0.000866633	866.633	1	1
80.4674	21	0	1	LastDelay	0	0	1	0
80.5175	28	0	1	LastDelay	0.00367543	3675.43	1	1
80.5224	17	0	1	LastDelay	0	0	1	0
80.6306	61	0	1	LastDelay	0	0	1	0
80.6326	67	0	1	LastDelay	0.0166056	16605.6	1	1
80.6334	27	0	1	LastDelay	0	0	1	0
80.6366	54	0	1	LastDelay	0	0	1	0
80.637	58	0	1	LastDelay	0	0	1	0
80.6516	70	0	1	LastDelay	0	0	1	0
80.6594	68	0	1	LastDelay	0	0	1	0
80.6768	74	0	1	LastDelay	0	0	1	0
80.7209	55	0	1	LastDelay	0	0	1	0
80.7391	23	0	1	LastDelay	0.010528	10528	1	1
80.7456	66	0	1	LastDelay	0.0152806	15280.6	1	1
80.7605	52	0	1	LastDelay	0	0	1	0
80.7668	45	0	1	LastDelay	0.00369064	3690.64	1	1
80.7828	48	0	1	LastDelay	0.0228499	22849.9	1	1
80.7828	57	0	1	LastDelay	9.9694e-05	99.694	1	1
80.7927	36	0	1	LastDelay	0.0186966	18696.6	1	1
80.7927	0	0	1	LastDelay	0.00664036	6640.36	1	1
80.8246	63	0	1	LastDelay	0.00355336	3553.36	1	1
80.8949	65	0	1	LastDelay	0.00944924	9449.24	1	1
80.9205	53	0	1	LastDelay	0.00247692	2476.92	1	1
80.9801	35	0	1	LastDelay	0.00330605	3306.05	1	1
80.9927	31	0	1	LastDelay	0.0109402	10940.2	1	1
80.9927	4	0	1	LastDelay	0.00728181	7281.81	1	1
81.0252	24	0	1	LastDelay	0.00483347	4833.47	1	1
81.0408	41	0	1	LastDelay	0.00342824	3428.24	1	1
81.0692	62	0	1	LastDelay	0.00664106	6641.06	1	1
81.1239	8	0	1	LastDelay	0.00492611	4926.11	1	1
81.1455	60	0	1	LastDelay	0	0	1	0
81.1929	25	0	1	LastDelay	0.00521789	5217.89	1	1
81.2024	49	0	1	LastDelay	0.000749529	749.529	1	1
81.2365	40	0	1	LastDelay	0.000121903	121.903	1	1
81.2657	69	0	1	LastDelay	3.6244e-05	36.244	1	1
81.2783	46	0	1	LastDelay	0.00158164	1581.64	1	1
81.2913	32	0	1	LastDelay	0.0046036	4603.6	1	1
81.2926	50	0	1	LastDelay	0	0	1	0
81.3168	12	0	1	LastDelay	0	0	1	0
81.3358	44	0	1	LastDelay	0	0	1	0
81.3462	42	0	1	LastDelay	0	0	1	0
81.4128	59	0	1	LastDelay	0	0	1	0
81.4405	33	0	1	LastDelay	0	0	1	0
81.5138	28	0	1	LastDelay	0	0	1	0
81.5288	17	0	1	LastDelay	0.00637728	6377.28	1	1
81.616	67	0	1	LastDelay	0	0	1	0
81.6324	61	0	1	LastDelay	0.0017917	1791.7	1	1
81.6385	27	0	1	LastDelay	0.00513485	5134.85	1	1
81.6453	58	0	1	LastDelay	0.00825847	8258.47	1	1
81.6545	70	0	1	LastDelay	0.00284756	2847.56	1	1
81.6699	38	0	1	LastDelay	0.0121565	12156.5	1	1
81.6699	68	0	1	LastDelay	0.0104537	10453.7	1	1
81.6926	74	0	1	LastDelay	0.0157803	15780.3	1	1
81.724	55	0	1	LastDelay	0.00307842	3078.41	1	1
81.727	37	0	1	LastDelay	0.00112631	1126.31	1	1
81.7286	23	0	1	LastDelay	0	0	1	0
81.7303	66	0	1	LastDelay	0	0	1	0
81.76	48	0	1	LastDelay	0	0	1	0
81.7622	52	0	1	LastDelay	0.00172113	1721.13	1	1
81.7631	45	0	1	LastDelay	0	0	1	0
81.774	36	0	1	LastDelay	0	0	1	0
81.7827	57	0	1	LastDelay	0	0	1	0
81.7861	0	0	1	LastDelay	0	0	1	0
81.821	63	0	1	LastDelay	0	0	1	0
81.8504	64	0	1	LastDelay	0.00637739	6377.39	1	1
81.8854	65	0	1	LastDelay	0	0	1	0
81.918	53	0	1	LastDelay	0	0	1	0
81.9767	35	0	1	LastDelay	0	0	1	0
81.9817	31	0	1	LastDelay	0	0	1	0
81.9854	4	0	1	LastDelay	0	0	1	0
82.0203	24	0	1	LastDelay	0	0	1	0
82.0374	41	0	1	LastDelay	0	0	1	0
82.0625	62	0	1	LastDelay	0	0	1	0
82.119	8	0	1	LastDelay	0	0	1	0
82.164	60	0	1	LastDelay	0.0184638	18463.8	1	1
82.1877	25	0	1	LastDelay	0	0	1	0
82.2017	49	0	1	LastDelay	0	0	1	0
82.2364	40	0	1	LastDelay	0	0	1	0
82.2656	69	0	1	LastDelay	0	0	1	0
82.2767	46	0	1	LastDelay	0	0	1	0
82.2867	32	0	1	LastDelay	0	0	1	0
82.3193	12	0	1	LastDelay	0.00250588	2505.88	1	1
82.3456	44	0	1	LastDelay	0.00982884	9828.84	1	1
82.3589	42	0	1	LastDelay	0.0127155	12715.5	1	1
82.4564	33	0	1	LastDelay	0.0158286	15828.6	1	1
82.4564	75	0	1	LastDelay	0.0384562	38456.2	1	1
82.4683	21	0	1	LastDelay	0.000947989	947.989	1	1
82.5224	17	0	1	LastDelay	0	0	1	0
82.6162	67	0	1	LastDelay	0.00019395	193.95	1	1
82.6306	61	0	1	LastDelay	0	0	1	0
82.6334	27	0	1	LastDelay	0	0	1	0
82.637	58	0	1	LastDelay	0	0	1	0
82.6436	54	0	1	LastDelay	0.00700073	7000.73	1	1
82.6516	70	0	1	LastDelay	0	0	1	0
82.6577	38	0	1	LastDelay	0	0	1	0
82.6594	68	0	1	LastDelay	0	0	1	0
82.6768	74	0	1	LastDelay	0	0	1	0
82.7209	55	0	1	LastDelay	0	0	1	0
82.7259	37	0	1	LastDelay	0	0	1	0
82.7415	66	0	1	LastDelay	0.0111298	11129.8	1	1
82.7605	52	0	1	LastDelay	0	0	1	0
82.7745	36	0	1	LastDelay	0.000443348	443.348	1	1
82.7745	45	0	1	LastDelay	0.0113926	11392.6	1	1
82.7847	57	0	1	LastDelay	0.0020028	2002.8	1	1
82.7912	0	0	1	LastDelay	0.00511597	5115.97	1	1
82.8231	63	0	1	LastDelay	0.00207933	2079.33	1	1
82.844	64	0	1	LastDelay	0	0	1	0
82.9975	31	0	1	LastDelay	0.0158065	15806.5	1	1
82.9975	4	0	1	LastDelay	0.0121481	12148.1	1	1
83.0361	24	0	1	LastDelay	0.0157516	15751.6	1	1
83.0453	41	0	1	LastDelay	0.00789782	7897.82	1	1
83.0634	62	0	1	LastDelay	0.0008476	847.6	1	1
83.1276	8	0	1	LastDelay	0.00867745	8677.45	1	1
83.1455	60	0	1	LastDelay	0	0	1	0
83.1652	16	0	1	LastDelay	0.0209562	20956.2	1	1
83.191	25	0	1	LastDelay	0.00330608	3306.08	1	1
83.2037	49	0	1	LastDelay	0.00199861	1998.61	1	1
83.2381	40	0	1	LastDelay	0.00166463	1664.63	1	1
83.2549	71	0	1	LastDelay	0.0042546	4254.6	1	1
83.2772	46	0	1	LastDelay	0.000411738	411.738	1	1
83.2772	69	0	1	LastDelay	0.0115068	11506.8	1	1
83.287	32	0	1	LastDelay	0.000325727	325.727	1	1
83.3024	50	0	1	LastDelay	0.00977531	9775.31	1	1
83.3147	72	0	1	LastDelay	0.00936835	9368.34	1	1
83.3168	12	0	1	LastDelay	0	0	1	0
83.3358	44	0	1	LastDelay	0	0	1	0
83.3462	42	0	1	LastDelay	0	0	1	0
83.4179	75	0	1	LastDelay	0	0	1	0
83.4405	33	0	1	LastDelay	0	0	1	0
83.4674	21	0	1	LastDelay	0	0	1	0
83.5171	28	0	1	LastDelay	0.00330602	3306.02	1	1
83.5274	17	0	1	LastDelay	0.00501948	5019.48	1	1
83.6066	29	0	1	LastDelay	0.00330643	3306.43	1	1
83.616	67	0	1	LastDelay	0	0	1	0
83.6322	61	0	1	LastDelay	0.00167144	1671.44	1	1
83.6366	54	0	1	LastDelay	0	0	1	0
83.6387	27	0	1	LastDelay	0.00538404	5384.04	1	1
83.6545	58	0	1	LastDelay	0.0174553	17455.3	1	1
83.6579	38	0	1	LastDelay	0.000185295	185.295	1	1
83.6616	70	0	1	LastDelay	0.0100055	10005.5	1	1
83.6685	68	0	1	LastDelay	0.00908354	9083.54	1	1
83.6938	74	0	1	LastDelay	0.0169895	16989.5	1	1
83.7218	55	0	1	LastDelay	0.000874504	874.504	1	1
83.7303	66	0	1	LastDelay	0	0	1	0
83.7313	37	0	1	LastDelay	0.00540808	5408.08	1	1
83.7405	23	0	1	LastDelay	0.0119307	11930.7	1	1
83.7631	45	0	1	LastDelay	0	0	1	0
83.7654	48	0	1	LastDelay	0.00546273	5462.73	1	1
83.7654	52	0	1	LastDelay	0.0049477	4947.69	1	1
83.774	36	0	1	LastDelay	0	0	1	0
83.7827	57	0	1	LastDelay	0	0	1	0
83.7861	0	0	1	LastDelay	0	0	1	0
83.821	63	0	1	LastDelay	0	0	1	0
83.8473	64	0	1	LastDelay	0.00330612	3306.12	1	1
83.8883	65	0	1	LastDelay	0.00291256	2912.56	1	1
83.8922	73	0	1	LastDelay	0.918594	918594	1	1
83.9205	53	0	1	LastDelay	0.00256783	2567.83	1	1
83.9736	73	0	1	LastDelay	0	0	1	0
83.9817	31	0	1	LastDelay	0	0	1	0
83.9854	4	0	1	LastDelay	0	0	1	0
83.9894	35	0	1	LastDelay	0.012666	12666	1	1
84.0203	24	0	1	LastDelay	0	0	1	0
84.0374	41	0	1	LastDelay	0	0	1	0
84.0625	62	0	1	LastDelay	0	0	1	0
84.119	8	0	1	LastDelay	0	0	1	0
84.1442	16	0	1	LastDelay	0	0	1	0
84.1519	60	0	1	LastDelay	0.00637798	6377.98	1	1
84.1877	25	0	1	LastDelay	0	0	1	0
84.2017	49	0	1	LastDelay	0	0	1	0
84.2364	40	0	1	LastDelay	0	0	1	0
84.2507	71	0	1	LastDelay	0	0	1	0
84.2656	69	0	1	LastDelay	0	0	1	0
84.2767	46	0	1	LastDelay	0	0	1	0
84.2867	32	0	1	LastDelay	0	0	1	0
84.2926	50	0	1	LastDelay	0	0	1	0
84.3053	72	0	1	LastDelay	0	0	1	0
84.3266	12	0	1	LastDelay	0.00979225	9792.25	1	1
84.3362	44	0	1	LastDelay	0.000424289	424.289	1	1
84.356	42	0	1	LastDelay	0.00983545	9835.45	1	1
84.4114	78	0	1	LastDelay	0.0552212	55221.2	1	1
84.4214	59	0	1	LastDelay	0.00861315	8613.15	1	1
84.4289	75	0	1	LastDelay	0.0110166	11016.6	1	1
84.4535	33	0	1	LastDelay	0.0129586	12958.6	1	1
84.4699	21	0	1	LastDelay	0.00254542	2545.42	1	1
84.5138	28	0	1	LastDelay	0	0	1	0
84.5224	17	0	1	LastDelay	0	0	1	0
84.6033	29	0	1	LastDelay	0	0	1	0
84.6254	67	0	1	LastDelay	0.00944907	9449.07	1	1
84.6306	61	0	1	LastDelay	0	0	1	0
84.6334	27	0	1	LastDelay	0	0	1	0
84.637	58	0	1	LastDelay	0	0	1	0
84.6415	54	0	1	LastDelay	0.0048524	4852.4	1	1
84.6516	70	0	1	LastDelay	0	0	1	0
84.6577	38	0	1	LastDelay	0	0	1	0
84.6594	68	0	1	LastDelay	0	0	1	0
84.6768	74	0	1	LastDelay	0	0	1	0
84.7209	55	0	1	LastDelay	0	0	1	0
84.7259	37	0	1	LastDelay	0	0	1	0
84.7286	23	0	1	LastDelay	0	0	1	0
84.7336	66	0	1	LastDelay	0.00330624	3306.24	1	1
84.76	48	0	1	LastDelay	0	0	1	0
84.7605	52	0	1	LastDelay	0	0	1	0
84.7727	45	0	1	LastDelay	0.00959733	9597.33	1	1
84.7866	36	0	1	LastDelay	0.0126115	12611.5	1	1
84.8116	0	0	1	LastDelay	0.0255457	25545.7	1	1
84.8231	63	0	1	LastDelay	0.00208875	2088.75	1	1
84.844	64	0	1	LastDelay	0	0	1	0
84.8854	65	0	1	LastDelay	0	0	1	0
84.918	53	0	1	LastDelay	0	0	1	0
84.9767	35	0	1	LastDelay	0	0	1	0
84.9822	31	0	1	LastDelay	0.00041094	410.94	1	1
84.9924	4	0	1	LastDelay	0.00699587	6995.87	1	1
85.0229	24	0	1	LastDelay	0.00252944	2529.44	1	1
85.0403	41	0	1	LastDelay	0.00294385	2943.85	1	1
85.0639	62	0	1	LastDelay	0.00135631	1356.31	1	1
85.1455	60	0	1	LastDelay	0	0	1	0
85.1903	25	0	1	LastDelay	0.00267947	2679.47	1	1
85.2043	49	0	1	LastDelay	0.00268239	2682.39	1	1
85.2371	40	0	1	LastDelay	0.000663346	663.346	1	1
85.2761	71	0	1	LastDelay	0.0253713	25371.3	1	1
85.2802	46	0	1	LastDelay	0.00343391	3433.91	1	1
85.2894	32	0	1	LastDelay	0.00267232	2672.32	1	1
85.3054	50	0	1	LastDelay	0.0128091	12809.1	1	1
85.3085	72	0	1	LastDelay	0.00318809	3188.09	1	1
85.3168	12	0	1	LastDelay	0	0	1	0
85.3358	44	0	1	LastDelay	0	0	1	0
85.3462	42	0	1	LastDelay	0	0	1	0
85.3562	78	0	1	LastDelay	0	0	1	0
85.4128	59	0	1	LastDelay	0	0	1	0
85.4179	75	0	1	LastDelay	0	0	1	0
85.4405	33	0	1	LastDelay	0	0	1	0
85.4674	21	0	1	LastDelay	0	0	1	0
85.5171	28	0	1	LastDelay	0.00330633	3306.33	1	1
85.5233	17	0	1	LastDelay	0.000867287	867.287	1	1
85.616	67	0	1	LastDelay	0	0	1	0
85.6338	27	0	1	LastDelay	0.000442432	442.432	1	1
85.6338	61	0	1	LastDelay	0.00324158	3241.58	1	1
85.6366	54	0	1	LastDelay	0	0	1	0
85.6501	58	0	1	LastDelay	0.0131216	13121.6	1	1
85.6573	70	0	1	LastDelay	0.00564545	5645.45	1	1
85.6665	68	0	1	LastDelay	0.00709612	7096.12	1	1
85.673	38	0	1	LastDelay	0.015298	15298	1	1
85.6798	74	0	1	LastDelay	0.0030355	3035.5	1	1
85.7242	55	0	1	LastDelay	0.00330638	3306.38	1	1
85.7303	66	0	1	LastDelay	0	0	1	0
85.7334	23	0	1	LastDelay	0.00480556	4805.56	1	1
85.7334	37	0	1	LastDelay	0.00749658	7496.58	1	1
85.7626	48	0	1	LastDelay	0.00262375	2623.75	1	1
85.7626	52	0	1	LastDelay	0.00210871	2108.71	1	1
85.7631	45	0	1	LastDelay	0	0	1	0
85.774	36	0	1	LastDelay	0	0	1	0
85.7861	0	0	1	LastDelay	0	0	1	0
85.7875	57	0	1	LastDelay	0.00481169	4811.69	1	1
85.821	63	0	1	LastDelay	0	0	1	0
85.8915	65	0	1	LastDelay	0.00612128	6121.28	1	1
85.9233	53	0	1	LastDelay	0.00535081	5350.81	1	1
85.9769	35	0	1	LastDelay	0.000184312	184.312	1	1
85.9769	73	0	1	LastDelay	0.00330657	3306.57	1	1
85.9817	31	0	1	LastDelay	0	0	1	0
85.9854	4	0	1	LastDelay	0	0	1	0
86.0203	24	0	1	LastDelay	0	0	1	0
86.0374	41	0	1	LastDelay	0	0	1	0
86.0625	62	0	1	LastDelay	0	0	1	0
86.1253	8	0	1	LastDelay	0.00639042	6390.42	1	1
86.1475	60	0	1	LastDelay	0.00198749	1987.49	1	1
86.1475	16	0	1	LastDelay	0.00329291	3292.91	1	1
86.1877	25	0	1	LastDelay	0	0	1	0
86.2017	49	0	1	LastDelay	0	0	1	0
86.2364	40	0	1	LastDelay	0	0	1	0
86.2507	71	0	1	LastDelay	0	0	1	0
86.269	69	0	1	LastDelay	0.00330642	3306.42	1	1
86.2767	46	0	1	LastDelay	0	0	1	0
86.2867	32	0	1	LastDelay	0	0	1	0
86.2926	50	0	1	LastDelay	0	0	1	0
86.3053	72	0	1	LastDelay	0	0	1	0
86.3201	12	0	1	LastDelay	0.00330628	3306.28	1	1
86.3361	44	0	1	LastDelay	0.000371676	371.676	1	1
86.3488	42	0	1	LastDelay	0.00257259	2572.59	1	1
86.3652	78	0	1	LastDelay	0.00901674	9016.74	1	1
86.4172	59	0	1	LastDelay	0.00447149	4471.49	1	1
86.4203	75	0	1	LastDelay	0.00239133	2391.33	1	1
86.4425	33	0	1	LastDelay	0.00196368	1963.68	1	1
86.4689	21	0	1	LastDelay	0.00146361	1463.61	1	1
86.4842	79	0	1	LastDelay	0.0442368	44236.8	1	1
86.5138	28	0	1	LastDelay	0	0	1	0
86.5224	17	0	1	LastDelay	0	0	1	0
86.6066	29	0	1	LastDelay	0.00330607	3306.07	1	1
86.6227	67	0	1	LastDelay	0.00669264	6692.64	1	1
86.6306	61	0	1	LastDelay	0	0	1	0
86.6334	27	0	1	LastDelay	0	0	1	0
86.637	58	0	1	LastDelay	0	0	1	0
86.6442	54	0	1	LastDelay	0.00761728	7617.28	1	1
86.6516	70	0	1	LastDelay	0	0	1	0
86.6577	38	0	1	LastDelay	0	0	1	0
86.6594	68	0	1	LastDelay	0	0	1	0
86.6768	74	0	1	LastDelay	0	0	1	0
86.7209	55	0	1	LastDelay	0	0	1	0
86.7259	37	0	1	LastDelay	0	0	1	0
86.7286	23	0	1	LastDelay	0	0	1	0
86.76	48	0	1	LastDelay	0	0	1	0
86.7605	52	0	1	LastDelay	0	0	1	0
86.7655	45	0	1	LastDelay	0.00245333	2453.33	1	1
86.7816	36	0	1	LastDelay	0.00755952	7559.52	1	1
86.7827	57	0	1	LastDelay	0	0	1	0
86.7945	0	0	1	LastDelay	0.0084369	8436.9	1	1
86.8271	63	0	1	LastDelay	0.00605528	6055.28	1	1
86.8469	64	0	1	LastDelay	0.00293552	2935.52	1	1
86.8854	65	0	1	LastDelay	0	0	1	0
86.918	53	0	1	LastDelay	0	0	1	0
86.9736	73	0	1	LastDelay	0	0	1	0
86.9767	35	0	1	LastDelay	0	0	1	0
86.9912	4	0	1	LastDelay	0.00580353	5803.53	1	1
87.0407	24	0	1	LastDelay	0.0203736	20373.6	1	1
87.0407	41	0	1	LastDelay	0.00330624	3306.24	1	1
87.0625	62	0	1	LastDelay	7.958e-06	7.958	1	1
87.119	8	0	1	LastDelay	0	0	1	0
87.1442	16	0	1	LastDelay	0	0	1	0
87.1455	60	0	1	LastDelay	0	0	1	0
87.1971	25	0	1	LastDelay	0.00943583	9435.83	1	1
87.2074	49	0	1	LastDelay	0.00569096	5690.96	1	1
87.2425	40	0	1	LastDelay	0.00612184	6121.84	1	1
87.2555	71	0	1	LastDelay	0.00483622	4836.22	1	1
87.2656	69	0	1	LastDelay	0	0	1	0
87.2864	46	0	1	LastDelay	0.00966091	9660.91	1	1
87.2895	32	0	1	LastDelay	0.00274409	2744.09	1	1
87.2997	50	0	1	LastDelay	0.00708092	7080.92	1	1
87.3095	72	0	1	LastDelay	0.00422181	4221.81	1	1
87.3168	12	0	1	LastDelay	0	0	1	0
87.3358	44	0	1	LastDelay	0	0	1	0
87.3462	42	0	1	LastDelay	0	0	1	0
87.3562	78	0	1	LastDelay	0	0	1	0
87.4128	59	0	1	LastDelay	0	0	1	0
87.4179	75	0	1	LastDelay	0	0	1	0
87.44	79	0	1	LastDelay	0	0	1	0
87.4405	33	0	1	LastDelay	0	0	1	0
87.4674	21	0	1	LastDelay	0	0	1	0
87.5241	17	0	1	LastDelay	0.00169987	1699.87	1	1
87.5869	83	0	1	LastDelay	0.0359951	35995.1	1	1
87.6033	29	0	1	LastDelay	0	0	1	0
87.616	67	0	1	LastDelay	0	0	1	0
87.6366	54	0	1	LastDelay	0	0	1	0
87.6367	27	0	1	LastDelay	0.00338242	3382.42	1	1
87.6367	61	0	1	LastDelay	0.00618154	6181.54	1	1
87.6465	58	0	1	LastDelay	0.00943169	9431.69	1	1
87.653	70	0	1	LastDelay	0.0013187	1318.7	1	1
87.6594	38	0	1	LastDelay	0.00173091	1730.91	1	1
87.6728	68	0	1	LastDelay	0.0133814	13381.4	1	1
87.7257	55	0	1	LastDelay	0.00480964	4809.64	1	1
87.7322	37	0	1	LastDelay	0.00627242	6272.42	1	1
87.7322	66	0	1	LastDelay	0.00184836	1848.36	1	1
87.7415	23	0	1	LastDelay	0.0128597	12859.7	1	1
87.7631	45	0	1	LastDelay	0	0	1	0
87.7664	48	0	1	LastDelay	0.00640419	6404.19	1	1
87.7664	52	0	1	LastDelay	0.00588915	5889.15	1	1
87.774	36	0	1	LastDelay	0	0	1	0
87.7861	0	0	1	LastDelay	0	0	1	0
87.7951	57	0	1	LastDelay	0.012403	12403	1	1
87.821	63	0	1	LastDelay	0	0	1	0
87.844	64	0	1	LastDelay	0	0	1	0
87.8891	65	0	1	LastDelay	0.00365716	3657.16	1	1
87.9248	53	0	1	LastDelay	0.00678949	6789.49	1	1
87.9769	35	0	1	LastDelay	0.000184042	184.042	1	1
87.9831	31	0	1	LastDelay	0.00135826	1358.26	1	1
87.9831	73	0	1	LastDelay	0.0094748	9474.8	1	1
87.9854	4	0	1	LastDelay	0	0	1	0
88.0203	24	0	1	LastDelay	0	0	1	0
88.0374	41	0	1	LastDelay	0	0	1	0
88.0625	62	0	1	LastDelay	0	0	1	0
88.1482	60	0	1	LastDelay	0.00268635	2686.35	1	1
88.1877	25	0	1	LastDelay	0	0	1	0
88.2017	49	0	1	LastDelay	0	0	1	0
88.2364	40	0	1	LastDelay	0	0	1	0
88.2507	71	0	1	LastDelay	0	0	1	0
88.2767	46	0	1	LastDelay	0	0	1	0
88.2867	32	0	1	LastDelay	0	0	1	0
88.2926	50	0	1	LastDelay	0	0	1	0
88.3053	72	0	1	LastDelay	0	0	1	0
88.3361	44	0	1	LastDelay	0.000384308	384.308	1	1
88.3764	42	0	1	LastDelay	0.0302142	30214.2	1	1
88.3956	78	0	1	LastDelay	0.0394939	39493.9	1	1
88.4162	59	0	1	LastDelay	0.00346722	3467.22	1	1
88.4193	75	0	1	LastDelay	0.00140008	1400.09	1	1
88.4419	33	0	1	LastDelay	0.00132845	1328.45	1	1
88.4449	79	0	1	LastDelay	0.0049638	4963.81	1	1
88.4705	21	0	1	LastDelay	0.00314723	3147.24	1	1
88.5224	17	0	1	LastDelay	0	0	1	0
88.5509	83	0	1	LastDelay	0	0	1	0
88.6097	29	0	1	LastDelay	0.00637743	6377.43	1	1
88.6224	67	0	1	LastDelay	0.00645307	6453.07	1	1
88.6286	76	0	1	LastDelay	0.00278836	2788.36	1	1
88.6306	61	0	1	LastDelay	0	0	1	0
88.6334	27	0	1	LastDelay	0	0	1	0
88.637	58	0	1	LastDelay	0	0	1	0
88.6455	54	0	1	LastDelay	0.00886796	8867.96	1	1
88.6516	70	0	1	LastDelay	0	0	1	0
88.6577	38	0	1	LastDelay	0	0	1	0
88.6594	68	0	1	LastDelay	0	0	1	0
88.68	74	0	1	LastDelay	0.00315868	3158.68	1	1
88.7209	55	0	1	LastDelay	0	0	1	0
88.7259	37	0	1	LastDelay	0	0	1	0
88.7286	23	0	1	LastDelay	0	0	1	0
88.7303	66	0	1	LastDelay	0	0	1	0
88.76	48	0	1	LastDelay	0	0	1	0
88.7605	52	0	1	LastDelay	0	0	1	0
88.7827	57	0	1	LastDelay	0	0	1	0
88.7829	36	0	1	LastDelay	0.00890333	8903.33	1	1
88.8281	0	0	1	LastDelay	0.0420045	42004.5	1	1
88.8281	63	0	1	LastDelay	0.0070901	7090.1	1	1
88.8472	64	0	1	LastDelay	0.00325713	3257.13	1	1
88.8854	65	0	1	LastDelay	0	0	1	0
88.918	53	0	1	LastDelay	0	0	1	0
88.9388	82	0	1	LastDelay	0.00330638	3306.38	1	1
88.9736	73	0	1	LastDelay	0	0	1	0
88.9767	35	0	1	LastDelay	0	0	1	0
88.9817	31	0	1	LastDelay	0	0	1	0
89.0397	41	0	1	LastDelay	0.00229466	2294.66	1	1
89.0667	62	0	1	LastDelay	0.00413978	4139.78	1	1
89.1223	8	0	1	LastDelay	0.00330625	3306.25	1	1
89.1455	60	0	1	LastDelay	0	0	1	0
89.2101	49	0	1	LastDelay	0.00841925	8419.25	1	1
89.2398	86	0	1	LastDelay	0.000860282	860.282	1	1
89.2562	71	0	1	LastDelay	0.00550032	5500.32	1	1
89.2722	69	0	1	LastDelay	0.00658497	6584.98	1	1
89.2787	46	0	1	LastDelay	0.0019759	1975.9	1	1
89.2879	32	0	1	LastDelay	0.00121452	1214.52	1	1
89.2982	50	0	1	LastDelay	0.00556662	5566.62	1	1
89.3118	72	0	1	LastDelay	0.00650888	6508.88	1	1
89.3217	12	0	1	LastDelay	0.00491807	4918.07	1	1
89.3358	44	0	1	LastDelay	0	0	1	0
89.3462	42	0	1	LastDelay	0	0	1	0
89.3562	78	0	1	LastDelay	0	0	1	0
89.4128	59	0	1	LastDelay	0	0	1	0
89.4179	75	0	1	LastDelay	0	0	1	0
89.44	79	0	1	LastDelay	0	0	1	0
89.4405	33	0	1	LastDelay	0	0	1	0
89.4674	21	0	1	LastDelay	0	0	1	0
89.5171	28	0	1	LastDelay	0.00330606	3306.06	1	1
89.5236	17	0	1	LastDelay	0.00121	1210	1	1
89.5605	83	0	1	LastDelay	0.00956633	9566.33	1	1
89.6033	29	0	1	LastDelay	0	0	1	0
89.616	67	0	1	LastDelay	0	0	1	0
89.6258	76	0	1	LastDelay	0	0	1	0
89.6366	54	0	1	LastDelay	0	0	1	0
89.6387	27	0	1	LastDelay	0.00529595	5295.95	1	1
89.6486	58	0	1	LastDelay	0.0115415	11541.5	1	1
89.6588	38	0	1	LastDelay	0.0011128	1112.8	1	1
89.6619	70	0	1	LastDelay	0.0102575	10257.5	1	1
89.6619	68	0	1	LastDelay	0.00248115	2481.15	1	1
89.6768	74	0	1	LastDelay	0	0	1	0
89.7231	55	0	1	LastDelay	0.00219356	2193.57	1	1
89.7334	23	0	1	LastDelay	0.00475093	4750.93	1	1
89.7334	66	0	1	LastDelay	0.00301783	3017.83	1	1
89.7334	37	0	1	LastDelay	0.00744209	7442.09	1	1
89.774	36	0	1	LastDelay	0	0	1	0
89.7753	45	0	1	LastDelay	0.0122644	12264.4	1	1
89.7753	48	0	1	LastDelay	0.0153815	15381.5	1	1
89.7815	52	0	1	LastDelay	0.0210346	21034.6	1	1
89.7861	0	0	1	LastDelay	0	0	1	0
89.804	57	0	1	LastDelay	0.0212898	21289.8	1	1
89.821	63	0	1	LastDelay	0	0	1	0
89.844	64	0	1	LastDelay	0	0	1	0
89.8625	77	0	1	LastDelay	0.00539926	5399.26	1	1
89.8887	65	0	1	LastDelay	0.00330611	3306.11	1	1
89.9274	53	0	1	LastDelay	0.00943135	9431.35	1	1
89.9355	82	0	1	LastDelay	0	0	1	0
89.9793	35	0	1	LastDelay	0.00257702	2577.02	1	1
89.9793	73	0	1	LastDelay	0.00569918	5699.19	1	1
89.9892	31	0	1	LastDelay	0.00747058	7470.58	1	1
89.9954	4	0	1	LastDelay	0.00995467	9954.67	1	1
90.0292	24	0	1	LastDelay	0.00889883	8898.83	1	1
90.0374	41	0	1	LastDelay	0	0	1	0
90.0625	62	0	1	LastDelay	0	0	1	0
90.119	8	0	1	LastDelay	0	0	1	0
90.1475	60	0	1	LastDelay	0.00200117	2001.17	1	1
90.194	25	0	1	LastDelay	0.00637785	6377.85	1	1
90.2017	49	0	1	LastDelay	0	0	1	0
90.2379	40	0	1	LastDelay	0.00149146	1491.46	1	1
90.2389	86	0	1	LastDelay	0	0	1	0
90.2507	71	0	1	LastDelay	0	0	1	0
90.2656	69	0	1	LastDelay	0	0	1	0
90.2767	46	0	1	LastDelay	0	0	1	0
90.2867	32	0	1	LastDelay	0	0	1	0
90.2926	50	0	1	LastDelay	0	0	1	0
90.3053	72	0	1	LastDelay	0	0	1	0
90.3168	12	0	1	LastDelay	0	0	1	0
90.3621	78	0	1	LastDelay	0.00593899	5938.99	1	1
90.3621	42	0	1	LastDelay	0.0159065	15906.5	1	1
90.4219	75	0	1	LastDelay	0.00400406	4004.06	1	1
90.4305	59	0	1	LastDelay	0.0177392	17739.2	1	1
90.4409	79	0	1	LastDelay	0.000939499	939.499	1	1
90.4409	33	0	1	LastDelay	0.000375781	375.781	1	1
90.475	21	0	1	LastDelay	0.00757355	7573.55	1	1
90.5138	28	0	1	LastDelay	0	0	1	0
90.5224	17	0	1	LastDelay	0	0	1	0
90.5509	83	0	1	LastDelay	0	0	1	0
90.6066	29	0	1	LastDelay	0.00330608	3306.08	1	1
90.6165	67	0	1	LastDelay	0.000536825	536.825	1	1
90.6258	76	0	1	LastDelay	8.377e-06	8.377	1	1
90.632	61	0	1	LastDelay	0.00139362	1393.62	1	1
90.6334	27	0	1	LastDelay	0	0	1	0
90.637	58	0	1	LastDelay	0	0	1	0
90.6477	54	0	1	LastDelay	0.0110439	11043.9	1	1
90.6516	70	0	1	LastDelay	0	0	1	0
90.6577	38	0	1	LastDelay	0	0	1	0
90.6594	68	0	1	LastDelay	0	0	1	0
90.6791	74	0	1	LastDelay	0.00226278	2262.78	1	1
90.7209	55	0	1	LastDelay	0	0	1	0
90.7259	37	0	1	LastDelay	0	0	1	0
90.7286	23	0	1	LastDelay	0	0	1	0
90.7303	66	0	1	LastDelay	0	0	1	0
90.76	48	0	1	LastDelay	0	0	1	0
90.7605	52	0	1	LastDelay	0	0	1	0
90.7631	45	0	1	LastDelay	0	0	1	0
90.7827	57	0	1	LastDelay	0	0	1	0
90.7874	0	0	1	LastDelay	0.00134808	1348.08	1	1
90.823	63	0	1	LastDelay	0.00199806	1998.06	1	1
90.8472	64	0	1	LastDelay	0.00320061	3200.61	1	1
90.8571	77	0	1	LastDelay	0	0	1	0
90.8854	65	0	1	LastDelay	0	0	1	0
90.918	53	0	1	LastDelay	0	0	1	0
90.9438	82	0	1	LastDelay	0.00831796	8317.96	1	1
90.9736	73	0	1	LastDelay	0	0	1	0
90.9767	35	0	1	LastDelay	0	0	1	0
90.9817	31	0	1	LastDelay	0	0	1	0
90.9854	4	0	1	LastDelay	0	0	1	0
91.0203	24	0	1	LastDelay	0	0	1	0
91.0407	41	0	1	LastDelay	0.00330668	3306.68	1	1
91.0647	62	0	1	LastDelay	0.0021975	2197.5	1	1
91.1455	60	0	1	LastDelay	0	0	1	0
91.1877	25	0	1	LastDelay	0	0	1	0
91.2364	40	0	1	LastDelay	0	0	1	0
91.2506	86	0	1	LastDelay	0.0116927	11692.7	1	1
91.2691	69	0	1	LastDelay	0.00348546	3485.46	1	1
91.2992	50	0	1	LastDelay	0.00661826	6618.26	1	1
91.3061	72	0	1	LastDelay	0.000768519	768.519	1	1
91.3172	12	0	1	LastDelay	0.000417364	417.364	1	1
91.3363	44	0	1	LastDelay	0.000517392	517.392	1	1
91.3462	42	0	1	LastDelay	0	0	1	0
91.3562	78	0	1	LastDelay	0	0	1	0
91.4128	59	0	1	LastDelay	0	0	1	0
91.4179	75	0	1	LastDelay	0	0	1	0
91.44	79	0	1	LastDelay	0	0	1	0
91.4405	33	0	1	LastDelay	0	0	1	0
91.4674	21	0	1	LastDelay	0	0	1	0
91.524	17	0	1	LastDelay	0.00156733	1567.33	1	1
91.5547	83	0	1	LastDelay	0.00378546	3785.46	1	1
91.6033	29	0	1	LastDelay	0	0	1	0
91.616	67	0	1	LastDelay	0	0	1	0
91.6258	76	0	1	LastDelay	0	0	1	0
91.6306	61	0	1	LastDelay	0	0	1	0
91.6366	54	0	1	LastDelay	0	0	1	0
91.637	58	0	1	LastDelay	2.3241e-05	23.241	1	1
91.637	27	0	1	LastDelay	0.00367847	3678.47	1	1
91.665	68	0	1	LastDelay	0.0055626	5562.6	1	1
91.665	38	0	1	LastDelay	0.00726546	7265.46	1	1
91.6768	74	0	1	LastDelay	0	0	1	0
91.7327	66	0	1	LastDelay	0.00236051	2360.51	1	1
91.7327	23	0	1	LastDelay	0.00409377	4093.77	1	1
91.7327	55	0	1	LastDelay	0.0118085	11808.5	1	1
91.7636	45	0	1	LastDelay	0.000473044	473.044	1	1
91.7731	37	0	1	LastDelay	0.0472188	47218.8	1	1
91.7762	36	0	1	LastDelay	0.00217763	2177.63	1	1
91.7762	48	0	1	LastDelay	0.016244	16244	1	1
91.7762	52	0	1	LastDelay	0.015729	15729	1	1
91.7861	0	0	1	LastDelay	0	0	1	0
91.796	57	0	1	LastDelay	0.013294	13294	1	1
91.821	63	0	1	LastDelay	0	0	1	0
91.8416	84	0	1	LastDelay	0.00431314	4313.14	1	1
91.844	64	0	1	LastDelay	0	0	1	0
91.8665	77	0	1	LastDelay	0.00944917	9449.17	1	1
91.8898	65	0	1	LastDelay	0.00435677	4356.77	1	1
91.9154	81	0	1	LastDelay	0.0011932	1193.2	1	1
91.9227	53	0	1	LastDelay	0.00473791	4737.91	1	1
91.9355	82	0	1	LastDelay	0	0	1	0
91.9781	73	0	1	LastDelay	0.00449936	4499.36	1	1
91.9781	35	0	1	LastDelay	0.00137726	1377.26	1	1
91.9846	31	0	1	LastDelay	0.00286842	2868.42	1	1
91.9945	4	0	1	LastDelay	0.00914954	9149.54	1	1
92.0317	24	0	1	LastDelay	0.0113933	11393.3	1	1
92.0374	41	0	1	LastDelay	0	0	1	0
92.0625	62	0	1	LastDelay	0	0	1	0
92.1477	16	0	1	LastDelay	0.00341015	3410.15	1	1
92.1493	60	0	1	LastDelay	0.00374819	3748.19	1	1
92.2079	49	0	1	LastDelay	0.00624238	6242.38	1	1
92.2389	86	0	1	LastDelay	0	0	1	0
92.2393	40	0	1	LastDelay	0.00287337	2873.37	1	1
92.2622	71	0	1	LastDelay	0.0115395	11539.5	1	1
92.2656	69	0	1	LastDelay	0	0	1	0
92.2783	46	0	1	LastDelay	0.00154061	1540.61	1	1
92.2883	32	0	1	LastDelay	0.00154573	1545.73	1	1
92.2926	50	0	1	LastDelay	0	0	1	0
92.3053	72	0	1	LastDelay	0	0	1	0
92.3168	12	0	1	LastDelay	0	0	1	0
92.3358	44	0	1	LastDelay	0	0	1	0
92.3497	42	0	1	LastDelay	0.00347905	3479.05	1	1
92.3568	78	0	1	LastDelay	0.00064653	646.53	1	1
92.4147	59	0	1	LastDelay	0.00192584	1925.84	1	1
92.4273	75	0	1	LastDelay	0.00940249	9402.49	1	1
92.443	79	0	1	LastDelay	0.00303864	3038.64	1	1
92.4461	33	0	1	LastDelay	0.00554597	5545.97	1	1
92.4847	21	0	1	LastDelay	0.0173439	17343.8	1	1
92.5155	28	0	1	LastDelay	0.00169364	1693.64	1	1
92.5224	17	0	1	LastDelay	0	0	1	0
92.5509	83	0	1	LastDelay	0	0	1	0
92.6097	29	0	1	LastDelay	0.0063775	6377.5	1	1
92.6189	67	0	1	LastDelay	0.00292194	2921.94	1	1
92.6316	61	0	1	LastDelay	0.000998713	998.713	1	1
92.6334	27	0	1	LastDelay	0	0	1	0
92.6346	76	0	1	LastDelay	0.00882674	8826.74	1	1
92.637	58	0	1	LastDelay	0	0	1	0
92.6509	85	0	1	LastDelay	0.00350748	3507.48	1	1
92.6539	80	0	1	LastDelay	0.00471638	4716.38	1	1
92.6539	54	0	1	LastDelay	0.0172543	17254.3	1	1
92.6539	70	0	1	LastDelay	0.0022378	2237.8	1	1
92.6577	38	0	1	LastDelay	0	0	1	0
92.6594	68	0	1	LastDelay	0	0	1	0
92.6818	74	0	1	LastDelay	0.00497026	4970.26	1	1
92.7209	55	0	1	LastDelay	0	0	1	0
92.7259	37	0	1	LastDelay	0	0	1	0
92.7286	23	0	1	LastDelay	0	0	1	0
92.7303	66	0	1	LastDelay	0	0	1	0
92.76	48	0	1	LastDelay	0	0	1	0
92.7605	52	0	1	LastDelay	0	0	1	0
92.7631	45	0	1	LastDelay	0	0	1	0
92.774	36	0	1	LastDelay	0	0	1	0
92.7827	57	0	1	LastDelay	0	0	1	0
92.8267	63	0	1	LastDelay	0.00565289	5652.89	1	1
92.8373	84	0	1	LastDelay	0	0	1	0
92.8464	64	0	1	LastDelay	0.00239319	2393.19	1	1
92.8571	77	0	1	LastDelay	0	0	1	0
92.8854	65	0	1	LastDelay	0	0	1	0
92.9142	81	0	1	LastDelay	0	0	1	0
92.918	53	0	1	LastDelay	0	0	1	0
92.9736	73	0	1	LastDelay	0	0	1	0
92.9767	35	0	1	LastDelay	0	0	1	0
92.9817	31	0	1	LastDelay	0	0	1	0
92.9854	4	0	1	LastDelay	0	0	1	0
93.0203	24	0	1	LastDelay	0	0	1	0
93.0666	62	0	1	LastDelay	0.00408307	4083.07	1	1
93.1442	16	0	1	LastDelay	0	0	1	0
93.1455	60	0	1	LastDelay	0	0	1	0
93.191	25	0	1	LastDelay	0.00330675	3306.75	1	1
93.2017	49	0	1	LastDelay	0	0	1	0
93.2364	40	0	1	LastDelay	0	0	1	0
93.2507	71	0	1	LastDelay	0	0	1	0
93.2683	69	0	1	LastDelay	0.00263501	2635.01	1	1
93.2767	46	0	1	LastDelay	0	0	1	0
93.2867	32	0	1	LastDelay	0	0	1	0
93.2943	50	0	1	LastDelay	0.001654	1654	1	1
93.3066	72	0	1	LastDelay	0.00124709	1247.09	1	1
93.3195	12	0	1	LastDelay	0.00272674	2726.74	1	1
93.3452	44	0	1	LastDelay	0.00942617	9426.17	1	1
93.3462	42	0	1	LastDelay	0	0	1	0
93.3562	78	0	1	LastDelay	0	0	1	0
93.4128	59	0	1	LastDelay	0	0	1	0
93.4179	75	0	1	LastDelay	0	0	1	0
93.44	79	0	1	LastDelay	0	0	1	0
93.4405	33	0	1	LastDelay	0	0	1	0
93.4674	21	0	1	LastDelay	0	0	1	0
93.5138	28	0	1	LastDelay	0	0	1	0
93.5257	17	0	1	LastDelay	0.00330604	3306.04	1	1
93.5522	83	0	1	LastDelay	0.00125217	1252.17	1	1
93.6033	29	0	1	LastDelay	0	0	1	0
93.616	67	0	1	LastDelay	0	0	1	0
93.6258	76	0	1	LastDelay	0	0	1	0
93.6306	61	0	1	LastDelay	0	0	1	0
93.6366	54	0	1	LastDelay	0	0	1	0
93.6435	58	0	1	LastDelay	0.00648293	6482.93	1	1
93.6466	27	0	1	LastDelay	0.0132092	13209.2	1	1
93.6474	85	0	1	LastDelay	0	0	1	0
93.6492	80	0	1	LastDelay	0	0	1	0
93.6516	70	0	1	LastDelay	0	0	1	0
93.6691	68	0	1	LastDelay	0.0096883	9688.3	1	1
93.6768	74	0	1	LastDelay	0	0	1	0
93.6923	38	0	1	LastDelay	0.0346188	34618.8	1	1
93.7286	37	0	1	LastDelay	0.00265759	2657.59	1	1
93.7346	23	0	1	LastDelay	0.0059525	5952.5	1	1
93.7346	66	0	1	LastDelay	0.00421944	4219.44	1	1
93.764	52	0	1	LastDelay	0.00349904	3499.04	1	1
93.764	48	0	1	LastDelay	0.00401409	4014.09	1	1
93.7725	45	0	1	LastDelay	0.0094426	9442.6	1	1
93.7759	36	0	1	LastDelay	0.00190746	1907.46	1	1
93.7914	57	0	1	LastDelay	0.00870038	8700.38	1	1
93.821	63	0	1	LastDelay	0	0	1	0
93.844	64	0	1	LastDelay	0	0	1	0
93.8942	65	0	1	LastDelay	0.00881489	8814.89	1	1
93.9203	53	0	1	LastDelay	0.00231467	2314.67	1	1
93.9299	81	0	1	LastDelay	0.0156444	15644.4	1	1
93.9428	82	0	1	LastDelay	0.00727753	7277.53	1	1
93.9832	31	0	1	LastDelay	0.00150191	1501.91	1	1
93.9832	73	0	1	LastDelay	0.00961841	9618.41	1	1
93.9901	35	0	1	LastDelay	0.0133383	13338.3	1	1
93.9901	4	0	1	LastDelay	0.00468573	4685.73	1	1
94.028	24	0	1	LastDelay	0.00766579	7665.79	1	1
94.0471	41	0	1	LastDelay	0.00971161	9711.61	1	1
94.0625	62	0	1	LastDelay	0	0	1	0
94.1444	16	0	1	LastDelay	0.00017987	179.87	1	1
94.1877	25	0	1	LastDelay	0	0	1	0
94.205	49	0	1	LastDelay	0.0033061	3306.1	1	1
94.2427	40	0	1	LastDelay	0.00623824	6238.24	1	1
94.2427	86	0	1	LastDelay	0.00372701	3727.01	1	1
94.2525	71	0	1	LastDelay	0.00184395	1843.95	1	1
94.2656	69	0	1	LastDelay	0	0	1	0
94.2926	50	0	1	LastDelay	0	0	1	0
94.2928	32	0	1	LastDelay	0.0060973	6097.3	1	1
94.3053	72	0	1	LastDelay	0	0	1	0
94.3168	12	0	1	LastDelay	0	0	1	0
94.3358	44	0	1	LastDelay	0	0	1	0
94.3631	78	0	1	LastDelay	0.00698369	6983.69	1	1
94.4207	75	0	1	LastDelay	0.00278058	2780.58	1	1
94.4426	33	0	1	LastDelay	0.00200862	2008.62	1	1
94.4426	79	0	1	LastDelay	0.00257266	2572.66	1	1
94.4426	59	0	1	LastDelay	0.0297872	29787.2	1	1
94.4788	21	0	1	LastDelay	0.0114215	11421.5	1	1
94.5172	28	0	1	LastDelay	0.00342096	3420.97	1	1
94.5224	17	0	1	LastDelay	0	0	1	0
94.5509	83	0	1	LastDelay	0	0	1	0
94.6312	61	0	1	LastDelay	0.000680936	680.936	1	1
94.6334	27	0	1	LastDelay	0	0	1	0
94.6343	76	0	1	LastDelay	0.00850914	8509.14	1	1
94.6343	87	0	1	LastDelay	0.00096342	963.42	1	1
94.6343	67	0	1	LastDelay	0.0183297	18329.7	1	1
94.637	58	0	1	LastDelay	0	0	1	0
94.645	54	0	1	LastDelay	0.00840657	8406.57	1	1
94.6577	38	0	1	LastDelay	0	0	1	0
94.6594	68	0	1	LastDelay	0	0	1	0
94.6611	70	0	1	LastDelay	0.0094084	9408.4	1	1
94.6798	74	0	1	LastDelay	0.00301392	3013.92	1	1
94.6836	80	0	1	LastDelay	0.0344411	34441.1	1	1
94.6867	88	0	1	LastDelay	0.00865889	8658.89	1	1
94.7259	37	0	1	LastDelay	0	0	1	0
94.7286	23	0	1	LastDelay	0	0	1	0
94.7303	66	0	1	LastDelay	0	0	1	0
94.7452	55	0	1	LastDelay	0.0242884	24288.4	1	1
94.76	48	0	1	LastDelay	0	0	1	0
94.7605	52	0	1	LastDelay	0	0	1	0
94.7631	45	0	1	LastDelay	0	0	1	0
94.774	36	0	1	LastDelay	0	0	1	0
94.7827	57	0	1	LastDelay	0	0	1	0
94.8239	63	0	1	LastDelay	0.00289378	2893.78	1	1
94.8495	64	0	1	LastDelay	0.00553526	5535.26	1	1
94.8587	77	0	1	LastDelay	0.00164229	1642.29	1	1
94.8755	84	0	1	LastDelay	0.0381858	38185.8	1	1
94.8854	65	0	1	LastDelay	0	0	1	0
94.9142	81	0	1	LastDelay	0	0	1	0
94.918	53	0	1	LastDelay	0	0	1	0
94.9355	82	0	1	LastDelay	0	0	1	0
94.9475	90	0	1	LastDelay	0.00331914	3319.14	1	1
94.9736	73	0	1	LastDelay	0	0	1	0
94.9767	35	0	1	LastDelay	0	0	1	0
94.9817	31	0	1	LastDelay	0	0	1	0
94.9854	4	0	1	LastDelay	0	0	1	0
95.0203	24	0	1	LastDelay	0	0	1	0
95.0374	41	0	1	LastDelay	0	0	1	0
95.0658	62	0	1	LastDelay	0.0033064	3306.4	1	1
95.1223	8	0	1	LastDelay	0.00331972	3319.72	1	1
95.1442	16	0	1	LastDelay	0	0	1	0
95.1911	25	0	1	LastDelay	0.00339712	3397.12	1	1
95.2017	49	0	1	LastDelay	0	0	1	0
95.2364	40	0	1	LastDelay	0	0	1	0
95.2389	86	0	1	LastDelay	0	0	1	0
95.2507	71	0	1	LastDelay	0	0	1	0
95.2867	32	0	1	LastDelay	0	0	1	0
95.2929	50	0	1	LastDelay	0.000309342	309.342	1	1
95.3126	72	0	1	LastDelay	0.00731399	7313.99	1	1
95.3219	12	0	1	LastDelay	0.0051111	5111.1	1	1
95.3475	42	0	1	LastDelay	0.00131926	1319.26	1	1
95.3509	44	0	1	LastDelay	0.015174	15174	1	1
95.3562	78	0	1	LastDelay	0	0	1	0
95.4095	92	0	1	LastDelay	0.00569442	5694.42	1	1
95.4122	89	0	1	LastDelay	0.0119222	11922.2	1	1
95.4128	59	0	1	LastDelay	0	0	1	0
95.4179	75	0	1	LastDelay	0	0	1	0
95.44	79	0	1	LastDelay	0	0	1	0
95.4405	33	0	1	LastDelay	0	0	1	0
95.4674	21	0	1	LastDelay	0	0	1	0
95.5138	28	0	1	LastDelay	0	0	1	0
95.5565	83	0	1	LastDelay	0.00556298	5562.98	1	1
95.616	67	0	1	LastDelay	0	0	1	0
95.6258	76	0	1	LastDelay	0	0	1	0
95.6306	61	0	1	LastDelay	0	0	1	0
95.6334	87	0	1	LastDelay	0	0	1	0
95.6358	27	0	1	LastDelay	0.00239257	2392.57	1	1
95.6366	54	0	1	LastDelay	0	0	1	0
95.6492	80	0	1	LastDelay	0	0	1	0
95.6508	85	0	1	LastDelay	0.00333237	3332.37	1	1
95.6516	70	0	1	LastDelay	0	0	1	0
95.6517	58	0	1	LastDelay	0.0146669	14666.9	1	1
95.6578	38	0	1	LastDelay	0.000124159	124.159	1	1
95.6768	74	0	1	LastDelay	0	0	1	0
95.678	88	0	1	LastDelay	0	0	1	0
95.7209	55	0	1	LastDelay	0	0	1	0
95.7292	37	0	1	LastDelay	0.00331913	3319.13	1	1
95.7415	66	0	1	LastDelay	0.0111562	11156.2	1	1
95.7633	45	0	1	LastDelay	0.000186622	186.622	1	1
95.7633	52	0	1	LastDelay	0.00278857	2788.57	1	1
95.7633	48	0	1	LastDelay	0.00330361	3303.61	1	1
95.7892	36	0	1	LastDelay	0.01521	15210	1	1
95.7892	57	0	1	LastDelay	0.00652603	6526.03	1	1
95.821	63	0	1	LastDelay	0	0	1	0
95.8373	84	0	1	LastDelay	0	0	1	0
95.844	64	0	1	LastDelay	0	0	1	0
95.8571	77	0	1	LastDelay	0	0	1	0
95.9162	81	0	1	LastDelay	0.00193723	1937.23	1	1
95.9227	53	0	1	LastDelay	0.00467568	4675.69	1	1
95.9442	90	0	1	LastDelay	0	0	1	0
95.9501	82	0	1	LastDelay	0.0145443	14544.3	1	1
95.9743	73	0	1	LastDelay	0.000710338	710.338	1	1
95.9816	35	0	1	LastDelay	0.00485554	4855.53	1	1
95.9983	31	0	1	LastDelay	0.0166055	16605.5	1	1
96.0265	24	0	1	LastDelay	0.00613388	6133.88	1	1
96.047	41	0	1	LastDelay	0.00955324	9553.24	1	1
96.0625	62	0	1	LastDelay	0	0	1	0
96.119	8	0	1	LastDelay	0	0	1	0
96.1445	16	0	1	LastDelay	0.00021886	218.86	1	1
96.1877	25	0	1	LastDelay	0	0	1	0
96.2384	40	0	1	LastDelay	0.00194367	1943.67	1	1
96.2452	86	0	1	LastDelay	0.00626111	6261.11	1	1
96.2517	71	0	1	LastDelay	0.00100004	1000.04	1	1
96.2711	69	0	1	LastDelay	0.00547424	5474.24	1	1
96.2903	32	0	1	LastDelay	0.00354404	3544.04	1	1
96.2926	50	0	1	LastDelay	0	0	1	0
96.3053	72	0	1	LastDelay	0	0	1	0
96.3168	12	0	1	LastDelay	0	0	1	0
96.3358	44	0	1	LastDelay	0	0	1	0
96.3462	42	0	1	LastDelay	0	0	1	0
96.3595	78	0	1	LastDelay	0.00330609	3306.09	1	1
96.4003	89	0	1	LastDelay	0	0	1	0
96.4039	92	0	1	LastDelay	0	0	1	0
96.4229	75	0	1	LastDelay	0.00498442	4984.42	1	1
96.442	79	0	1	LastDelay	0.00203467	2034.67	1	1
96.4546	33	0	1	LastDelay	0.0140992	14099.2	1	1
96.4725	21	0	1	LastDelay	0.00505989	5059.89	1	1
96.5153	28	0	1	LastDelay	0.00144662	1446.62	1	1
96.542	17	0	1	LastDelay	0.019626	19626	1	1
96.5509	83	0	1	LastDelay	0	0	1	0
96.6113	29	0	1	LastDelay	0.00797807	7978.07	1	1
96.6178	67	0	1	LastDelay	0.00179468	1794.68	1	1
96.627	76	0	1	LastDelay	0.00118768	1187.68	1	1
96.6334	27	0	1	LastDelay	0	0	1	0
96.6363	61	0	1	LastDelay	0.00570923	5709.23	1	1
96.637	58	0	1	LastDelay	0	0	1	0
96.6397	87	0	1	LastDelay	0.0063348	6334.8	1	1
96.644	54	0	1	LastDelay	0.00733438	7334.38	1	1
96.6474	85	0	1	LastDelay	0	0	1	0
96.6525	70	0	1	LastDelay	0.000825568	825.568	1	1
96.6577	38	0	1	LastDelay	0	0	1	0
96.6658	68	0	1	LastDelay	0.00637726	6377.26	1	1
96.675	80	0	1	LastDelay	0.0258463	25846.3	1	1
96.6812	74	0	1	LastDelay	0.00434542	4345.42	1	1
96.7259	37	0	1	LastDelay	0	0	1	0
96.7303	66	0	1	LastDelay	0	0	1	0
96.7315	88	0	1	LastDelay	0.0535295	53529.5	1	1
96.745	23	0	1	LastDelay	0.0164228	16422.8	1	1
96.76	48	0	1	LastDelay	0	0	1	0
96.7605	52	0	1	LastDelay	0	0	1	0
96.7631	45	0	1	LastDelay	0	0	1	0
96.774	36	0	1	LastDelay	0	0	1	0
96.7827	57	0	1	LastDelay	0	0	1	0
96.8527	64	0	1	LastDelay	0.00871371	8713.71	1	1
96.8619	77	0	1	LastDelay	0.0048208	4820.8	1	1
96.8691	84	0	1	LastDelay	0.0317565	31756.5	1	1
96.8879	65	0	1	LastDelay	0.00245731	2457.31	1	1
96.9142	81	0	1	LastDelay	0	0	1	0
96.918	53	0	1	LastDelay	0	0	1	0
96.9355	82	0	1	LastDelay	0	0	1	0
96.9418	91	0	1	LastDelay	0.0112671	11267.1	1	1
96.9736	73	0	1	LastDelay	0	0	1	0
96.9767	35	0	1	LastDelay	0	0	1	0
96.9817	31	0	1	LastDelay	0	0	1	0
97.0203	24	0	1	LastDelay	0	0	1	0
97.0374	41	0	1	LastDelay	0	0	1	0
97.1441	94	0	1	LastDelay	0.00334525	3345.25	1	1
97.1442	16	0	1	LastDelay	0	0	1	0
97.2364	40	0	1	LastDelay	0	0	1	0
97.2389	86	0	1	LastDelay	0	0	1	0
97.2507	71	0	1	LastDelay	0	0	1	0
97.2656	69	0	1	LastDelay	0	0	1	0
97.2867	32	0	1	LastDelay	0	0	1	0
97.313	72	0	1	LastDelay	0.00770074	7700.74	1	1
97.3418	44	0	1	LastDelay	0.00599373	5993.73	1	1
97.3531	42	0	1	LastDelay	0.0069307	6930.7	1	1
97.3562	78	0	1	LastDelay	0	0	1	0
97.4149	98	0	1	LastDelay	0.0033066	3306.6	1	1
97.4161	59	0	1	LastDelay	0.00336974	3369.74	1	1
97.4161	92	0	1	LastDelay	0.0122849	12284.9	1	1
97.4179	75	0	1	LastDelay	0	0	1	0
97.44	79	0	1	LastDelay	0	0	1	0
97.4405	33	0	1	LastDelay	0	0	1	0
97.4674	21	0	1	LastDelay	0	0	1	0
97.5138	28	0	1	LastDelay	0	0	1	0
97.5224	17	0	1	LastDelay	0	0	1	0
97.5542	83	0	1	LastDelay	0.00330605	3306.05	1	1
97.6033	29	0	1	LastDelay	0	0	1	0
97.616	67	0	1	LastDelay	0	0	1	0
97.6258	76	0	1	LastDelay	0	0	1	0
97.6306	61	0	1	LastDelay	0	0	1	0
97.6334	87	0	1	LastDelay	0	0	1	0
97.6366	54	0	1	LastDelay	0	0	1	0
97.6492	80	0	1	LastDelay	0	0	1	0
97.6516	70	0	1	LastDelay	0	0	1	0
97.6594	68	0	1	LastDelay	0	0	1	0
97.6603	38	0	1	LastDelay	0.00256286	2562.86	1	1
97.6603	58	0	1	LastDelay	0.023261	23261	1	1
97.6603	85	0	1	LastDelay	0.0128472	12847.2	1	1
97.6768	74	0	1	LastDelay	0	0	1	0
97.678	88	0	1	LastDelay	0	0	1	0
97.7286	23	0	1	LastDelay	0	0	1	0
97.7609	52	0	1	LastDelay	0.000407529	407.529	1	1
97.7609	48	0	1	LastDelay	0.000922572	922.572	1	1
97.765	45	0	1	LastDelay	0.00191947	1919.47	1	1
97.7811	36	0	1	LastDelay	0.00705301	7053.01	1	1
97.7859	57	0	1	LastDelay	0.00319541	3195.41	1	1
97.8373	84	0	1	LastDelay	0	0	1	0
97.8413	63	0	1	LastDelay	0.020294	20294	1	1
97.844	64	0	1	LastDelay	0	0	1	0
97.8571	77	0	1	LastDelay	0	0	1	0
97.8854	65	0	1	LastDelay	0	0	1	0
97.9306	91	0	1	LastDelay	0	0	1	0
97.945	82	0	1	LastDelay	0.00944146	9441.46	1	1
97.948	53	0	1	LastDelay	0.0300405	30040.5	1	1
97.9753	73	0	1	LastDelay	0.00170064	1700.64	1	1
97.9818	31	0	1	LastDelay	5.6451e-05	56.451	1	1
97.9818	35	0	1	LastDelay	0.00505077	5050.77	1	1
98.0215	24	0	1	LastDelay	0.00117404	1174.04	1	1
98.0513	41	0	1	LastDelay	0.0138975	13897.5	1	1
98.0742	62	0	1	LastDelay	0.0116159	11615.9	1	1
98.1407	94	0	1	LastDelay	0	0	1	0
98.1489	60	0	1	LastDelay	0.00330604	3306.04	1	1
98.2405	86	0	1	LastDelay	0.00154053	1540.53	1	1
98.2541	40	0	1	LastDelay	0.0176862	17686.2	1	1
98.2794	69	0	1	LastDelay	0.0137777	13777.7	1	1
98.2897	32	0	1	LastDelay	0.002938	2937.99	1	1
98.2897	71	0	1	LastDelay	0.0389665	38966.5	1	1
98.2965	50	0	1	LastDelay	0.00383626	3836.26	1	1
98.3053	72	0	1	LastDelay	0	0	1	0
98.3358	44	0	1	LastDelay	0	0	1	0
98.3462	42	0	1	LastDelay	0	0	1	0
98.3574	78	0	1	LastDelay	0.00128502	1285.02	1	1
98.4039	92	0	1	LastDelay	0	0	1	0
98.4056	89	0	1	LastDelay	0.00530536	5305.36	1	1
98.4116	98	0	1	LastDelay	0	0	1	0
98.4128	59	0	1	LastDelay	0	0	1	0
98.4189	75	0	1	LastDelay	0.000975093	975.093	1	1
98.4472	33	0	1	LastDelay	0.0066746	6674.6	1	1
98.4507	79	0	1	LastDelay	0.0106796	10679.6	1	1
98.476	21	0	1	LastDelay	0.00857349	8573.49	1	1
98.5139	28	0	1	LastDelay	6.817e-05	68.17	1	1
98.5463	17	0	1	LastDelay	0.0239166	23916.6	1	1
98.5509	83	0	1	LastDelay	0	0	1	0
98.6084	29	0	1	LastDelay	0.0050689	5068.9	1	1
98.6272	76	0	1	LastDelay	0.00134908	1349.08	1	1
98.6343	87	0	1	LastDelay	0.000938604	938.604	1	1
98.637	58	0	1	LastDelay	0	0	1	0
98.6374	61	0	1	LastDelay	0.00679893	6798.93	1	1
98.6374	27	0	1	LastDelay	0.00399987	3999.87	1	1
98.6374	54	0	1	LastDelay	0.000737052	737.052	1	1
98.6474	85	0	1	LastDelay	0	0	1	0
98.6561	70	0	1	LastDelay	0.00445342	4453.42	1	1
98.6577	38	0	1	LastDelay	0	0	1	0
98.6622	68	0	1	LastDelay	0.00281956	2819.56	1	1
98.6622	80	0	1	LastDelay	0.013075	13075	1	1
98.6779	74	0	1	LastDelay	0.00113053	1130.53	1	1
98.681	88	0	1	LastDelay	0.0029919	2991.89	1	1
98.7312	66	0	1	LastDelay	0.000836518	836.518	1	1
98.7342	23	0	1	LastDelay	0.0056411	5641.1	1	1
98.76	48	0	1	LastDelay	0	0	1	0
98.7605	52	0	1	LastDelay	0	0	1	0
98.7631	45	0	1	LastDelay	0	0	1	0
98.774	36	0	1	LastDelay	0	0	1	0
98.7827	57	0	1	LastDelay	0	0	1	0
98.821	63	0	1	LastDelay	0	0	1	0
98.8401	84	0	1	LastDelay	0.00281885	2818.85	1	1
98.8467	64	0	1	LastDelay	0.00267421	2674.21	1	1
98.8719	77	0	1	LastDelay	0.0148401	14840.1	1	1
98.9102	65	0	1	LastDelay	0.0247495	24749.5	1	1
98.9166	81	0	1	LastDelay	0.00241857	2418.57	1	1
98.918	53	0	1	LastDelay	0	0	1	0
98.932	91	0	1	LastDelay	0.00141978	1419.78	1	1
98.9355	82	0	1	LastDelay	0	0	1	0
98.9455	90	0	1	LastDelay	0.00132185	1321.85	1	1
98.9736	73	0	1	LastDelay	0	0	1	0
98.9767	35	0	1	LastDelay	0	0	1	0
98.9817	31	0	1	LastDelay	0	0	1	0
99.0203	24	0	1	LastDelay	0	0	1	0
99.0374	41	0	1	LastDelay	0	0	1	0
99.0625	62	0	1	LastDelay	0	0	1	0
99.1455	60	0	1	LastDelay	0	0	1	0
99.2364	40	0	1	LastDelay	0	0	1	0
99.2389	86	0	1	LastDelay	0	0	1	0
99.2507	71	0	1	LastDelay	0	0	1	0
99.2656	69	0	1	LastDelay	0	0	1	0
99.2867	32	0	1	LastDelay	0	0	1	0
99.2926	50	0	1	LastDelay	0	0	1	0
99.3421	44	0	1	LastDelay	0.00630668	6306.68	1	1
99.3513	42	0	1	LastDelay	0.0050932	5093.2	1	1
99.3562	78	0	1	LastDelay	0	0	1	0
99.4003	89	0	1	LastDelay	0	0	1	0
99.4179	75	0	1	LastDelay	0	0	1	0
99.44	79	0	1	LastDelay	0	0	1	0
99.4405	33	0	1	LastDelay	0	0	1	0
99.4674	21	0	1	LastDelay	0	0	1	0
99.5138	28	0	1	LastDelay	0	0	1	0
99.5224	17	0	1	LastDelay	0	0	1	0
99.6033	29	0	1	LastDelay	0	0	1	0
99.6258	76	0	1	LastDelay	0	0	1	0
99.6306	61	0	1	LastDelay	0	0	1	0
99.6334	87	0	1	LastDelay	0	0	1	0
99.6334	27	0	1	LastDelay	0	0	1	0
99.6366	54	0	1	LastDelay	0	0	1	0
99.6492	80	0	1	LastDelay	0	0	1	0
99.6516	70	0	1	LastDelay	0	0	1	0
99.6594	68	0	1	LastDelay	0	0	1	0
99.6605	38	0	1	LastDelay	0.00276441	2764.41	1	1
99.6605	85	0	1	LastDelay	0.0130487	13048.7	1	1
99.6768	74	0	1	LastDelay	0	0	1	0
99.678	88	0	1	LastDelay	0	0	1	0
99.7286	23	0	1	LastDelay	0	0	1	0
99.7303	66	0	1	LastDelay	0	0	1	0
99.7776	52	0	1	LastDelay	0.0171622	17162.2	1	1
99.7811	36	0	1	LastDelay	0.0070517	7051.7	1	1
99.7811	45	0	1	LastDelay	0.018001	18001	1	1
99.7927	57	0	1	LastDelay	0.00995942	9959.42	1	1
99.8373	84	0	1	LastDelay	0	0	1	0
99.844	64	0	1	LastDelay	0	0	1	0
99.8571	77	0	1	LastDelay	0	0	1	0
99.8854	65	0	1	LastDelay	0	0	1	0
99.9142	81	0	1	LastDelay	0	0	1	0
99.9306	91	0	1	LastDelay	0	0	1	0
99.9442	90	0	1	LastDelay	0	0	1	0
99.9773	35	0	1	LastDelay	0.0005273	527.3	1	1
99.9845	31	0	1	LastDelay	0.0027181	2718.1	1	1
