Time	Node	AppId	SeqNo	Type	DelayS	DelayUS	RetxCount	HopCount
18.2169	2	0	1	LastDelay	0.00338468	3384.68	1	1
18.2169	3	0	1	LastDelay	0.967896	967896	1	1
18.249	3	0	1	LastDelay	0	0	1	0
19.2136	2	0	1	LastDelay	0	0	1	0
19.2524	3	0	1	LastDelay	0.00338463	3384.63	1	1
19.2894	1	0	1	LastDelay	0.00346284	3462.84	1	1
20.2169	2	0	1	LastDelay	0.00338428	3384.28	1	1
20.249	3	0	1	LastDelay	0	0	1	0
20.2859	1	0	1	LastDelay	0	0	1	0
21.2136	2	0	1	LastDelay	0	0	1	0
21.2524	3	0	1	LastDelay	0.00337132	3371.32	1	1
21.2893	1	0	1	LastDelay	0.00331958	3319.58	1	1
22.2434	0	0	1	LastDelay	0.00379276	3792.76	1	1
22.249	3	0	1	LastDelay	0	0	1	0
22.2859	1	0	1	LastDelay	0	0	1	0
23.1645	4	0	1	LastDelay	0.00331962	3319.62	1	1
23.2396	0	0	1	LastDelay	0	0	1	0
23.8861	5	0	1	LastDelay	0.00346232	3462.32	1	1
24.1612	4	0	1	LastDelay	0	0	1	0
24.243	0	0	1	LastDelay	0.00333235	3332.36	1	1
24.2524	3	0	1	LastDelay	0.00335836	3358.36	1	1
24.2893	1	0	1	LastDelay	0.00331919	3319.19	1	1
24.8827	5	0	1	LastDelay	0	0	1	0
25.1646	4	0	1	LastDelay	0.0033325	3332.5	1	1
25.2396	0	0	1	LastDelay	0	0	1	0
25.249	3	0	1	LastDelay	0	0	1	0
25.2859	1	0	1	LastDelay	0	0	1	0
26.1612	4	0	1	LastDelay	0	0	1	0
26.2892	1	0	1	LastDelay	0.00330613	3306.13	1	1
26.8861	5	0	1	LastDelay	0.00346282	3462.82	1	1
27.1646	4	0	1	LastDelay	0.00334553	3345.53	1	1
27.2429	0	0	1	LastDelay	0.00330612	3306.12	1	1
27.2493	3	0	1	LastDelay	0.000236878	236.878	1	1
27.2859	1	0	1	LastDelay	0	0	1	0
27.8508	8	0	1	LastDelay	0.00339723	3397.23	1	1
27.8827	5	0	1	LastDelay	0	0	1	0
28.1612	4	0	1	LastDelay	0	0	1	0
28.2396	0	0	1	LastDelay	0	0	1	0
28.249	3	0	1	LastDelay	0	0	1	0
28.8474	8	0	1	LastDelay	0	0	1	0
29.1646	4	0	1	LastDelay	0.0033322	3332.2	1	1
29.886	5	0	1	LastDelay	0.00334532	3345.32	1	1
29.886	9	0	1	LastDelay	0.518548	518548	1	1
30.1612	4	0	1	LastDelay	0	0	1	0
30.3675	9	0	1	LastDelay	0	0	1	0
30.8508	8	0	1	LastDelay	0.00335832	3358.32	1	1
30.8827	5	0	1	LastDelay	0	0	1	0
31.1645	4	0	1	LastDelay	0.00330628	3306.28	1	1
31.8474	8	0	1	LastDelay	0	0	1	0
32.1612	4	0	1	LastDelay	0	0	1	0
33.8874	7	0	1	LastDelay	0.637412	637412	1	1
34.243	0	0	1	LastDelay	0.0033711	3371.1	1	1
34.25	7	0	1	LastDelay	0	0	1	0
34.886	5	0	1	LastDelay	0.00330605	3306.05	1	1
35.1987	6	0	1	LastDelay	0.0033063	3306.3	1	1
35.2396	0	0	1	LastDelay	0	0	1	0
35.2893	1	0	1	LastDelay	0.00333213	3332.13	1	1
35.3348	10	0	1	LastDelay	0.00649484	6494.84	1	1
35.3708	9	0	1	LastDelay	0.0033454	3345.4	1	1
35.8507	8	0	1	LastDelay	0.00331976	3319.76	1	1
35.8827	5	0	1	LastDelay	0	0	1	0
36.0715	11	0	1	LastDelay	0.00331959	3319.59	1	1
36.1678	4	0	1	LastDelay	0.00655968	6559.68	1	1
36.1954	6	0	1	LastDelay	0	0	1	0
36.243	0	0	1	LastDelay	0.0033321	3332.1	1	1
36.2561	7	0	1	LastDelay	0.00605042	6050.42	1	1
36.2859	1	0	1	LastDelay	0	0	1	0
36.3283	10	0	1	LastDelay	0	0	1	0
36.3675	9	0	1	LastDelay	0	0	1	0
36.8474	8	0	1	LastDelay	0	0	1	0
36.886	5	0	1	LastDelay	0.00331905	3319.05	1	1
37.0682	11	0	1	LastDelay	0	0	1	0
37.1612	4	0	1	LastDelay	0	0	1	0
37.1987	6	0	1	LastDelay	0.00330612	3306.12	1	1
37.2396	0	0	1	LastDelay	0	0	1	0
37.25	7	0	1	LastDelay	0	0	1	0
37.3316	10	0	1	LastDelay	0.00331938	3319.38	1	1
37.377	9	0	1	LastDelay	0.00952692	9526.92	1	1
37.8827	5	0	1	LastDelay	0	0	1	0
38.0718	11	0	1	LastDelay	0.00363663	3636.63	1	1
38.1646	4	0	1	LastDelay	0.00333242	3332.42	1	1
38.1954	6	0	1	LastDelay	0	0	1	0
38.3283	10	0	1	LastDelay	0	0	1	0
38.3675	9	0	1	LastDelay	0	0	1	0
39.0682	11	0	1	LastDelay	0	0	1	0
39.1612	4	0	1	LastDelay	0	0	1	0
40.2534	7	0	1	LastDelay	0.00334508	3345.08	1	1
40.3316	10	0	1	LastDelay	0.00330629	3306.29	1	1
41.1645	4	0	1	LastDelay	0.00330609	3306.09	1	1
41.25	7	0	1	LastDelay	0	0	1	0
41.2893	1	0	1	LastDelay	0.00331918	3319.18	1	1
41.3283	10	0	1	LastDelay	0	0	1	0
42.1612	4	0	1	LastDelay	0	0	1	0
42.2859	1	0	1	LastDelay	0	0	1	0
42.886	5	0	1	LastDelay	0.00330615	3306.15	1	1
42.886	15	0	1	LastDelay	0.555815	555815	1	1
43.2429	0	0	1	LastDelay	0.00330605	3306.05	1	1
43.3302	15	0	1	LastDelay	0	0	1	0
43.8827	5	0	1	LastDelay	0	0	1	0
44.2396	0	0	1	LastDelay	0	0	1	0
44.2533	7	0	1	LastDelay	0.00331815	3318.15	1	1
45.25	7	0	1	LastDelay	0	0	1	0
45.3327	15	0	1	LastDelay	0.00251767	2517.67	1	1
46.1976	6	0	1	LastDelay	0.00217678	2176.78	1	1
46.2502	12	0	1	LastDelay	0.00173042	1730.42	1	1
46.2502	7	0	1	LastDelay	0.000159534	159.534	1	1
46.2892	1	0	1	LastDelay	0.00330647	3306.47	1	1
46.3302	15	0	1	LastDelay	0	0	1	0
47.0715	11	0	1	LastDelay	0.00331969	3319.69	1	1
47.1954	6	0	1	LastDelay	0	0	1	0
47.2485	12	0	1	LastDelay	0	0	1	0
47.25	7	0	1	LastDelay	0	0	1	0
47.2859	1	0	1	LastDelay	0	0	1	0
48.0682	11	0	1	LastDelay	0	0	1	0
48.199	6	0	1	LastDelay	0.00362683	3626.83	1	1
48.2892	1	0	1	LastDelay	0.00330646	3306.46	1	1
48.3326	15	0	1	LastDelay	0.00247868	2478.68	1	1
48.886	5	0	1	LastDelay	0.00333215	3332.15	1	1
49.0713	11	0	1	LastDelay	0.00316113	3161.13	1	1
49.0878	17	0	1	LastDelay	0.014929	14929	1	1
49.1954	6	0	1	LastDelay	0	0	1	0
49.1972	13	0	1	LastDelay	0.00330635	3306.35	1	1
49.2498	12	0	1	LastDelay	0.00138749	1387.49	1	1
49.26	7	0	1	LastDelay	0.00995069	9950.69	1	1
49.2859	1	0	1	LastDelay	0	0	1	0
49.3302	15	0	1	LastDelay	0	0	1	0
49.8827	5	0	1	LastDelay	0	0	1	0
50.0682	11	0	1	LastDelay	0	0	1	0
50.0709	16	0	1	LastDelay	0.00331935	3319.35	1	1
50.0728	17	0	1	LastDelay	0	0	1	0
50.1939	13	0	1	LastDelay	0	0	1	0
50.2485	12	0	1	LastDelay	0	0	1	0
50.25	7	0	1	LastDelay	0	0	1	0
50.3358	15	0	1	LastDelay	0.00562764	5627.64	1	1
51.0676	16	0	1	LastDelay	0	0	1	0
51.1645	4	0	1	LastDelay	0.0033191	3319.1	1	1
51.1979	6	0	1	LastDelay	0.00248101	2481.01	1	1
51.2506	12	0	1	LastDelay	0.00210023	2100.23	1	1
51.3302	15	0	1	LastDelay	0	0	1	0
51.886	5	0	1	LastDelay	0.00333205	3332.05	1	1
51.9463	14	0	1	LastDelay	0.00331916	3319.16	1	1
52.0716	11	0	1	LastDelay	0.0034255	3425.5	1	1
52.0747	17	0	1	LastDelay	0.00185153	1851.53	1	1
52.1612	4	0	1	LastDelay	0	0	1	0
52.1954	6	0	1	LastDelay	0	0	1	0
52.1972	13	0	1	LastDelay	0.00330633	3306.33	1	1
52.2429	0	0	1	LastDelay	0.0033062	3306.2	1	1
52.2485	12	0	1	LastDelay	0	0	1	0
52.2924	1	0	1	LastDelay	0.00642986	6429.86	1	1
52.3316	10	0	1	LastDelay	0.00331915	3319.15	1	1
52.3316	15	0	1	LastDelay	0.00143577	1435.77	1	1
52.8827	5	0	1	LastDelay	0	0	1	0
52.9429	14	0	1	LastDelay	0	0	1	0
53.0682	11	0	1	LastDelay	0	0	1	0
53.0709	16	0	1	LastDelay	0.00330608	3306.08	1	1
53.0728	17	0	1	LastDelay	0	0	1	0
53.1645	4	0	1	LastDelay	0.00330616	3306.16	1	1
53.1939	13	0	1	LastDelay	0	0	1	0
53.2396	0	0	1	LastDelay	0	0	1	0
53.2859	1	0	1	LastDelay	0	0	1	0
53.3283	10	0	1	LastDelay	0	0	1	0
53.3302	15	0	1	LastDelay	0	0	1	0
53.886	5	0	1	LastDelay	0.00330615	3306.15	1	1
53.886	20	0	1	LastDelay	0.517855	517855	1	1
53.9463	14	0	1	LastDelay	0.00330608	3306.08	1	1
54.0676	16	0	1	LastDelay	0	0	1	0
54.0715	11	0	1	LastDelay	0.00333203	3332.03	1	1
54.0746	17	0	1	LastDelay	0.0017451	1745.1	1	1
54.1612	4	0	1	LastDelay	0	0	1	0
54.1975	6	0	1	LastDelay	0.00212458	2124.58	1	1
54.2491	12	0	1	LastDelay	0.000662317	662.317	1	1
54.3316	10	0	1	LastDelay	0.00331915	3319.15	1	1
54.3316	15	0	1	LastDelay	0.00143577	1435.77	1	1
54.3681	20	0	1	LastDelay	0	0	1	0
54.8827	5	0	1	LastDelay	0	0	1	0
54.9429	14	0	1	LastDelay	0	0	1	0
55.0682	11	0	1	LastDelay	0	0	1	0
55.0709	16	0	1	LastDelay	0.00334502	3345.02	1	1
55.0728	17	0	1	LastDelay	0	0	1	0
55.1645	4	0	1	LastDelay	0.0033061	3306.1	1	1
55.1954	6	0	1	LastDelay	0	0	1	0
55.2429	0	0	1	LastDelay	0.00330604	3306.04	1	1
55.2485	12	0	1	LastDelay	0	0	1	0
55.3283	10	0	1	LastDelay	0	0	1	0
55.3302	15	0	1	LastDelay	0	0	1	0
56.0676	16	0	1	LastDelay	0	0	1	0
56.0715	11	0	1	LastDelay	0.00331925	3319.25	1	1
56.0756	17	0	1	LastDelay	0.00281437	2814.37	1	1
56.1612	4	0	1	LastDelay	0	0	1	0
56.1983	6	0	1	LastDelay	0.00290198	2901.98	1	1
56.2396	0	0	1	LastDelay	0	0	1	0
56.3323	15	0	1	LastDelay	0.00213492	2134.92	1	1
57.0682	11	0	1	LastDelay	0	0	1	0
57.0728	17	0	1	LastDelay	0	0	1	0
57.1954	6	0	1	LastDelay	0	0	1	0
57.2959	21	0	1	LastDelay	0.00330631	3306.31	1	1
57.3302	15	0	1	LastDelay	0	0	1	0
57.8922	19	0	1	LastDelay	0.853566	853566	1	1
58.0386	19	0	1	LastDelay	0	0	1	0
58.2018	6	0	1	LastDelay	0.00639044	6390.44	1	1
58.2536	12	0	1	LastDelay	0.00514547	5145.47	1	1
58.2926	21	0	1	LastDelay	0	0	1	0
58.8891	5	0	1	LastDelay	0.00641669	6416.69	1	1
59.0709	11	0	1	LastDelay	0.00272627	2726.27	1	1
59.0709	16	0	1	LastDelay	0.00331906	3319.06	1	1
59.0853	17	0	1	LastDelay	0.012503	12503	1	1
59.1645	4	0	1	LastDelay	0.00330607	3306.07	1	1
59.1954	6	0	1	LastDelay	0	0	1	0
59.2485	12	0	1	LastDelay	0	0	1	0
59.3319	15	0	1	LastDelay	0.00176572	1765.72	1	1
59.8827	5	0	1	LastDelay	0	0	1	0
59.923	18	0	1	LastDelay	0.00334565	3345.65	1	1
59.9463	14	0	1	LastDelay	0.00331971	3319.71	1	1
60.0485	19	0	1	LastDelay	0.00986994	9869.94	1	1
60.0676	16	0	1	LastDelay	0	0	1	0
60.0682	11	0	1	LastDelay	0	0	1	0
60.0728	17	0	1	LastDelay	0	0	1	0
60.1612	4	0	1	LastDelay	0	0	1	0
60.1987	6	0	1	LastDelay	0.0033322	3332.2	1	1
60.2567	12	0	1	LastDelay	0.00828293	8282.93	1	1
60.3302	15	0	1	LastDelay	0	0	1	0
60.3714	20	0	1	LastDelay	0.00330625	3306.25	1	1
60.4181	22	0	1	LastDelay	0.00374085	3740.85	1	1
60.886	5	0	1	LastDelay	0.00330672	3306.72	1	1
60.9196	18	0	1	LastDelay	0	0	1	0
60.9429	14	0	1	LastDelay	0	0	1	0
61.0386	19	0	1	LastDelay	0	0	1	0
61.0709	11	0	1	LastDelay	0.00273932	2739.32	1	1
61.074	16	0	1	LastDelay	0.0064033	6403.3	1	1
61.0771	17	0	1	LastDelay	0.00424944	4249.44	1	1
61.1645	4	0	1	LastDelay	0.00330614	3306.14	1	1
61.1954	6	0	1	LastDelay	0	0	1	0
61.2429	0	0	1	LastDelay	0.00330625	3306.25	1	1
61.2485	12	0	1	LastDelay	0	0	1	0
61.2963	23	0	1	LastDelay	0.00108117	1081.17	1	1
61.3316	10	0	1	LastDelay	0.00330671	3306.71	1	1
61.3316	15	0	1	LastDelay	0.00142332	1423.32	1	1
61.3681	20	0	1	LastDelay	0	0	1	0
61.4143	22	0	1	LastDelay	0	0	1	0
61.8827	5	0	1	LastDelay	0	0	1	0
61.9229	18	0	1	LastDelay	0.00330633	3306.33	1	1
61.9431	14	0	1	LastDelay	0.000185368	185.368	1	1
62.042	19	0	1	LastDelay	0.00330609	3306.09	1	1
62.0676	16	0	1	LastDelay	0	0	1	0
62.0682	11	0	1	LastDelay	0	0	1	0
62.0728	17	0	1	LastDelay	0	0	1	0
62.1612	4	0	1	LastDelay	0	0	1	0
62.2396	0	0	1	LastDelay	0	0	1	0
62.2952	23	0	1	LastDelay	0	0	1	0
62.3283	10	0	1	LastDelay	0	0	1	0
62.3302	15	0	1	LastDelay	0	0	1	0
62.9196	18	0	1	LastDelay	0	0	1	0
62.9429	14	0	1	LastDelay	0	0	1	0
63.0386	19	0	1	LastDelay	0	0	1	0
63.3354	15	0	1	LastDelay	0.00524929	5249.29	1	1
63.886	5	0	1	LastDelay	0.00330615	3306.15	1	1
64.2492	12	0	1	LastDelay	0.000756997	756.997	1	1
64.2973	23	0	1	LastDelay	0.00216248	2162.48	1	1
64.3302	15	0	1	LastDelay	0	0	1	0
64.8827	5	0	1	LastDelay	0	0	1	0
65.0792	17	0	1	LastDelay	0.00632148	6321.48	1	1
65.1987	6	0	1	LastDelay	0.0033061	3306.1	1	1
65.2429	0	0	1	LastDelay	0.0033062	3306.2	1	1
65.2485	12	0	1	LastDelay	0	0	1	0
65.2952	23	0	1	LastDelay	0	0	1	0
65.299	21	0	1	LastDelay	0.00640334	6403.35	1	1
65.3327	15	0	1	LastDelay	0.00258537	2585.37	1	1
65.4176	22	0	1	LastDelay	0.00330602	3306.02	1	1
65.9229	18	0	1	LastDelay	0.00330609	3306.09	1	1
66.042	19	0	1	LastDelay	0.00334557	3345.57	1	1
66.0728	17	0	1	LastDelay	0	0	1	0
66.0743	11	0	1	LastDelay	0.00614105	6141.05	1	1
66.1954	6	0	1	LastDelay	0	0	1	0
66.2396	0	0	1	LastDelay	0	0	1	0
66.2518	12	0	1	LastDelay	0.0033321	3332.1	1	1
66.2926	21	0	1	LastDelay	0	0	1	0
66.3302	15	0	1	LastDelay	0	0	1	0
66.4143	22	0	1	LastDelay	0	0	1	0
66.9196	18	0	1	LastDelay	0	0	1	0
67.0386	19	0	1	LastDelay	0	0	1	0
67.0682	11	0	1	LastDelay	0	0	1	0
67.075	17	0	1	LastDelay	0.00219485	2194.85	1	1
67.1738	26	0	1	LastDelay	0.000794675	794.675	1	1
67.2433	0	0	1	LastDelay	0.0036884	3688.4	1	1
67.2485	12	0	1	LastDelay	0	0	1	0
67.2966	23	0	1	LastDelay	0.00144988	1449.88	1	1
67.3316	10	0	1	LastDelay	0.0033191	3319.1	1	1
67.3316	15	0	1	LastDelay	0.0014357	1435.7	1	1
67.3714	20	0	1	LastDelay	0.00330615	3306.15	1	1
67.886	5	0	1	LastDelay	0.00331905	3319.05	1	1
67.9463	14	0	1	LastDelay	0.00330602	3306.02	1	1
68.0709	16	0	1	LastDelay	0.00331921	3319.21	1	1
68.0709	11	0	1	LastDelay	0.00272648	2726.48	1	1
68.0728	17	0	1	LastDelay	0	0	1	0
68.1645	4	0	1	LastDelay	0.00330606	3306.06	1	1
68.173	26	0	1	LastDelay	0	0	1	0
68.2396	0	0	1	LastDelay	0	0	1	0
68.2518	12	0	1	LastDelay	0.00330621	3306.21	1	1
68.2952	23	0	1	LastDelay	0	0	1	0
68.3283	10	0	1	LastDelay	0	0	1	0
68.3302	15	0	1	LastDelay	0	0	1	0
68.3681	20	0	1	LastDelay	0	0	1	0
68.4176	22	0	1	LastDelay	0.00331905	3319.05	1	1
68.8827	5	0	1	LastDelay	0	0	1	0
68.9429	14	0	1	LastDelay	0	0	1	0
69.0242	27	0	1	LastDelay	0.00368862	3688.61	1	1
69.0676	16	0	1	LastDelay	0	0	1	0
69.0682	11	0	1	LastDelay	0	0	1	0
69.1612	4	0	1	LastDelay	0	0	1	0
69.2485	12	0	1	LastDelay	0	0	1	0
69.3007	23	0	1	LastDelay	0.00555032	5550.32	1	1
69.3361	15	0	1	LastDelay	0.0059185	5918.5	1	1
69.3714	20	0	1	LastDelay	0.0033196	3319.6	1	1
69.4143	22	0	1	LastDelay	0	0	1	0
69.9463	14	0	1	LastDelay	0.00333222	3332.22	1	1
70.0205	27	0	1	LastDelay	0	0	1	0
70.0723	11	0	1	LastDelay	0.00411202	4112.02	1	1
70.0754	17	0	1	LastDelay	0.00255104	2551.04	1	1
70.1645	4	0	1	LastDelay	0.00330616	3306.16	1	1
70.1748	26	0	1	LastDelay	0.00178091	1780.91	1	1
70.199	6	0	1	LastDelay	0.00364945	3649.45	1	1
70.2429	0	0	1	LastDelay	0.0033061	3306.1	1	1
70.2495	12	0	1	LastDelay	0.00103126	1031.26	1	1
70.2929	21	0	1	LastDelay	0.000251579	251.579	1	1
70.2952	23	0	1	LastDelay	0	0	1	0
70.3302	15	0	1	LastDelay	0	0	1	0
70.3316	10	0	1	LastDelay	0.00331915	3319.15	1	1
70.3681	20	0	1	LastDelay	0	0	1	0
70.4176	22	0	1	LastDelay	0.00330602	3306.02	1	1
70.5966	24	0	1	LastDelay	0.00371471	3714.71	1	1
70.886	5	0	1	LastDelay	0.00330615	3306.15	1	1
70.9229	18	0	1	LastDelay	0.00330625	3306.25	1	1
70.9429	14	0	1	LastDelay	0	0	1	0
71.0238	27	0	1	LastDelay	0.00330632	3306.32	1	1
71.0682	11	0	1	LastDelay	0	0	1	0
71.0709	16	0	1	LastDelay	0.00331915	3319.15	1	1
71.0728	17	0	1	LastDelay	0	0	1	0
71.1612	4	0	1	LastDelay	0	0	1	0
71.173	26	0	1	LastDelay	0	0	1	0
71.1954	6	0	1	LastDelay	0	0	1	0
71.2396	0	0	1	LastDelay	0	0	1	0
71.2485	12	0	1	LastDelay	0	0	1	0
71.2926	21	0	1	LastDelay	0	0	1	0
71.3283	10	0	1	LastDelay	0	0	1	0
71.3366	15	0	1	LastDelay	0.0064032	6403.2	1	1
71.3896	25	0	1	LastDelay	0.485555	485555	1	1
71.4143	22	0	1	LastDelay	0	0	1	0
71.5929	24	0	1	LastDelay	0	0	1	0
71.8827	5	0	1	LastDelay	0	0	1	0
71.904	25	0	1	LastDelay	0	0	1	0
71.9196	18	0	1	LastDelay	0	0	1	0
72.0205	27	0	1	LastDelay	0	0	1	0
72.0676	16	0	1	LastDelay	0	0	1	0
72.077	17	0	1	LastDelay	0.00414732	4147.32	1	1
72.1676	4	0	1	LastDelay	0.00641704	6417.04	1	1
72.1749	26	0	1	LastDelay	0.00182051	1820.52	1	1
72.2429	0	0	1	LastDelay	0.0033061	3306.1	1	1
72.2519	12	0	1	LastDelay	0.0034467	3446.7	1	1
72.2963	23	0	1	LastDelay	0.00110681	1106.82	1	1
72.3302	15	0	1	LastDelay	0	0	1	0
72.3323	10	0	1	LastDelay	0.00400865	4008.65	1	1
72.3714	20	0	1	LastDelay	0.00330634	3306.34	1	1
72.923	18	0	1	LastDelay	0.00331944	3319.44	1	1
72.923	25	0	1	LastDelay	0.0189271	18927.1	1	1
72.9462	14	0	1	LastDelay	0.0032958	3295.8	1	1
73.0728	17	0	1	LastDelay	0	0	1	0
73.0743	11	0	1	LastDelay	0.00614086	6140.86	1	1
73.1612	4	0	1	LastDelay	0	0	1	0
73.173	26	0	1	LastDelay	0	0	1	0
73.1987	6	0	1	LastDelay	0.00330605	3306.05	1	1
73.2396	0	0	1	LastDelay	0	0	1	0
73.2485	12	0	1	LastDelay	0	0	1	0
73.2952	23	0	1	LastDelay	0	0	1	0
73.2959	21	0	1	LastDelay	0.00330639	3306.39	1	1
73.3283	10	0	1	LastDelay	0	0	1	0
73.3335	15	0	1	LastDelay	0.00330621	3306.21	1	1
73.3681	20	0	1	LastDelay	0	0	1	0
73.904	25	0	1	LastDelay	0	0	1	0
73.9196	18	0	1	LastDelay	0	0	1	0
73.9429	14	0	1	LastDelay	0	0	1	0
74.0238	27	0	1	LastDelay	0.00330604	3306.04	1	1
74.0682	11	0	1	LastDelay	0	0	1	0
74.0765	17	0	1	LastDelay	0.00367197	3671.97	1	1
74.1796	26	0	1	LastDelay	0.0065825	6582.5	1	1
74.1954	6	0	1	LastDelay	0	0	1	0
74.2507	12	0	1	LastDelay	0.00224524	2245.24	1	1
74.2926	21	0	1	LastDelay	0	0	1	0
74.3046	23	0	1	LastDelay	0.00947477	9474.77	1	1
74.3302	15	0	1	LastDelay	0	0	1	0
74.3316	10	0	1	LastDelay	0.00330614	3306.14	1	1
74.886	28	0	1	LastDelay	0.00141527	1415.27	1	1
74.9229	18	0	1	LastDelay	0.00322779	3227.79	1	1
75.0205	27	0	1	LastDelay	0	0	1	0
75.0709	11	0	1	LastDelay	0.00273932	2739.32	1	1
75.0709	16	0	1	LastDelay	0.00333215	3332.15	1	1
75.0728	17	0	1	LastDelay	0	0	1	0
75.173	26	0	1	LastDelay	0	0	1	0
75.1987	6	0	1	LastDelay	0.0033061	3306.1	1	1
75.2429	0	0	1	LastDelay	0.00330669	3306.69	1	1
75.2485	12	0	1	LastDelay	0	0	1	0
75.2952	23	0	1	LastDelay	0	0	1	0
75.3283	10	0	1	LastDelay	0	0	1	0
75.3335	15	0	1	LastDelay	0.00331914	3319.14	1	1
75.3714	20	0	1	LastDelay	0.00330619	3306.19	1	1
75.4417	29	0	1	LastDelay	0.0099406	9940.6	1	1
75.8846	28	0	1	LastDelay	0	0	1	0
75.886	5	0	1	LastDelay	0.0033061	3306.1	1	1
75.9096	25	0	1	LastDelay	0.00562512	5625.12	1	1
75.9196	18	0	1	LastDelay	0	0	1	0
76.0676	16	0	1	LastDelay	0	0	1	0
76.0682	11	0	1	LastDelay	0	0	1	0
76.0792	17	0	1	LastDelay	0.00639035	6390.35	1	1
76.1954	6	0	1	LastDelay	0	0	1	0
76.2396	0	0	1	LastDelay	0	0	1	0
76.3	23	0	1	LastDelay	0.00486429	4864.29	1	1
76.3302	15	0	1	LastDelay	0	0	1	0
76.3316	10	0	1	LastDelay	0.00330615	3306.15	1	1
76.3681	20	0	1	LastDelay	0	0	1	0
76.4318	29	0	1	LastDelay	0	0	1	0
76.5962	24	0	1	LastDelay	0.00330651	3306.51	1	1
76.8827	5	0	1	LastDelay	0	0	1	0
76.904	25	0	1	LastDelay	0	0	1	0
77.0719	11	0	1	LastDelay	0.00375596	3755.96	1	1
77.0728	17	0	1	LastDelay	0	0	1	0
77.1745	26	0	1	LastDelay	0.001494	1494	1	1
77.2543	12	0	1	LastDelay	0.00587008	5870.08	1	1
77.2952	23	0	1	LastDelay	0	0	1	0
77.3283	10	0	1	LastDelay	0	0	1	0
77.5929	24	0	1	LastDelay	0	0	1	0
77.8954	28	0	1	LastDelay	0.0107662	10766.2	1	1
77.9088	25	0	1	LastDelay	0.00476456	4764.56	1	1
77.9228	18	0	1	LastDelay	0.00313295	3132.95	1	1
77.9516	14	0	1	LastDelay	0.00861012	8610.12	1	1
78.0682	11	0	1	LastDelay	0	0	1	0
78.0747	17	0	1	LastDelay	0.00182533	1825.33	1	1
78.173	26	0	1	LastDelay	0	0	1	0
78.1987	6	0	1	LastDelay	0.0033061	3306.1	1	1
78.2485	12	0	1	LastDelay	0	0	1	0
78.299	23	0	1	LastDelay	0.00380892	3808.92	1	1
78.3302	10	0	1	LastDelay	0.00196353	1963.53	1	1
78.3302	15	0	1	LastDelay	8.0142e-05	80.142	1	1
78.3714	20	0	1	LastDelay	0.00331902	3319.02	1	1
78.4176	22	0	1	LastDelay	0.00330633	3306.33	1	1
78.4382	29	0	1	LastDelay	0.00647102	6471.02	1	1
78.8846	28	0	1	LastDelay	0	0	1	0
78.886	5	0	1	LastDelay	0.00330607	3306.07	1	1
78.904	25	0	1	LastDelay	0	0	1	0
78.9196	18	0	1	LastDelay	0	0	1	0
78.9429	14	0	1	LastDelay	0	0	1	0
79.0238	27	0	1	LastDelay	0.00330613	3306.13	1	1
79.0728	17	0	1	LastDelay	0	0	1	0
79.075	11	0	1	LastDelay	0.00683976	6839.76	1	1
79.1645	4	0	1	LastDelay	0.00330613	3306.13	1	1
79.1741	26	0	1	LastDelay	0.00105586	1055.86	1	1
79.1843	33	0	1	LastDelay	0.68204	682040	1	1
79.1954	6	0	1	LastDelay	0	0	1	0
79.2495	12	0	1	LastDelay	0.00100499	1004.99	1	1
79.2952	23	0	1	LastDelay	0	0	1	0
79.2953	21	0	1	LastDelay	0.00264847	2648.47	1	1
79.3283	10	0	1	LastDelay	0	0	1	0
79.3302	15	0	1	LastDelay	0	0	1	0
79.3681	20	0	1	LastDelay	0	0	1	0
79.4143	22	0	1	LastDelay	0	0	1	0
79.4318	29	0	1	LastDelay	0	0	1	0
79.5023	33	0	1	LastDelay	0	0	1	0
79.8827	5	0	1	LastDelay	0	0	1	0
79.9088	25	0	1	LastDelay	0.00474788	4747.88	1	1
79.9263	18	0	1	LastDelay	0.00668686	6686.86	1	1
79.9463	14	0	1	LastDelay	0.00330604	3306.04	1	1
80.0205	27	0	1	LastDelay	0	0	1	0
80.0682	11	0	1	LastDelay	0	0	1	0
80.0784	17	0	1	LastDelay	0.00559584	5595.84	1	1
80.1612	4	0	1	LastDelay	0	0	1	0
80.173	26	0	1	LastDelay	0	0	1	0
80.2485	12	0	1	LastDelay	0	0	1	0
80.2926	21	0	1	LastDelay	0	0	1	0
80.3323	15	0	1	LastDelay	0.0021092	2109.2	1	1
80.3714	20	0	1	LastDelay	0.00330602	3306.02	1	1
80.4217	32	0	1	LastDelay	0.222699	222699	1	1
80.4354	29	0	1	LastDelay	0.00366559	3665.59	1	1
80.5993	24	0	1	LastDelay	0.0063776	6377.6	1	1
80.8959	28	0	1	LastDelay	0.0113021	11302.1	1	1
80.904	25	0	1	LastDelay	0	0	1	0
80.9196	18	0	1	LastDelay	0	0	1	0
80.9429	14	0	1	LastDelay	0	0	1	0
81.0728	17	0	1	LastDelay	0	0	1	0
81.0753	11	0	1	LastDelay	0.00712012	7120.12	1	1
81.1956	6	0	1	LastDelay	0.000253202	253.202	1	1
81.199	32	0	1	LastDelay	0	0	1	0
81.2574	12	0	1	LastDelay	0.00892786	8927.86	1	1
81.2959	23	0	1	LastDelay	0.000737769	737.769	1	1
81.3294	10	0	1	LastDelay	0.00114482	1144.82	1	1
81.3302	15	0	1	LastDelay	0	0	1	0
81.3681	20	0	1	LastDelay	0	0	1	0
81.421	22	0	1	LastDelay	0.00672034	6720.35	1	1
81.4318	29	0	1	LastDelay	0	0	1	0
81.5056	33	0	1	LastDelay	0.00330657	3306.57	1	1
81.5929	24	0	1	LastDelay	0	0	1	0
81.8846	28	0	1	LastDelay	0	0	1	0
81.886	5	0	1	LastDelay	0.00330614	3306.14	1	1
81.9075	25	0	1	LastDelay	0.00351808	3518.08	1	1
81.9215	18	0	1	LastDelay	0.00191316	1913.16	1	1
81.9486	14	0	1	LastDelay	0.00570018	5700.18	1	1
82.0238	27	0	1	LastDelay	0.00330617	3306.17	1	1
82.0682	11	0	1	LastDelay	0	0	1	0
82.0743	17	0	1	LastDelay	0.00146937	1469.38	1	1
82.1645	4	0	1	LastDelay	0.00330604	3306.04	1	1
82.1748	26	0	1	LastDelay	0.00175547	1755.47	1	1
82.1954	6	0	1	LastDelay	0	0	1	0
82.2004	32	0	1	LastDelay	0.00136419	1364.19	1	1
82.2425	0	0	1	LastDelay	0.0028996	2899.61	1	1
82.2485	12	0	1	LastDelay	0	0	1	0
82.2952	23	0	1	LastDelay	0	0	1	0
82.3283	10	0	1	LastDelay	0	0	1	0
82.3335	15	0	1	LastDelay	0.00330632	3306.32	1	1
82.3714	20	0	1	LastDelay	0.00330607	3306.07	1	1
82.4143	22	0	1	LastDelay	0	0	1	0
82.5023	33	0	1	LastDelay	0	0	1	0
82.8827	5	0	1	LastDelay	0	0	1	0
82.8879	28	0	1	LastDelay	0.00330604	3306.04	1	1
82.904	25	0	1	LastDelay	0	0	1	0
82.9177	31	0	1	LastDelay	0.655659	655659	1	1
82.9196	18	0	1	LastDelay	0	0	1	0
82.9429	14	0	1	LastDelay	0	0	1	0
83.0205	27	0	1	LastDelay	0	0	1	0
83.0728	17	0	1	LastDelay	0	0	1	0
83.075	11	0	1	LastDelay	0.00680138	6801.38	1	1
83.1612	4	0	1	LastDelay	0	0	1	0
83.173	26	0	1	LastDelay	0	0	1	0
83.199	32	0	1	LastDelay	0	0	1	0
83.2396	0	0	1	LastDelay	0	0	1	0
83.262	31	0	1	LastDelay	0	0	1	0
83.297	23	0	1	LastDelay	0.00179366	1793.66	1	1
83.3291	10	0	1	LastDelay	0.000833753	833.753	1	1
83.3302	15	0	1	LastDelay	0	0	1	0
83.3681	20	0	1	LastDelay	0	0	1	0
83.4176	22	0	1	LastDelay	0.00330602	3306.02	1	1
83.5962	24	0	1	LastDelay	0.00330628	3306.28	1	1
83.8846	28	0	1	LastDelay	0	0	1	0
83.886	5	0	1	LastDelay	0.00330608	3306.08	1	1
83.9215	18	0	1	LastDelay	0.00183073	1830.73	1	1
84.0238	27	0	1	LastDelay	0.0033195	3319.5	1	1
84.0682	11	0	1	LastDelay	0	0	1	0
84.0743	17	0	1	LastDelay	0.00149562	1495.62	1	1
84.1762	26	0	1	LastDelay	0.00315473	3154.73	1	1
84.1994	6	0	1	LastDelay	0.0040506	4050.6	1	1
84.1994	32	0	1	LastDelay	0.000406579	406.579	1	1
84.2429	0	0	1	LastDelay	0.00330618	3306.18	1	1
84.2494	12	0	1	LastDelay	0.00099218	992.18	1	1
84.2628	31	0	1	LastDelay	0.000804179	804.179	1	1
84.2952	23	0	1	LastDelay	0	0	1	0
84.3033	21	0	1	LastDelay	0.0106787	10678.7	1	1
84.3283	10	0	1	LastDelay	0	0	1	0
84.3324	15	0	1	LastDelay	0.00221614	2216.14	1	1
84.3772	20	0	1	LastDelay	0.00910223	9102.23	1	1
84.4143	22	0	1	LastDelay	0	0	1	0
84.4351	29	0	1	LastDelay	0.00330621	3306.21	1	1
84.5929	24	0	1	LastDelay	0	0	1	0
84.8827	5	0	1	LastDelay	0	0	1	0
84.8912	28	0	1	LastDelay	0.00657264	6572.64	1	1
84.9042	25	0	1	LastDelay	0.000144167	144.167	1	1
84.9196	18	0	1	LastDelay	0	0	1	0
85.0205	27	0	1	LastDelay	0	0	1	0
85.0709	16	0	1	LastDelay	0.00330617	3306.17	1	1
85.0709	11	0	1	LastDelay	0.0027134	2713.4	1	1
85.0728	17	0	1	LastDelay	0	0	1	0
85.173	26	0	1	LastDelay	0	0	1	0
85.1954	6	0	1	LastDelay	0	0	1	0
85.199	32	0	1	LastDelay	0	0	1	0
85.2396	0	0	1	LastDelay	0	0	1	0
85.2485	12	0	1	LastDelay	0	0	1	0
85.262	31	0	1	LastDelay	0	0	1	0
85.2926	21	0	1	LastDelay	0	0	1	0
85.3302	15	0	1	LastDelay	0	0	1	0
85.3681	20	0	1	LastDelay	0	0	1	0
85.4318	29	0	1	LastDelay	0	0	1	0
85.8846	28	0	1	LastDelay	0	0	1	0
85.904	25	0	1	LastDelay	0	0	1	0
86.0676	16	0	1	LastDelay	0	0	1	0
86.0682	11	0	1	LastDelay	0	0	1	0
86.5962	24	0	1	LastDelay	0.0033065	3306.5	1	1
86.6316	30	0	1	LastDelay	0.00330617	3306.17	1	1
86.8877	28	0	1	LastDelay	0.00314419	3144.19	1	1
86.9075	25	0	1	LastDelay	0.00348864	3488.64	1	1
87.0747	11	0	1	LastDelay	0.00648396	6483.96	1	1
87.0747	17	0	1	LastDelay	0.00182585	1825.85	1	1
87.1752	26	0	1	LastDelay	0.00215028	2150.28	1	1
87.1998	32	0	1	LastDelay	0.000717628	717.628	1	1
87.2498	12	0	1	LastDelay	0.00138729	1387.29	1	1
87.2639	31	0	1	LastDelay	0.00184664	1846.64	1	1
87.2994	23	0	1	LastDelay	0.00425408	4254.08	1	1
87.3305	15	0	1	LastDelay	0.000330465	330.465	1	1
87.3373	10	0	1	LastDelay	0.00903166	9031.66	1	1
87.3734	20	0	1	LastDelay	0.00524285	5242.85	1	1
87.4144	22	0	1	LastDelay	2.9662e-05	29.662	1	1
87.4346	29	0	1	LastDelay	0.0028797	2879.7	1	1
87.5929	24	0	1	LastDelay	0	0	1	0
87.6283	30	0	1	LastDelay	0	0	1	0
87.8846	28	0	1	LastDelay	0	0	1	0
87.904	25	0	1	LastDelay	0	0	1	0
87.923	18	0	1	LastDelay	0.00331956	3319.56	1	1
87.949	14	0	1	LastDelay	0.00606346	6063.46	1	1
88.0238	27	0	1	LastDelay	0.00330604	3306.04	1	1
88.0682	11	0	1	LastDelay	0	0	1	0
88.0709	16	0	1	LastDelay	0.00330672	3306.72	1	1
88.0728	17	0	1	LastDelay	0	0	1	0
88.1646	4	0	1	LastDelay	0.00333231	3332.31	1	1
88.173	26	0	1	LastDelay	0	0	1	0
88.1987	6	0	1	LastDelay	0.00330616	3306.16	1	1
88.199	32	0	1	LastDelay	0	0	1	0
88.2485	12	0	1	LastDelay	0	0	1	0
88.262	31	0	1	LastDelay	0	0	1	0
88.2952	23	0	1	LastDelay	0	0	1	0
88.3283	10	0	1	LastDelay	0	0	1	0
88.3302	15	0	1	LastDelay	0	0	1	0
88.3681	20	0	1	LastDelay	0	0	1	0
88.4143	22	0	1	LastDelay	0	0	1	0
88.427	35	0	1	LastDelay	0.00334549	3345.49	1	1
88.4318	29	0	1	LastDelay	0	0	1	0
88.5059	33	0	1	LastDelay	0.00364952	3649.52	1	1
88.8863	28	0	1	LastDelay	0.00175865	1758.65	1	1
88.9042	25	0	1	LastDelay	0.000142872	142.872	1	1
88.9196	18	0	1	LastDelay	0	0	1	0
88.9429	14	0	1	LastDelay	0	0	1	0
89.0205	27	0	1	LastDelay	0	0	1	0
89.0676	16	0	1	LastDelay	0	0	1	0
89.1612	4	0	1	LastDelay	0	0	1	0
89.1954	6	0	1	LastDelay	0	0	1	0
89.2959	21	0	1	LastDelay	0.00330637	3306.37	1	1
89.3316	15	0	1	LastDelay	0.00144901	1449.01	1	1
89.3316	10	0	1	LastDelay	0.00333278	3332.78	1	1
89.4237	35	0	1	LastDelay	0	0	1	0
89.4344	29	0	1	LastDelay	0.00267517	2675.16	1	1
89.5023	33	0	1	LastDelay	0	0	1	0
89.8846	28	0	1	LastDelay	0	0	1	0
89.8952	5	0	1	LastDelay	0.0125459	12545.9	1	1
89.904	25	0	1	LastDelay	0	0	1	0
89.9229	18	0	1	LastDelay	0.00330623	3306.23	1	1
89.9642	39	0	1	LastDelay	0.071562	71562	1	1
90.0712	11	0	1	LastDelay	0.0030569	3056.9	1	1
90.0743	17	0	1	LastDelay	0.00146984	1469.84	1	1
90.1966	6	0	1	LastDelay	0.00121987	1219.87	1	1
90.2046	32	0	1	LastDelay	0.005608	5608	1	1
90.2429	0	0	1	LastDelay	0.00330643	3306.43	1	1
90.2508	12	0	1	LastDelay	0.00239034	2390.34	1	1
90.2643	36	0	1	LastDelay	0.274576	274576	1	1
90.2926	21	0	1	LastDelay	0	0	1	0
90.2968	23	0	1	LastDelay	0.00163864	1638.63	1	1
90.3283	10	0	1	LastDelay	0	0	1	0
90.3302	15	0	1	LastDelay	0	0	1	0
90.3718	20	0	1	LastDelay	0.00366309	3663.09	1	1
90.4245	22	0	1	LastDelay	0.0102141	10214.1	1	1
90.4318	29	0	1	LastDelay	0	0	1	0
90.5465	34	0	1	LastDelay	0.00330629	3306.29	1	1
90.6316	30	0	1	LastDelay	0.00330659	3306.59	1	1
90.8827	5	0	1	LastDelay	0	0	1	0
90.8879	28	0	1	LastDelay	0.00330651	3306.51	1	1
90.8926	39	0	1	LastDelay	0	0	1	0
90.9074	25	0	1	LastDelay	0.00337653	3376.53	1	1
90.9196	18	0	1	LastDelay	0	0	1	0
90.9445	14	0	1	LastDelay	0.00154758	1547.58	1	1
90.9897	36	0	1	LastDelay	0	0	1	0
91.0238	27	0	1	LastDelay	0.00330612	3306.12	1	1
91.0682	11	0	1	LastDelay	0	0	1	0
91.0709	16	0	1	LastDelay	0.00331978	3319.78	1	1
91.0728	17	0	1	LastDelay	0	0	1	0
91.1646	4	0	1	LastDelay	0.00333237	3332.37	1	1
91.1763	26	0	1	LastDelay	0.00330636	3306.36	1	1
91.1954	6	0	1	LastDelay	0	0	1	0
91.199	32	0	1	LastDelay	0	0	1	0
91.2396	0	0	1	LastDelay	0	0	1	0
91.2485	12	0	1	LastDelay	0	0	1	0
91.2653	31	0	1	LastDelay	0.00330612	3306.12	1	1
91.2952	23	0	1	LastDelay	0	0	1	0
91.3317	10	0	1	LastDelay	0.00338421	3384.21	1	1
91.3347	15	0	1	LastDelay	0.00457215	4572.15	1	1
91.3681	20	0	1	LastDelay	0	0	1	0
91.4143	22	0	1	LastDelay	0	0	1	0
91.4274	35	0	1	LastDelay	0.00366277	3662.76	1	1
91.44	29	0	1	LastDelay	0.00822724	8227.25	1	1
91.509	33	0	1	LastDelay	0.0067336	6733.6	1	1
91.5432	34	0	1	LastDelay	0	0	1	0
91.6283	30	0	1	LastDelay	0	0	1	0
91.7553	37	0	1	LastDelay	0.00337131	3371.31	1	1
91.8846	28	0	1	LastDelay	0	0	1	0
91.886	5	0	1	LastDelay	0.00333278	3332.78	1	1
91.8993	39	0	1	LastDelay	0.00673669	6736.69	1	1
91.904	25	0	1	LastDelay	0	0	1	0
91.9429	14	0	1	LastDelay	0	0	1	0
92.0205	27	0	1	LastDelay	0	0	1	0
92.0676	16	0	1	LastDelay	0	0	1	0
92.0749	17	0	1	LastDelay	0.002076	2076	1	1
92.1612	4	0	1	LastDelay	0	0	1	0
92.173	26	0	1	LastDelay	0	0	1	0
92.2031	32	0	1	LastDelay	0.00410586	4105.86	1	1
92.262	31	0	1	LastDelay	0	0	1	0
92.2963	23	0	1	LastDelay	0.00108146	1081.46	1	1
92.3283	10	0	1	LastDelay	0	0	1	0
92.3302	15	0	1	LastDelay	0	0	1	0
92.3714	20	0	1	LastDelay	0.00330607	3306.07	1	1
92.4237	35	0	1	LastDelay	0	0	1	0
92.4318	29	0	1	LastDelay	0	0	1	0
92.5023	33	0	1	LastDelay	0	0	1	0
92.752	37	0	1	LastDelay	0	0	1	0
92.8827	5	0	1	LastDelay	0	0	1	0
92.8926	39	0	1	LastDelay	0	0	1	0
92.9224	18	0	1	LastDelay	0.00280674	2806.74	1	1
93.0728	17	0	1	LastDelay	0	0	1	0
93.1764	26	0	1	LastDelay	0.00331902	3319.02	1	1
93.199	32	0	1	LastDelay	0	0	1	0
93.2518	12	0	1	LastDelay	0.00330612	3306.12	1	1
93.2952	23	0	1	LastDelay	0	0	1	0
93.3681	20	0	1	LastDelay	0	0	1	0
93.4394	29	0	1	LastDelay	0.00761008	7610.08	1	1
93.5056	33	0	1	LastDelay	0.00330625	3306.25	1	1
93.5473	34	0	1	LastDelay	0.00412285	4122.85	1	1
93.9041	25	0	1	LastDelay	0.00011523	115.23	1	1
93.9196	18	0	1	LastDelay	0	0	1	0
94.075	17	0	1	LastDelay	0.00218416	2184.16	1	1
94.173	26	0	1	LastDelay	0	0	1	0
94.2025	32	0	1	LastDelay	0.00343223	3432.22	1	1
94.2485	12	0	1	LastDelay	0	0	1	0
94.2959	21	0	1	LastDelay	0.00330606	3306.06	1	1
94.2959	23	0	1	LastDelay	0.000737722	737.722	1	1
94.3335	15	0	1	LastDelay	0.00330611	3306.11	1	1
94.4318	29	0	1	LastDelay	0	0	1	0
94.5023	33	0	1	LastDelay	0	0	1	0
94.5432	34	0	1	LastDelay	0	0	1	0
94.5962	24	0	1	LastDelay	0.00331908	3319.08	1	1
94.8959	39	0	1	LastDelay	0.00330652	3306.52	1	1
94.904	25	0	1	LastDelay	0	0	1	0
94.9463	14	0	1	LastDelay	0.00331908	3319.08	1	1
94.9819	38	0	1	LastDelay	0.00364998	3649.98	1	1
95.0238	27	0	1	LastDelay	0.00330602	3306.02	1	1
95.0499	36	0	1	LastDelay	0.0601587	60158.7	1	1
95.0715	11	0	1	LastDelay	0.00330631	3306.31	1	1
95.0728	17	0	1	LastDelay	0	0	1	0
95.1763	26	0	1	LastDelay	0.00330605	3306.05	1	1
95.1963	6	0	1	LastDelay	0.000889894	889.894	1	1
95.199	32	0	1	LastDelay	0	0	1	0
95.2518	12	0	1	LastDelay	0.0033191	3319.1	1	1
95.262	31	0	1	LastDelay	3.3635e-05	33.635	1	1
95.2926	21	0	1	LastDelay	0	0	1	0
95.2952	23	0	1	LastDelay	0	0	1	0
95.3302	15	0	1	LastDelay	0	0	1	0
95.4301	35	0	1	LastDelay	0.00641689	6416.89	1	1
95.4362	29	0	1	LastDelay	0.00449624	4496.24	1	1
95.5056	33	0	1	LastDelay	0.00330616	3306.16	1	1
95.5465	34	0	1	LastDelay	0.00330609	3306.09	1	1
95.5929	24	0	1	LastDelay	0	0	1	0
95.6316	30	0	1	LastDelay	0.00333209	3332.09	1	1
95.8926	39	0	1	LastDelay	0	0	1	0
95.9073	25	0	1	LastDelay	0.00330612	3306.12	1	1
95.9207	18	0	1	LastDelay	0.00103866	1038.66	1	1
95.9429	14	0	1	LastDelay	0	0	1	0
95.9782	38	0	1	LastDelay	0	0	1	0
95.9897	36	0	1	LastDelay	0	0	1	0
96.0205	27	0	1	LastDelay	0	0	1	0
96.0456	40	0	1	LastDelay	0.00333254	3332.54	1	1
96.0682	11	0	1	LastDelay	0	0	1	0
96.0762	17	0	1	LastDelay	0.00331911	3319.11	1	1
96.173	26	0	1	LastDelay	0	0	1	0
96.1954	6	0	1	LastDelay	0	0	1	0
96.2485	12	0	1	LastDelay	0	0	1	0
96.262	31	0	1	LastDelay	0	0	1	0
96.2963	23	0	1	LastDelay	0.00113283	1132.83	1	1
96.3715	20	0	1	LastDelay	0.00333225	3332.25	1	1
96.4237	35	0	1	LastDelay	0	0	1	0
96.4318	29	0	1	LastDelay	0	0	1	0
96.5016	41	0	1	LastDelay	0.0037539	3753.9	1	1
96.5023	33	0	1	LastDelay	0	0	1	0
96.5432	34	0	1	LastDelay	0	0	1	0
96.6283	30	0	1	LastDelay	0	0	1	0
96.904	25	0	1	LastDelay	0	0	1	0
96.9196	18	0	1	LastDelay	0	0	1	0
96.9974	36	0	1	LastDelay	0.00765316	7653.16	1	1
97.0238	27	0	1	LastDelay	0.00330614	3306.14	1	1
97.0423	40	0	1	LastDelay	0	0	1	0
97.0728	17	0	1	LastDelay	0	0	1	0
97.1987	6	0	1	LastDelay	0.00330635	3306.35	1	1
97.243	0	0	1	LastDelay	0.00335858	3358.58	1	1
97.2952	23	0	1	LastDelay	0	0	1	0
97.3681	20	0	1	LastDelay	0	0	1	0
97.4345	29	0	1	LastDelay	0.0027848	2784.8	1	1
97.4979	41	0	1	LastDelay	0	0	1	0
97.9046	25	0	1	LastDelay	0.000589267	589.267	1	1
97.9204	18	0	1	LastDelay	0.00081624	816.24	1	1
97.9815	38	0	1	LastDelay	0.00330631	3306.31	1	1
97.9897	36	0	1	LastDelay	0	0	1	0
98.0205	27	0	1	LastDelay	0	0	1	0
98.0719	11	0	1	LastDelay	0.0036888	3688.8	1	1
98.0749	17	0	1	LastDelay	0.00211442	2114.41	1	1
98.1763	26	0	1	LastDelay	0.00330611	3306.11	1	1
98.1954	6	0	1	LastDelay	0	0	1	0
98.2396	0	0	1	LastDelay	0	0	1	0
98.2624	31	0	1	LastDelay	0.000403547	403.547	1	1
98.3096	23	0	1	LastDelay	0.014461	14461	1	1
98.332	15	0	1	LastDelay	0.0018753	1875.3	1	1
98.427	35	0	1	LastDelay	0.00330653	3306.53	1	1
98.4318	29	0	1	LastDelay	0	0	1	0
98.5056	33	0	1	LastDelay	0.00330616	3306.16	1	1
98.6024	24	0	1	LastDelay	0.00944832	9448.32	1	1
98.6316	30	0	1	LastDelay	0.00330625	3306.25	1	1
98.7553	37	0	1	LastDelay	0.00330641	3306.41	1	1
98.8959	39	0	1	LastDelay	0.00330612	3306.12	1	1
98.904	25	0	1	LastDelay	0	0	1	0
98.9196	18	0	1	LastDelay	0	0	1	0
98.9782	38	0	1	LastDelay	0	0	1	0
98.9961	36	0	1	LastDelay	0.00640345	6403.45	1	1
99.044	40	0	1	LastDelay	0.00170871	1708.71	1	1
99.0682	11	0	1	LastDelay	0	0	1	0
99.0728	17	0	1	LastDelay	0	0	1	0
99.173	26	0	1	LastDelay	0	0	1	0
99.2054	32	0	1	LastDelay	0.00640331	6403.31	1	1
99.2518	12	0	1	LastDelay	0.00330628	3306.28	1	1
99.262	31	0	1	LastDelay	0	0	1	0
99.2952	23	0	1	LastDelay	0	0	1	0
99.3302	15	0	1	LastDelay	0	0	1	0
99.4237	35	0	1	LastDelay	0	0	1	0
99.4351	29	0	1	LastDelay	0.00331908	3319.08	1	1
99.5012	41	0	1	LastDelay	0.00337163	3371.63	1	1
99.5023	33	0	1	LastDelay	0	0	1	0
99.5929	24	0	1	LastDelay	0	0	1	0
99.6283	30	0	1	LastDelay	0	0	1	0
99.752	37	0	1	LastDelay	0	0	1	0
99.8926	39	0	1	LastDelay	0	0	1	0
99.9235	18	0	1	LastDelay	0.00385171	3851.71	1	1
99.9463	14	0	1	LastDelay	0.00333234	3332.34	1	1
99.982	38	0	1	LastDelay	0.00376946	3769.45	1	1
99.9897	36	0	1	LastDelay	0	0	1	0
