Time	Node	AppId	SeqNo	Type	DelayS	DelayUS	RetxCount	HopCount
17.217	3	0	1	LastDelay	0.967998	967998	1	1
17.249	3	0	1	LastDelay	0	0	1	0
18.217	2	0	1	LastDelay	0.00342167	3421.67	1	1
18.2525	3	0	1	LastDelay	0.00348659	3486.59	1	1
19.2136	2	0	1	LastDelay	0	0	1	0
19.249	3	0	1	LastDelay	0	0	1	0
20.2525	3	0	1	LastDelay	0.0034211	3421.1	1	1
20.2859	1	0	1	LastDelay	0	0	1	1
21.2169	2	0	1	LastDelay	0.00334325	3343.25	1	1
21.2462	0	0	1	LastDelay	0.00656896	6568.96	1	1
21.249	3	0	1	LastDelay	0	0	1	0
21.2893	1	0	1	LastDelay	0.00336939	3369.39	1	1
22.2136	2	0	1	LastDelay	0	0	1	0
22.2396	0	0	1	LastDelay	0	0	1	0
22.2524	3	0	1	LastDelay	0.00333067	3330.67	1	1
22.2859	1	0	1	LastDelay	0	0	1	0
23.2431	0	0	1	LastDelay	0.00340846	3408.46	1	1
23.249	3	0	1	LastDelay	0	0	1	0
23.2893	1	0	1	LastDelay	0.00333023	3330.23	1	1
24.1612	4	0	1	LastDelay	0	0	1	1
24.2169	2	0	1	LastDelay	0.0033698	3369.8	1	1
24.2396	0	0	1	LastDelay	0	0	1	0
24.2859	1	0	1	LastDelay	0	0	1	0
25.1677	4	0	1	LastDelay	0.00652195	6521.95	1	1
25.2136	2	0	1	LastDelay	0	0	1	0
25.2461	0	0	1	LastDelay	0.00646971	6469.71	1	1
25.2893	1	0	1	LastDelay	0.00338234	3382.34	1	1
25.8827	5	0	1	LastDelay	0	0	1	2
26.1612	4	0	1	LastDelay	0	0	1	0
26.2396	0	0	1	LastDelay	0	0	1	0
26.2859	1	0	1	LastDelay	0	0	1	0
27.2894	1	0	1	LastDelay	0.00346013	3460.13	1	1
28.2859	1	0	1	LastDelay	0	0	1	0
28.8508	8	0	1	LastDelay	0.00336972	3369.72	1	1
28.886	5	0	1	LastDelay	0.00335635	3356.35	1	1
29.1646	4	0	1	LastDelay	0.00339518	3395.18	1	1
29.243	0	0	1	LastDelay	0.00335621	3356.21	1	1
29.2894	1	0	1	LastDelay	0.00342141	3421.41	1	1
29.3709	9	0	1	LastDelay	0.00343475	3434.75	1	1
29.8474	8	0	1	LastDelay	0	0	1	0
29.8827	5	0	1	LastDelay	0	0	1	0
30.1612	4	0	1	LastDelay	0	0	1	0
30.2396	0	0	1	LastDelay	0	0	1	0
30.2859	1	0	1	LastDelay	0	0	1	0
30.3675	9	0	1	LastDelay	0	0	1	0
30.8508	8	0	1	LastDelay	0.00336923	3369.23	1	1
30.886	5	0	1	LastDelay	0.00335619	3356.19	1	1
31.243	0	0	1	LastDelay	0.00334308	3343.08	1	1
31.2893	1	0	1	LastDelay	0.0033692	3369.2	1	1
31.3708	9	0	1	LastDelay	0.00335629	3356.29	1	1
31.8474	8	0	1	LastDelay	0	0	1	0
31.8827	5	0	1	LastDelay	0	0	1	0
32.1677	4	0	1	LastDelay	0.00645123	6451.23	1	1
32.2396	0	0	1	LastDelay	0	0	1	0
32.2859	1	0	1	LastDelay	0	0	1	0
32.3675	9	0	1	LastDelay	0	0	1	0
32.8511	6	0	1	LastDelay	0.655707	655707	1	1
32.8861	10	0	1	LastDelay	0.557852	557852	1	1
32.8892	5	0	1	LastDelay	0.00655569	6555.69	1	1
33.1612	4	0	1	LastDelay	0	0	1	0
33.1954	6	0	1	LastDelay	0	0	1	0
33.25	7	0	1	LastDelay	0	0	1	1
33.3283	10	0	1	LastDelay	0	0	1	0
33.3708	9	0	1	LastDelay	0.00333024	3330.24	1	1
33.8827	5	0	1	LastDelay	0	0	1	0
34.243	0	0	1	LastDelay	0.0033301	3330.1	1	1
34.2893	1	0	1	LastDelay	0.00335657	3356.57	1	1
34.3675	9	0	1	LastDelay	0	0	1	0
34.8507	8	0	1	LastDelay	0.0033308	3330.8	1	1
35.1646	4	0	1	LastDelay	0.0033561	3356.1	1	1
35.1987	6	0	1	LastDelay	0.00333034	3330.34	1	1
35.2396	0	0	1	LastDelay	0	0	1	0
35.2859	1	0	1	LastDelay	0	0	1	0
35.3316	10	0	1	LastDelay	0.00336968	3369.68	1	1
35.8474	8	0	1	LastDelay	0	0	1	0
36.1612	4	0	1	LastDelay	0	0	1	0
36.1954	6	0	1	LastDelay	0	0	1	0
36.3283	10	0	1	LastDelay	0	0	1	0
38.2893	1	0	1	LastDelay	0.00334313	3343.13	1	1
38.3316	10	0	1	LastDelay	0.00333038	3330.38	1	1
39.243	0	0	1	LastDelay	0.0033301	3330.1	1	1
39.2534	7	0	1	LastDelay	0.0033302	3330.2	1	1
39.2859	1	0	1	LastDelay	0	0	1	0
39.3283	10	0	1	LastDelay	0	0	1	0
39.886	5	0	1	LastDelay	0.00336923	3369.23	1	1
40.0682	11	0	1	LastDelay	0	0	1	1
40.1646	4	0	1	LastDelay	0.00338204	3382.04	1	1
40.1987	6	0	1	LastDelay	0.0033431	3343.1	1	1
40.2396	0	0	1	LastDelay	0	0	1	0
40.25	7	0	1	LastDelay	0	0	1	0
40.3316	10	0	1	LastDelay	0.00333011	3330.11	1	1
40.8827	5	0	1	LastDelay	0	0	1	0
41.1612	4	0	1	LastDelay	0	0	1	0
41.1954	6	0	1	LastDelay	0	0	1	0
41.243	0	0	1	LastDelay	0.00334305	3343.05	1	1
41.3283	10	0	1	LastDelay	0	0	1	0
42.1653	15	0	1	LastDelay	0.835123	835123	1	1
42.2396	0	0	1	LastDelay	0	0	1	0
42.3302	15	0	1	LastDelay	0	0	1	0
43.2893	1	0	1	LastDelay	0.0033431	3343.1	1	1
43.333	15	0	1	LastDelay	0.00284557	2845.57	1	1
43.9429	14	0	1	LastDelay	0	0	1	1
44.1646	4	0	1	LastDelay	0.00334311	3343.11	1	1
44.1987	6	0	1	LastDelay	0.0033302	3330.2	1	1
44.2544	7	0	1	LastDelay	0.00433242	4332.42	1	1
44.2606	12	0	1	LastDelay	0.0121067	12106.7	1	1
44.2647	16	0	1	LastDelay	0.197079	197079	1	1
44.2859	1	0	1	LastDelay	0	0	1	0
44.3302	15	0	1	LastDelay	0	0	1	0
44.886	5	0	1	LastDelay	0.00335615	3356.15	1	1
44.886	13	0	1	LastDelay	0.692157	692157	1	1
44.9494	14	0	1	LastDelay	0.00646459	6464.59	1	1
45.0676	16	0	1	LastDelay	0	0	1	0
45.0715	11	0	1	LastDelay	0.00333005	3330.05	1	1
45.1612	4	0	1	LastDelay	0	0	1	0
45.1939	13	0	1	LastDelay	0	0	1	0
45.1954	6	0	1	LastDelay	0	0	1	0
45.2485	12	0	1	LastDelay	0	0	1	0
45.25	7	0	1	LastDelay	0	0	1	0
45.3316	10	0	1	LastDelay	0.00333006	3330.06	1	1
45.3316	15	0	1	LastDelay	0.00144678	1446.78	1	1
45.8827	5	0	1	LastDelay	0	0	1	0
45.9429	14	0	1	LastDelay	0	0	1	0
46.0682	11	0	1	LastDelay	0	0	1	0
46.2014	6	0	1	LastDelay	0.0060207	6020.7	1	1
46.2531	7	0	1	LastDelay	0.00303533	3035.33	1	1
46.2531	12	0	1	LastDelay	0.00460637	4606.37	1	1
46.2893	1	0	1	LastDelay	0.0033431	3343.1	1	1
46.3283	10	0	1	LastDelay	0	0	1	0
46.3302	15	0	1	LastDelay	0	0	1	0
47.0709	11	0	1	LastDelay	0.00273762	2737.62	1	1
47.0709	16	0	1	LastDelay	0.00333068	3330.68	1	1
47.0949	17	0	1	LastDelay	0.0220566	22056.6	1	1
47.1954	6	0	1	LastDelay	0	0	1	0
47.1972	13	0	1	LastDelay	0.00333069	3330.69	1	1
47.243	0	0	1	LastDelay	0.00334343	3343.43	1	1
47.2485	12	0	1	LastDelay	0	0	1	0
47.25	7	0	1	LastDelay	0	0	1	0
47.2859	1	0	1	LastDelay	0	0	1	0
47.3348	10	0	1	LastDelay	0.00651625	6516.25	1	1
47.3348	15	0	1	LastDelay	0.00463289	4632.89	1	1
47.886	5	0	1	LastDelay	0.00333015	3330.15	1	1
47.9463	14	0	1	LastDelay	0.00334333	3343.33	1	1
48.0676	16	0	1	LastDelay	0	0	1	0
48.0682	11	0	1	LastDelay	0	0	1	0
48.0728	17	0	1	LastDelay	0	0	1	0
48.1939	13	0	1	LastDelay	0	0	1	0
48.1987	6	0	1	LastDelay	0.00333028	3330.28	1	1
48.2396	0	0	1	LastDelay	0	0	1	0
48.2521	7	0	1	LastDelay	0.00211565	2115.65	1	1
48.3283	10	0	1	LastDelay	0	0	1	0
48.3302	15	0	1	LastDelay	0	0	1	0
48.8827	5	0	1	LastDelay	0	0	1	0
48.9429	14	0	1	LastDelay	0	0	1	0
49.0709	11	0	1	LastDelay	0.00273749	2737.49	1	1
49.0709	16	0	1	LastDelay	0.00333049	3330.49	1	1
49.0789	17	0	1	LastDelay	0.00605086	6050.86	1	1
49.1646	4	0	1	LastDelay	0.00333071	3330.71	1	1
49.1954	6	0	1	LastDelay	0	0	1	0
49.25	7	0	1	LastDelay	0	0	1	0
49.2893	1	0	1	LastDelay	0.00333038	3330.38	1	1
49.333	15	0	1	LastDelay	0.0028845	2884.5	1	1
49.8891	5	0	1	LastDelay	0.00645118	6451.19	1	1
49.9463	14	0	1	LastDelay	0.00333022	3330.22	1	1
50.0676	16	0	1	LastDelay	0	0	1	0
50.0682	11	0	1	LastDelay	0	0	1	0
50.0728	17	0	1	LastDelay	0	0	1	0
50.1612	4	0	1	LastDelay	0	0	1	0
50.1972	13	0	1	LastDelay	0.00333004	3330.04	1	1
50.2014	6	0	1	LastDelay	0.00598243	5982.43	1	1
50.243	0	0	1	LastDelay	0.00333005	3330.05	1	1
50.2503	12	0	1	LastDelay	0.00185417	1854.17	1	1
50.2534	7	0	1	LastDelay	0.00339158	3391.58	1	1
50.2859	1	0	1	LastDelay	0	0	1	0
50.3302	15	0	1	LastDelay	0	0	1	0
50.3316	10	0	1	LastDelay	0.0033431	3343.1	1	1
50.8827	5	0	1	LastDelay	0	0	1	0
50.9429	14	0	1	LastDelay	0	0	1	0
51.0709	11	0	1	LastDelay	0.00273758	2737.58	1	1
51.0709	16	0	1	LastDelay	0.00333047	3330.47	1	1
51.0782	17	0	1	LastDelay	0.00534069	5340.69	1	1
51.1646	4	0	1	LastDelay	0.00338221	3382.21	1	1
51.1939	13	0	1	LastDelay	0	0	1	0
51.1954	6	0	1	LastDelay	0	0	1	0
51.2396	0	0	1	LastDelay	0	0	1	0
51.2485	12	0	1	LastDelay	0	0	1	0
51.25	7	0	1	LastDelay	0	0	1	0
51.3283	10	0	1	LastDelay	0	0	1	0
51.9463	14	0	1	LastDelay	0.00334332	3343.32	1	1
52.0676	16	0	1	LastDelay	0	0	1	0
52.0682	11	0	1	LastDelay	0	0	1	0
52.0728	17	0	1	LastDelay	0	0	1	0
52.1612	4	0	1	LastDelay	0	0	1	0
52.3316	10	0	1	LastDelay	0.00333016	3330.16	1	1
52.3316	15	0	1	LastDelay	0.00144678	1446.78	1	1
52.9429	14	0	1	LastDelay	0	0	1	0
53.0713	11	0	1	LastDelay	0.00309346	3093.46	1	1
53.0747	17	0	1	LastDelay	0.00188649	1886.49	1	1
53.1646	4	0	1	LastDelay	0.00334302	3343.02	1	1
53.2461	0	0	1	LastDelay	0.00642525	6425.25	1	1
53.2495	12	0	1	LastDelay	0.00108976	1089.76	1	1
53.3283	10	0	1	LastDelay	0	0	1	0
53.3302	15	0	1	LastDelay	0	0	1	0
53.9463	14	0	1	LastDelay	0.00336959	3369.59	1	1
53.9602	20	0	1	LastDelay	0.592041	592041	1	1
54.0682	11	0	1	LastDelay	0	0	1	0
54.0709	16	0	1	LastDelay	0.0033301	3330.1	1	1
54.0728	17	0	1	LastDelay	0	0	1	0
54.1612	4	0	1	LastDelay	0	0	1	0
54.1987	6	0	1	LastDelay	0.00334327	3343.27	1	1
54.2396	0	0	1	LastDelay	0	0	1	0
54.2485	12	0	1	LastDelay	0	0	1	0
54.332	15	0	1	LastDelay	0.00181576	1815.76	1	1
54.3681	20	0	1	LastDelay	0	0	1	0
54.886	5	0	1	LastDelay	0.00334322	3343.22	1	1
54.9429	14	0	1	LastDelay	0	0	1	0
55.0676	16	0	1	LastDelay	0	0	1	0
55.0746	17	0	1	LastDelay	0.00178574	1785.74	1	1
55.1646	4	0	1	LastDelay	0.00336907	3369.07	1	1
55.1954	6	0	1	LastDelay	0	0	1	0
55.2535	12	0	1	LastDelay	0.00508476	5084.76	1	1
55.2926	21	0	1	LastDelay	0	0	1	1
55.3302	15	0	1	LastDelay	0	0	1	0
55.8827	5	0	1	LastDelay	0	0	1	0
55.9463	14	0	1	LastDelay	0.00333044	3330.44	1	1
56.0709	16	0	1	LastDelay	0.00333015	3330.15	1	1
56.0709	11	0	1	LastDelay	0.00273742	2737.42	1	1
56.0728	17	0	1	LastDelay	0	0	1	0
56.1612	4	0	1	LastDelay	0	0	1	0
56.1987	6	0	1	LastDelay	0.00334305	3343.05	1	1
56.2485	12	0	1	LastDelay	0	0	1	0
56.2959	21	0	1	LastDelay	0.00334351	3343.51	1	1
56.3323	15	0	1	LastDelay	0.00214663	2146.63	1	1
56.3777	20	0	1	LastDelay	0.00958566	9585.66	1	1
56.886	5	0	1	LastDelay	0.00333022	3330.22	1	1
56.9301	18	0	1	LastDelay	0.0104569	10456.9	1	1
56.9429	14	0	1	LastDelay	0	0	1	0
57.0676	16	0	1	LastDelay	0	0	1	0
57.0682	11	0	1	LastDelay	0	0	1	0
57.1954	6	0	1	LastDelay	0	0	1	0
57.243	0	0	1	LastDelay	0.00334335	3343.35	1	1
57.2492	12	0	1	LastDelay	0.000734084	734.084	1	1
57.2926	21	0	1	LastDelay	0	0	1	0
57.3302	15	0	1	LastDelay	0	0	1	0
57.3316	10	0	1	LastDelay	0.00334314	3343.14	1	1
57.3681	20	0	1	LastDelay	0	0	1	0
57.8827	5	0	1	LastDelay	0	0	1	0
57.9196	18	0	1	LastDelay	0	0	1	0
58.0744	11	0	1	LastDelay	0.00622015	6220.15	1	1
58.0744	17	0	1	LastDelay	0.00156201	1562.01	1	1
58.1646	4	0	1	LastDelay	0.00334316	3343.16	1	1
58.2018	6	0	1	LastDelay	0.00642516	6425.16	1	1
58.2396	0	0	1	LastDelay	0	0	1	0
58.2485	12	0	1	LastDelay	0	0	1	0
58.2991	21	0	1	LastDelay	0.00645139	6451.39	1	1
58.3283	10	0	1	LastDelay	0	0	1	0
58.3335	15	0	1	LastDelay	0.00333014	3330.14	1	1
58.3714	20	0	1	LastDelay	0.00333033	3330.33	1	1
58.886	5	0	1	LastDelay	0.00333015	3330.15	1	1
58.923	18	0	1	LastDelay	0.0033305	3330.5	1	1
58.943	14	0	1	LastDelay	2.362e-05	23.62	1	1
59.042	19	0	1	LastDelay	0.00333052	3330.52	1	1
59.0682	11	0	1	LastDelay	0	0	1	0
59.0709	16	0	1	LastDelay	0.00333023	3330.23	1	1
59.0728	17	0	1	LastDelay	0	0	1	0
59.1612	4	0	1	LastDelay	0	0	1	0
59.1954	6	0	1	LastDelay	0	0	1	0
59.2527	12	0	1	LastDelay	0.00421131	4211.31	1	1
59.2926	21	0	1	LastDelay	0	0	1	0
59.3302	15	0	1	LastDelay	0	0	1	0
59.3681	20	0	1	LastDelay	0	0	1	0
59.4243	22	0	1	LastDelay	0.00995504	9955.04	1	1
59.8827	5	0	1	LastDelay	0	0	1	0
59.9196	18	0	1	LastDelay	0	0	1	0
59.9429	14	0	1	LastDelay	0	0	1	0
60.0386	19	0	1	LastDelay	0	0	1	0
60.0676	16	0	1	LastDelay	0	0	1	0
60.0719	11	0	1	LastDelay	0.00373839	3738.39	1	1
60.0757	17	0	1	LastDelay	0.00287446	2874.46	1	1
60.0826	23	0	1	LastDelay	0.787438	787438	1	1
60.2485	12	0	1	LastDelay	0	0	1	0
60.2952	23	0	1	LastDelay	0	0	1	0
60.296	21	0	1	LastDelay	0.00335616	3356.16	1	1
60.3362	15	0	1	LastDelay	0.00607337	6073.37	1	1
60.4143	22	0	1	LastDelay	0	0	1	0
61.0682	11	0	1	LastDelay	0	0	1	0
61.0728	17	0	1	LastDelay	0	0	1	0
61.2926	21	0	1	LastDelay	0	0	1	0
61.3302	15	0	1	LastDelay	0	0	1	0
61.923	18	0	1	LastDelay	0.00334341	3343.41	1	1
62.042	19	0	1	LastDelay	0.00333009	3330.09	1	1
62.0724	11	0	1	LastDelay	0.00425284	4252.84	1	1
62.0786	17	0	1	LastDelay	0.00581085	5810.85	1	1
62.1987	6	0	1	LastDelay	0.00334321	3343.21	1	1
62.2509	12	0	1	LastDelay	0.00248803	2488.03	1	1
62.296	21	0	1	LastDelay	0.00335634	3356.34	1	1
62.296	23	0	1	LastDelay	0.000788102	788.102	1	1
62.3316	10	0	1	LastDelay	0.0033301	3330.1	1	1
62.3316	15	0	1	LastDelay	0.00144673	1446.73	1	1
62.3685	20	0	1	LastDelay	0.000345284	345.284	1	1
62.8892	5	0	1	LastDelay	0.0065458	6545.8	1	1
62.9196	18	0	1	LastDelay	0	0	1	0
62.9463	14	0	1	LastDelay	0.00334308	3343.08	1	1
63.0386	19	0	1	LastDelay	0	0	1	0
63.0682	11	0	1	LastDelay	0	0	1	0
63.0728	17	0	1	LastDelay	0	0	1	0
63.1646	4	0	1	LastDelay	0.00333014	3330.14	1	1
63.1954	6	0	1	LastDelay	0	0	1	0
63.243	0	0	1	LastDelay	0.0033562	3356.2	1	1
63.2485	12	0	1	LastDelay	0	0	1	0
63.2926	21	0	1	LastDelay	0	0	1	0
63.2952	23	0	1	LastDelay	0	0	1	0
63.3283	10	0	1	LastDelay	0	0	1	0
63.3302	15	0	1	LastDelay	0	0	1	0
63.3681	20	0	1	LastDelay	0	0	1	0
63.8827	5	0	1	LastDelay	0	0	1	0
63.9429	14	0	1	LastDelay	0	0	1	0
64.0716	11	0	1	LastDelay	0.00346264	3462.64	1	1
64.0758	17	0	1	LastDelay	0.00294177	2941.77	1	1
64.1612	4	0	1	LastDelay	0	0	1	0
64.2396	0	0	1	LastDelay	0	0	1	0
64.3022	23	0	1	LastDelay	0.00699711	6997.11	1	1
64.3316	10	0	1	LastDelay	0.00333069	3330.69	1	1
64.3316	15	0	1	LastDelay	0.0014473	1447.3	1	1
64.886	5	0	1	LastDelay	0.00333015	3330.15	1	1
64.923	18	0	1	LastDelay	0.00333005	3330.05	1	1
64.9494	14	0	1	LastDelay	0.00642538	6425.38	1	1
65.0682	11	0	1	LastDelay	0	0	1	0
65.0709	16	0	1	LastDelay	0.00333025	3330.25	1	1
65.0728	17	0	1	LastDelay	0	0	1	0
65.0844	19	0	1	LastDelay	0.0457437	45743.7	1	1
65.1987	6	0	1	LastDelay	0.0033302	3330.2	1	1
65.2502	12	0	1	LastDelay	0.00177644	1776.44	1	1
65.2952	23	0	1	LastDelay	0	0	1	0
65.2959	21	0	1	LastDelay	0.0033302	3330.2	1	1
65.3283	10	0	1	LastDelay	0	0	1	0
65.3302	15	0	1	LastDelay	0	0	1	0
65.8827	5	0	1	LastDelay	0	0	1	0
65.9196	18	0	1	LastDelay	0	0	1	0
65.9429	14	0	1	LastDelay	0	0	1	0
66.0386	19	0	1	LastDelay	0	0	1	0
66.0676	16	0	1	LastDelay	0	0	1	0
66.0767	17	0	1	LastDelay	0.00389081	3890.81	1	1
66.1954	6	0	1	LastDelay	0	0	1	0
66.2485	12	0	1	LastDelay	0	0	1	0
66.2926	21	0	1	LastDelay	0	0	1	0
66.2985	23	0	1	LastDelay	0.00334321	3343.21	1	1
66.3334	15	0	1	LastDelay	0.00325342	3253.42	1	1
66.4177	22	0	1	LastDelay	0.00334311	3343.11	1	1
66.8864	27	0	1	LastDelay	0.865858	865858	1	1
66.9463	14	0	1	LastDelay	0.00334308	3343.08	1	1
67.0205	27	0	1	LastDelay	0	0	1	0
67.0709	16	0	1	LastDelay	0.00334307	3343.07	1	1
67.0728	17	0	1	LastDelay	0	0	1	0
67.0841	11	0	1	LastDelay	0.0158954	15895.4	1	1
67.1646	4	0	1	LastDelay	0.0033301	3330.1	1	1
67.243	0	0	1	LastDelay	0.00333079	3330.79	1	1
67.2492	12	0	1	LastDelay	0.000747265	747.265	1	1
67.2952	23	0	1	LastDelay	0	0	1	0
67.3021	21	0	1	LastDelay	0.00952045	9520.44	1	1
67.3302	15	0	1	LastDelay	0	0	1	0
67.3746	20	0	1	LastDelay	0.00651626	6516.26	1	1
67.4143	22	0	1	LastDelay	0	0	1	0
67.886	5	0	1	LastDelay	0.0033301	3330.1	1	1
67.8956	26	0	1	LastDelay	0.722606	722606	1	1
67.923	18	0	1	LastDelay	0.0033301	3330.1	1	1
67.9429	14	0	1	LastDelay	0	0	1	0
68.0676	16	0	1	LastDelay	0	0	1	0
68.0682	11	0	1	LastDelay	0	0	1	0
68.0762	17	0	1	LastDelay	0.00333005	3330.05	1	1
68.1612	4	0	1	LastDelay	0	0	1	0
68.173	26	0	1	LastDelay	0	0	1	0
68.2396	0	0	1	LastDelay	0	0	1	0
68.2485	12	0	1	LastDelay	0	0	1	0
68.2926	21	0	1	LastDelay	0	0	1	0
68.3316	10	0	1	LastDelay	0.00333006	3330.06	1	1
68.3316	15	0	1	LastDelay	0.00144669	1446.68	1	1
68.3681	20	0	1	LastDelay	0	0	1	0
68.4177	22	0	1	LastDelay	0.0033301	3330.1	1	1
68.8827	5	0	1	LastDelay	0	0	1	0
68.9196	18	0	1	LastDelay	0	0	1	0
68.9463	14	0	1	LastDelay	0.00333022	3330.22	1	1
69.0728	17	0	1	LastDelay	0	0	1	0
69.074	16	0	1	LastDelay	0.0064382	6438.2	1	1
69.074	11	0	1	LastDelay	0.00584546	5845.46	1	1
69.1746	26	0	1	LastDelay	0.00155982	1559.82	1	1
69.1982	6	0	1	LastDelay	0.00275985	2759.85	1	1
69.2499	12	0	1	LastDelay	0.00141984	1419.84	1	1
69.2959	21	0	1	LastDelay	0.00333014	3330.14	1	1
69.2959	23	0	1	LastDelay	0.000761842	761.842	1	1
69.3283	10	0	1	LastDelay	0	0	1	0
69.3302	15	0	1	LastDelay	0	0	1	0
69.4143	22	0	1	LastDelay	0	0	1	0
69.5963	24	0	1	LastDelay	0.00335668	3356.68	1	1
69.923	18	0	1	LastDelay	0.00335615	3356.15	1	1
69.9296	25	0	1	LastDelay	0.0255498	25549.8	1	1
69.9429	14	0	1	LastDelay	0	0	1	0
70.0676	16	0	1	LastDelay	0	0	1	0
70.0682	11	0	1	LastDelay	0	0	1	0
70.173	26	0	1	LastDelay	0	0	1	0
70.1954	6	0	1	LastDelay	0	0	1	0
70.2485	12	0	1	LastDelay	0	0	1	0
70.2926	21	0	1	LastDelay	0	0	1	0
70.2952	23	0	1	LastDelay	0	0	1	0
70.3327	15	0	1	LastDelay	0.00250231	2502.31	1	1
70.5929	24	0	1	LastDelay	0	0	1	0
70.886	5	0	1	LastDelay	0.00333025	3330.25	1	1
70.904	25	0	1	LastDelay	0	0	1	0
70.9196	18	0	1	LastDelay	0	0	1	0
71.0713	11	0	1	LastDelay	0.00308033	3080.33	1	1
71.0804	17	0	1	LastDelay	0.00753023	7530.23	1	1
71.1646	4	0	1	LastDelay	0.0033301	3330.1	1	1
71.1732	26	0	1	LastDelay	0.000207199	207.199	1	1
71.2551	12	0	1	LastDelay	0.00669146	6691.46	1	1
71.2959	23	0	1	LastDelay	0.00077477	774.77	1	1
71.2959	21	0	1	LastDelay	0.00334325	3343.25	1	1
71.3302	15	0	1	LastDelay	0	0	1	0
71.3316	10	0	1	LastDelay	0.00333015	3330.15	1	1
71.3714	20	0	1	LastDelay	0.00333049	3330.49	1	1
71.8827	5	0	1	LastDelay	0	0	1	0
71.8879	28	0	1	LastDelay	0.00333071	3330.71	1	1
71.9074	25	0	1	LastDelay	0.00333034	3330.34	1	1
71.9198	18	0	1	LastDelay	0.000168157	168.157	1	1
71.9519	14	0	1	LastDelay	0.00891287	8912.87	1	1
71.9681	29	0	1	LastDelay	0.536322	536322	1	1
72.0238	27	0	1	LastDelay	0.00334322	3343.22	1	1
72.0682	11	0	1	LastDelay	0	0	1	0
72.0728	17	0	1	LastDelay	0	0	1	0
72.1612	4	0	1	LastDelay	0	0	1	0
72.173	26	0	1	LastDelay	0	0	1	0
72.1987	6	0	1	LastDelay	0.00333025	3330.25	1	1
72.2461	0	0	1	LastDelay	0.00641247	6412.47	1	1
72.2485	12	0	1	LastDelay	0	0	1	0
72.2926	21	0	1	LastDelay	0	0	1	0
72.2952	23	0	1	LastDelay	0	0	1	0
72.3283	10	0	1	LastDelay	0	0	1	0
72.3681	20	0	1	LastDelay	0	0	1	0
72.4318	29	0	1	LastDelay	0	0	1	0
72.8846	28	0	1	LastDelay	0	0	1	0
72.904	25	0	1	LastDelay	0	0	1	0
72.9196	18	0	1	LastDelay	0	0	1	0
72.9429	14	0	1	LastDelay	0	0	1	0
73.0205	27	0	1	LastDelay	0	0	1	0
73.0716	11	0	1	LastDelay	0.00343648	3436.48	1	1
73.0765	17	0	1	LastDelay	0.00364146	3641.46	1	1
73.1768	26	0	1	LastDelay	0.0037229	3722.9	1	1
73.1954	6	0	1	LastDelay	0	0	1	0
73.2396	0	0	1	LastDelay	0	0	1	0
73.298	23	0	1	LastDelay	0.00283345	2833.45	1	1
73.3351	15	0	1	LastDelay	0.00491102	4911.02	1	1
73.8874	28	0	1	LastDelay	0.00282495	2824.95	1	1
73.9159	25	0	1	LastDelay	0.011831	11831	1	1
73.9232	18	0	1	LastDelay	0.00356201	3562.01	1	1
73.9439	14	0	1	LastDelay	0.000904846	904.846	1	1
74.0277	27	0	1	LastDelay	0.00718942	7189.42	1	1
74.0682	11	0	1	LastDelay	0	0	1	0
74.0728	17	0	1	LastDelay	0	0	1	0
74.1646	4	0	1	LastDelay	0.00333036	3330.36	1	1
74.173	26	0	1	LastDelay	0	0	1	0
74.1987	6	0	1	LastDelay	0.0033306	3330.6	1	1
74.2495	12	0	1	LastDelay	0.00106408	1064.08	1	1
74.2952	23	0	1	LastDelay	0	0	1	0
74.2962	21	0	1	LastDelay	0.00355878	3558.78	1	1
74.3302	15	0	1	LastDelay	0	0	1	0
74.4377	29	0	1	LastDelay	0.00592683	5926.83	1	1
74.5962	24	0	1	LastDelay	0.00333054	3330.54	1	1
74.8846	28	0	1	LastDelay	0	0	1	0
74.886	5	0	1	LastDelay	0.00333022	3330.22	1	1
74.904	25	0	1	LastDelay	0	0	1	0
74.9196	18	0	1	LastDelay	0	0	1	0
74.9429	14	0	1	LastDelay	0	0	1	0
75.0205	27	0	1	LastDelay	0	0	1	0
75.0713	11	0	1	LastDelay	0.00308052	3080.52	1	1
75.0775	17	0	1	LastDelay	0.00469068	4690.68	1	1
75.1612	4	0	1	LastDelay	0	0	1	0
75.1954	6	0	1	LastDelay	0	0	1	0
75.2485	12	0	1	LastDelay	0	0	1	0
75.2926	21	0	1	LastDelay	0	0	1	0
75.3359	15	0	1	LastDelay	0.00574364	5743.64	1	1
75.3715	20	0	1	LastDelay	0.00334321	3343.21	1	1
75.4318	29	0	1	LastDelay	0	0	1	0
75.5929	24	0	1	LastDelay	0	0	1	0
75.8827	5	0	1	LastDelay	0	0	1	0
75.8879	28	0	1	LastDelay	0.00333028	3330.28	1	1
75.9198	18	0	1	LastDelay	0.000157629	157.629	1	1
76.0682	11	0	1	LastDelay	0	0	1	0
76.0728	17	0	1	LastDelay	0	0	1	0
76.1732	26	0	1	LastDelay	0.000166954	166.954	1	1
76.1962	6	0	1	LastDelay	0.000855456	855.456	1	1
76.2581	12	0	1	LastDelay	0.00965863	9658.63	1	1
76.2959	21	0	1	LastDelay	0.00334314	3343.14	1	1
76.2997	23	0	1	LastDelay	0.00455636	4556.36	1	1
76.3302	15	0	1	LastDelay	0	0	1	0
76.3302	10	0	1	LastDelay	0.00188401	1884.01	1	1
76.3681	20	0	1	LastDelay	0	0	1	0
76.4405	29	0	1	LastDelay	0.00871801	8718.01	1	1
76.5962	24	0	1	LastDelay	0.00333005	3330.05	1	1
76.8846	28	0	1	LastDelay	0	0	1	0
76.908	25	0	1	LastDelay	0.00402281	4022.81	1	1
76.9196	18	0	1	LastDelay	0	0	1	0
77.0238	27	0	1	LastDelay	0.00334313	3343.13	1	1
77.0709	11	0	1	LastDelay	0.00273778	2737.78	1	1
77.0709	16	0	1	LastDelay	0.00333062	3330.62	1	1
77.0744	17	0	1	LastDelay	0.00154365	1543.65	1	1
77.1646	4	0	1	LastDelay	0.00333011	3330.11	1	1
77.173	26	0	1	LastDelay	0	0	1	0
77.1954	6	0	1	LastDelay	0	0	1	0
77.2485	12	0	1	LastDelay	0	0	1	0
77.2926	21	0	1	LastDelay	0	0	1	0
77.2952	23	0	1	LastDelay	0	0	1	0
77.3283	10	0	1	LastDelay	0	0	1	0
77.3714	20	0	1	LastDelay	0.00333007	3330.07	1	1
77.4318	29	0	1	LastDelay	0	0	1	0
77.5929	24	0	1	LastDelay	0	0	1	0
77.886	5	0	1	LastDelay	0.0033302	3330.2	1	1
77.886	28	0	1	LastDelay	0.00141327	1413.27	1	1
77.904	25	0	1	LastDelay	0	0	1	0
77.9206	18	0	1	LastDelay	0.000971812	971.812	1	1
77.9517	14	0	1	LastDelay	0.00871896	8718.96	1	1
78.0205	27	0	1	LastDelay	0	0	1	0
78.0676	16	0	1	LastDelay	0	0	1	0
78.0682	11	0	1	LastDelay	0	0	1	0
78.0728	17	0	1	LastDelay	0	0	1	0
78.1612	4	0	1	LastDelay	0	0	1	0
78.1764	26	0	1	LastDelay	0.00333007	3330.07	1	1
78.2018	6	0	1	LastDelay	0.00641225	6412.25	1	1
78.2462	0	0	1	LastDelay	0.00654519	6545.19	1	1
78.2496	12	0	1	LastDelay	0.00118371	1183.71	1	1
78.2963	23	0	1	LastDelay	0.00110526	1105.26	1	1
78.3294	10	0	1	LastDelay	0.00112996	1129.96	1	1
78.3367	15	0	1	LastDelay	0.00653343	6533.43	1	1
78.3681	20	0	1	LastDelay	0	0	1	0
78.4339	29	0	1	LastDelay	0.00210652	2106.52	1	1
78.8827	5	0	1	LastDelay	0	0	1	0
78.8846	28	0	1	LastDelay	0	0	1	0
78.9196	18	0	1	LastDelay	0	0	1	0
78.9429	14	0	1	LastDelay	0	0	1	0
79.0238	27	0	1	LastDelay	0.00333031	3330.31	1	1
79.0709	16	0	1	LastDelay	0.00333007	3330.07	1	1
79.0802	11	0	1	LastDelay	0.0120357	12035.7	1	1
79.0802	17	0	1	LastDelay	0.00737754	7377.53	1	1
79.1646	4	0	1	LastDelay	0.00333017	3330.17	1	1
79.173	26	0	1	LastDelay	0	0	1	0
79.1954	6	0	1	LastDelay	0	0	1	0
79.2396	0	0	1	LastDelay	0	0	1	0
79.2485	12	0	1	LastDelay	0	0	1	0
79.2952	23	0	1	LastDelay	0	0	1	0
79.2959	21	0	1	LastDelay	0.00333014	3330.14	1	1
79.3283	10	0	1	LastDelay	0	0	1	0
79.3302	15	0	1	LastDelay	0	0	1	0
79.3714	20	0	1	LastDelay	0.00333007	3330.07	1	1
79.4318	29	0	1	LastDelay	0	0	1	0
79.8867	28	0	1	LastDelay	0.00209941	2099.41	1	1
79.8936	32	0	1	LastDelay	0.694551	694551	1	1
79.9434	14	0	1	LastDelay	0.000444157	444.157	1	1
80.0205	27	0	1	LastDelay	0	0	1	0
80.0676	16	0	1	LastDelay	0	0	1	0
80.0682	11	0	1	LastDelay	0	0	1	0
80.0728	17	0	1	LastDelay	0	0	1	0
80.1612	4	0	1	LastDelay	0	0	1	0
80.199	32	0	1	LastDelay	0	0	1	0
80.2926	21	0	1	LastDelay	0	0	1	0
80.3681	20	0	1	LastDelay	0	0	1	0
80.4177	22	0	1	LastDelay	0.0033301	3330.1	1	1
80.8846	28	0	1	LastDelay	0	0	1	0
80.886	5	0	1	LastDelay	0.00333019	3330.19	1	1
80.923	18	0	1	LastDelay	0.0033434	3343.4	1	1
80.9429	14	0	1	LastDelay	0	0	1	0
81.073	11	0	1	LastDelay	0.0048352	4835.2	1	1
81.073	17	0	1	LastDelay	0.00017706	177.06	1	1
81.177	26	0	1	LastDelay	0.00396145	3961.45	1	1
81.2172	32	0	1	LastDelay	0.0181195	18119.5	1	1
81.2522	12	0	1	LastDelay	0.00379038	3790.38	1	1
81.2959	23	0	1	LastDelay	0.000761765	761.765	1	1
81.3407	10	0	1	LastDelay	0.0123886	12388.6	1	1
81.3715	20	0	1	LastDelay	0.00334315	3343.15	1	1
81.4143	22	0	1	LastDelay	0	0	1	0
81.5962	24	0	1	LastDelay	0.00333015	3330.15	1	1
81.8827	5	0	1	LastDelay	0	0	1	0
81.8879	28	0	1	LastDelay	0.00333017	3330.17	1	1
81.9196	18	0	1	LastDelay	0	0	1	0
81.9463	14	0	1	LastDelay	0.00334304	3343.04	1	1
82.0682	11	0	1	LastDelay	0	0	1	0
82.0709	16	0	1	LastDelay	0.00333011	3330.11	1	1
82.0728	17	0	1	LastDelay	0	0	1	0
82.1646	4	0	1	LastDelay	0.00333012	3330.12	1	1
82.173	26	0	1	LastDelay	0	0	1	0
82.1987	6	0	1	LastDelay	0.00333002	3330.02	1	1
82.199	32	0	1	LastDelay	0	0	1	0
82.243	0	0	1	LastDelay	0.00334312	3343.12	1	1
82.2485	12	0	1	LastDelay	0	0	1	0
82.2952	23	0	1	LastDelay	0	0	1	0
82.2959	21	0	1	LastDelay	0.00333018	3330.18	1	1
82.3283	10	0	1	LastDelay	0	0	1	0
82.3681	20	0	1	LastDelay	0	0	1	0
82.4346	29	0	1	LastDelay	0.00281877	2818.77	1	1
82.5023	33	0	1	LastDelay	0	0	1	1
82.5929	24	0	1	LastDelay	0	0	1	0
82.8846	28	0	1	LastDelay	0	0	1	0
82.9429	14	0	1	LastDelay	0	0	1	0
83.0676	16	0	1	LastDelay	0	0	1	0
83.0749	17	0	1	LastDelay	0.0021103	2110.3	1	1
83.1612	4	0	1	LastDelay	0	0	1	0
83.1764	26	0	1	LastDelay	0.00333007	3330.07	1	1
83.1954	6	0	1	LastDelay	0	0	1	0
83.2396	0	0	1	LastDelay	0	0	1	0
83.2926	21	0	1	LastDelay	0	0	1	0
83.3364	15	0	1	LastDelay	0.00628418	6284.18	1	1
83.3714	20	0	1	LastDelay	0.00333021	3330.21	1	1
83.4318	29	0	1	LastDelay	0	0	1	0
83.9019	31	0	1	LastDelay	0.639892	639892	1	1
84.0728	17	0	1	LastDelay	0	0	1	0
84.173	26	0	1	LastDelay	0	0	1	0
84.2523	12	0	1	LastDelay	0.00386114	3861.14	1	1
84.262	31	0	1	LastDelay	0	0	1	0
84.3039	23	0	1	LastDelay	0.0086814	8681.4	1	1
84.3302	15	0	1	LastDelay	0	0	1	0
84.3681	20	0	1	LastDelay	0	0	1	0
84.5962	24	0	1	LastDelay	0.00333023	3330.23	1	1
84.8902	28	0	1	LastDelay	0.00557709	5577.09	1	1
85.0713	11	0	1	LastDelay	0.00308051	3080.51	1	1
85.0747	17	0	1	LastDelay	0.00186067	1860.67	1	1
85.1763	26	0	1	LastDelay	0.0032892	3289.2	1	1
85.2032	32	0	1	LastDelay	0.00413863	4138.64	1	1
85.2032	6	0	1	LastDelay	0.00778279	7782.79	1	1
85.2485	12	0	1	LastDelay	0	0	1	0
85.2952	23	0	1	LastDelay	0	0	1	0
85.3354	15	0	1	LastDelay	0.00522859	5228.59	1	1
85.37	20	0	1	LastDelay	0.00191064	1910.64	1	1
85.4373	29	0	1	LastDelay	0.00551192	5511.93	1	1
85.5056	33	0	1	LastDelay	0.00333028	3330.28	1	1
85.5432	34	0	1	LastDelay	0	0	1	2
85.5929	24	0	1	LastDelay	0	0	1	0
85.6283	30	0	1	LastDelay	0	0	1	1
85.8846	28	0	1	LastDelay	0	0	1	0
85.923	18	0	1	LastDelay	0.00333035	3330.35	1	1
85.946	14	0	1	LastDelay	0.00308495	3084.95	1	1
86.0682	11	0	1	LastDelay	0	0	1	0
86.0728	17	0	1	LastDelay	0	0	1	0
86.0771	16	0	1	LastDelay	0.00955924	9559.24	1	1
86.1646	4	0	1	LastDelay	0.00333041	3330.41	1	1
86.173	26	0	1	LastDelay	0	0	1	0
86.1954	6	0	1	LastDelay	0	0	1	0
86.199	32	0	1	LastDelay	0	0	1	0
86.2575	12	0	1	LastDelay	0.0090612	9061.2	1	1
86.2648	31	0	1	LastDelay	0.00280465	2804.65	1	1
86.2959	21	0	1	LastDelay	0.00333021	3330.21	1	1
86.2959	23	0	1	LastDelay	0.000761908	761.908	1	1
86.3299	10	0	1	LastDelay	0.00164991	1649.91	1	1
86.3302	15	0	1	LastDelay	0	0	1	0
86.3681	20	0	1	LastDelay	0	0	1	0
86.4177	22	0	1	LastDelay	0.00333002	3330.02	1	1
86.4318	29	0	1	LastDelay	0	0	1	0
86.5023	33	0	1	LastDelay	0	0	1	0
86.5962	24	0	1	LastDelay	0.00333029	3330.29	1	1
86.8922	28	0	1	LastDelay	0.00762943	7629.43	1	1
86.9196	18	0	1	LastDelay	0	0	1	0
86.9429	14	0	1	LastDelay	0	0	1	0
87.0676	16	0	1	LastDelay	0	0	1	0
87.0746	11	0	1	LastDelay	0.00643866	6438.66	1	1
87.0819	17	0	1	LastDelay	0.00905275	9052.75	1	1
87.1612	4	0	1	LastDelay	0	0	1	0
87.1974	6	0	1	LastDelay	0.00204937	2049.37	1	1
87.2009	32	0	1	LastDelay	0.00186947	1869.47	1	1
87.2405	0	0	1	LastDelay	0.000835639	835.639	1	1
87.2485	12	0	1	LastDelay	0	0	1	0
87.262	31	0	1	LastDelay	0	0	1	0
87.2926	21	0	1	LastDelay	0	0	1	0
87.2952	23	0	1	LastDelay	0	0	1	0
87.3283	10	0	1	LastDelay	0	0	1	0
87.3335	15	0	1	LastDelay	0.00333012	3330.12	1	1
87.3535	35	0	1	LastDelay	0.929809	929809	1	1
87.4143	22	0	1	LastDelay	0	0	1	0
87.4237	35	0	1	LastDelay	0	0	1	0
87.5929	24	0	1	LastDelay	0	0	1	0
87.8846	28	0	1	LastDelay	0	0	1	0
87.923	18	0	1	LastDelay	0.00333009	3330.09	1	1
87.9494	14	0	1	LastDelay	0.00642533	6425.33	1	1
88.0238	27	0	1	LastDelay	0.00333021	3330.21	1	1
88.0682	11	0	1	LastDelay	0	0	1	0
88.0728	17	0	1	LastDelay	0	0	1	0
88.1646	4	0	1	LastDelay	0.0033306	3330.6	1	1
88.1742	26	0	1	LastDelay	0.00120356	1203.56	1	1
88.1954	6	0	1	LastDelay	0	0	1	0
88.199	32	0	1	LastDelay	0	0	1	0
88.2396	0	0	1	LastDelay	0	0	1	0
88.263	31	0	1	LastDelay	0.000960627	960.627	1	1
88.2963	23	0	1	LastDelay	0.00111788	1117.88	1	1
88.3302	15	0	1	LastDelay	0	0	1	0
88.3309	10	0	1	LastDelay	0.00259733	2597.33	1	1
88.3714	20	0	1	LastDelay	0.00333002	3330.02	1	1
88.4208	22	0	1	LastDelay	0.00642552	6425.52	1	1
88.4342	29	0	1	LastDelay	0.00243687	2436.87	1	1
88.5057	33	0	1	LastDelay	0.00336925	3369.25	1	1
88.886	5	0	1	LastDelay	0.00333059	3330.59	1	1
88.886	28	0	1	LastDelay	0.00141353	1413.53	1	1
88.9196	18	0	1	LastDelay	0	0	1	0
88.9429	14	0	1	LastDelay	0	0	1	0
89.0205	27	0	1	LastDelay	0	0	1	0
89.0709	16	0	1	LastDelay	0.00333027	3330.27	1	1
89.0709	11	0	1	LastDelay	0.00273776	2737.76	1	1
89.074	17	0	1	LastDelay	0.00117468	1174.68	1	1
89.1612	4	0	1	LastDelay	0	0	1	0
89.173	26	0	1	LastDelay	0	0	1	0
89.1991	32	0	1	LastDelay	2.9315e-05	29.315	1	1
89.243	0	0	1	LastDelay	0.00335633	3356.33	1	1
89.2503	12	0	1	LastDelay	0.00181546	1815.46	1	1
89.262	31	0	1	LastDelay	0	0	1	0
89.2952	23	0	1	LastDelay	0	0	1	0
89.2963	21	0	1	LastDelay	0.00373213	3732.12	1	1
89.3283	10	0	1	LastDelay	0	0	1	0
89.3367	15	0	1	LastDelay	0.00651662	6516.62	1	1
89.3681	20	0	1	LastDelay	0	0	1	0
89.4143	22	0	1	LastDelay	0	0	1	0
89.427	35	0	1	LastDelay	0.00334346	3343.46	1	1
89.4318	29	0	1	LastDelay	0	0	1	0
89.5023	33	0	1	LastDelay	0	0	1	0
89.5962	24	0	1	LastDelay	0.00333075	3330.75	1	1
89.5962	39	0	1	LastDelay	0.703637	703637	1	1
89.6316	30	0	1	LastDelay	0.00333062	3330.62	1	1
89.8827	5	0	1	LastDelay	0	0	1	0
89.8846	28	0	1	LastDelay	0	0	1	0
89.8926	39	0	1	LastDelay	0	0	1	0
89.9467	14	0	1	LastDelay	0.00378074	3780.74	1	1
90.0238	27	0	1	LastDelay	0.00333022	3330.22	1	1
90.0676	16	0	1	LastDelay	0	0	1	0
90.0682	11	0	1	LastDelay	0	0	1	0
90.0728	17	0	1	LastDelay	0	0	1	0
90.1967	6	0	1	LastDelay	0.00134939	1349.39	1	1
90.199	32	0	1	LastDelay	0	0	1	0
90.2396	0	0	1	LastDelay	0	0	1	0
90.2485	12	0	1	LastDelay	0	0	1	0
90.2653	31	0	1	LastDelay	0.00333016	3330.16	1	1
90.2926	21	0	1	LastDelay	0	0	1	0
90.2985	23	0	1	LastDelay	0.00333043	3330.43	1	1
90.3302	15	0	1	LastDelay	0	0	1	0
90.3714	20	0	1	LastDelay	0.00333038	3330.38	1	1
90.4237	35	0	1	LastDelay	0	0	1	0
90.4322	29	0	1	LastDelay	0.000410298	410.298	1	1
90.5056	33	0	1	LastDelay	0.00333015	3330.15	1	1
90.5929	24	0	1	LastDelay	0	0	1	0
90.6283	30	0	1	LastDelay	0	0	1	0
90.886	28	0	1	LastDelay	0.00141348	1413.48	1	1
90.886	5	0	1	LastDelay	0.00333067	3330.67	1	1
90.9108	39	0	1	LastDelay	0.0181462	18146.2	1	1
90.9429	14	0	1	LastDelay	0	0	1	0
91.0205	27	0	1	LastDelay	0	0	1	0
91.0789	11	0	1	LastDelay	0.0107224	10722.4	1	1
91.0824	17	0	1	LastDelay	0.00951538	9515.38	1	1
91.1764	26	0	1	LastDelay	0.00333018	3330.18	1	1
91.1954	6	0	1	LastDelay	0	0	1	0
91.1998	32	0	1	LastDelay	0.000761376	761.376	1	1
91.2518	12	0	1	LastDelay	0.00333078	3330.78	1	1
91.262	31	0	1	LastDelay	0	0	1	0
91.2952	23	0	1	LastDelay	0	0	1	0
91.3328	15	0	1	LastDelay	0.00259407	2594.07	1	1
91.3681	20	0	1	LastDelay	0	0	1	0
91.4177	22	0	1	LastDelay	0.00334326	3343.26	1	1
91.4318	29	0	1	LastDelay	0	0	1	0
91.5023	33	0	1	LastDelay	0	0	1	0
91.5967	24	0	1	LastDelay	0.00376447	3764.47	1	1
91.8827	5	0	1	LastDelay	0	0	1	0
91.8846	28	0	1	LastDelay	0	0	1	0
91.8926	39	0	1	LastDelay	0	0	1	0
91.923	18	0	1	LastDelay	0.00333021	3330.21	1	1
91.9431	14	0	1	LastDelay	0.00011623	116.23	1	1
92.0242	27	0	1	LastDelay	0.00368673	3686.73	1	1
92.0682	11	0	1	LastDelay	0	0	1	0
92.0728	17	0	1	LastDelay	0	0	1	0
92.173	26	0	1	LastDelay	0	0	1	0
92.199	32	0	1	LastDelay	0	0	1	0
92.2018	6	0	1	LastDelay	0.0064254	6425.4	1	1
92.2049	38	0	1	LastDelay	0.226711	226711	1	1
92.2485	12	0	1	LastDelay	0	0	1	0
92.2971	23	0	1	LastDelay	0.001925	1925	1	1
92.3302	15	0	1	LastDelay	0	0	1	0
92.4143	22	0	1	LastDelay	0	0	1	0
92.4367	29	0	1	LastDelay	0.00493488	4934.88	1	1
92.5087	33	0	1	LastDelay	0.00643826	6438.26	1	1
92.5497	34	0	1	LastDelay	0.00646511	6465.11	1	1
92.5929	24	0	1	LastDelay	0	0	1	0
92.8941	39	0	1	LastDelay	0.00146828	1468.28	1	1
92.9196	18	0	1	LastDelay	0	0	1	0
92.9429	14	0	1	LastDelay	0	0	1	0
92.9782	38	0	1	LastDelay	0	0	1	0
93.0205	27	0	1	LastDelay	0	0	1	0
93.072	11	0	1	LastDelay	0.00380841	3808.41	1	1
93.0754	17	0	1	LastDelay	0.00260159	2601.59	1	1
93.1764	26	0	1	LastDelay	0.00333015	3330.15	1	1
93.1954	6	0	1	LastDelay	0	0	1	0
93.1995	32	0	1	LastDelay	0.00049637	496.37	1	1
93.2518	12	0	1	LastDelay	0.00333031	3330.31	1	1
93.266	31	0	1	LastDelay	0.00401594	4015.94	1	1
93.2933	21	0	1	LastDelay	0.000731131	731.131	1	1
93.2952	23	0	1	LastDelay	0	0	1	0
93.3334	15	0	1	LastDelay	0.00327472	3274.72	1	1
93.4318	29	0	1	LastDelay	0	0	1	0
93.5023	33	0	1	LastDelay	0	0	1	0
93.5432	34	0	1	LastDelay	0	0	1	0
93.5962	24	0	1	LastDelay	0.0033302	3330.2	1	1
93.6316	30	0	1	LastDelay	0.00333048	3330.48	1	1
93.8861	5	0	1	LastDelay	0.00338262	3382.62	1	1
93.8926	39	0	1	LastDelay	0	0	1	0
93.923	18	0	1	LastDelay	0.00333009	3330.09	1	1
93.9464	14	0	1	LastDelay	0.00344875	3448.75	1	1
93.9816	38	0	1	LastDelay	0.00336945	3369.45	1	1
94.0064	36	0	1	LastDelay	0.0166552	16655.2	1	1
94.0207	27	0	1	LastDelay	0.000186585	186.585	1	1
94.0682	11	0	1	LastDelay	0	0	1	0
94.0728	17	0	1	LastDelay	0	0	1	0
94.173	26	0	1	LastDelay	0	0	1	0
94.199	32	0	1	LastDelay	0	0	1	0
94.2485	12	0	1	LastDelay	0	0	1	0
94.262	31	0	1	LastDelay	0	0	1	0
94.2926	21	0	1	LastDelay	0	0	1	0
94.2985	23	0	1	LastDelay	0.00333025	3330.25	1	1
94.3302	15	0	1	LastDelay	0	0	1	0
94.3745	20	0	1	LastDelay	0.0064253	6425.3	1	1
94.427	35	0	1	LastDelay	0.00333049	3330.49	1	1
94.4332	29	0	1	LastDelay	0.001458	1458	1	1
94.5056	33	0	1	LastDelay	0.00333068	3330.68	1	1
94.5929	24	0	1	LastDelay	0	0	1	0
94.6283	30	0	1	LastDelay	0	0	1	0
94.8827	5	0	1	LastDelay	0	0	1	0
94.9196	18	0	1	LastDelay	0	0	1	0
94.9429	14	0	1	LastDelay	0	0	1	0
94.9782	38	0	1	LastDelay	0	0	1	0
94.9897	36	0	1	LastDelay	0	0	1	0
95.0205	27	0	1	LastDelay	0	0	1	0
95.0753	17	0	1	LastDelay	0.00245654	2456.54	1	1
95.2025	32	0	1	LastDelay	0.00344136	3441.36	1	1
95.2697	31	0	1	LastDelay	0.00773268	7732.68	1	1
95.2952	23	0	1	LastDelay	0	0	1	0
95.2991	21	0	1	LastDelay	0.00645137	6451.37	1	1
95.3681	20	0	1	LastDelay	0	0	1	0
95.4237	35	0	1	LastDelay	0	0	1	0
95.4318	29	0	1	LastDelay	0	0	1	0
95.5023	33	0	1	LastDelay	0	0	1	0
95.6316	30	0	1	LastDelay	0.00333045	3330.45	1	1
95.9233	18	0	1	LastDelay	0.00368639	3686.39	1	1
95.9463	14	0	1	LastDelay	0.00333007	3330.07	1	1
95.9919	36	0	1	LastDelay	0.0021568	2156.8	1	1
96.0238	27	0	1	LastDelay	0.00333014	3330.14	1	1
96.0728	17	0	1	LastDelay	0	0	1	0
96.199	32	0	1	LastDelay	0	0	1	0
96.262	31	0	1	LastDelay	0	0	1	0
96.2926	21	0	1	LastDelay	0	0	1	0
96.2985	23	0	1	LastDelay	0.00333025	3330.25	1	1
96.3335	15	0	1	LastDelay	0.00333011	3330.11	1	1
96.427	35	0	1	LastDelay	0.00333035	3330.35	1	1
96.4337	29	0	1	LastDelay	0.00194414	1944.14	1	1
96.6283	30	0	1	LastDelay	0	0	1	0
96.752	37	0	1	LastDelay	0	0	1	1
96.9196	18	0	1	LastDelay	0	0	1	0
96.9429	14	0	1	LastDelay	0	0	1	0
96.9897	36	0	1	LastDelay	0	0	1	0
97.0205	27	0	1	LastDelay	0	0	1	0
97.0715	11	0	1	LastDelay	0.0033306	3330.6	1	1
97.1994	32	0	1	LastDelay	0.000411783	411.783	1	1
97.2522	12	0	1	LastDelay	0.00373889	3738.89	1	1
97.2651	31	0	1	LastDelay	0.00304156	3041.56	1	1
97.2952	23	0	1	LastDelay	0	0	1	0
97.2972	21	0	1	LastDelay	0.00455199	4551.99	1	1
97.3302	15	0	1	LastDelay	0	0	1	0
97.4237	35	0	1	LastDelay	0	0	1	0
97.4318	29	0	1	LastDelay	0	0	1	0
97.6316	30	0	1	LastDelay	0.00333038	3330.38	1	1
97.8959	39	0	1	LastDelay	0.00334312	3343.12	1	1
97.9815	38	0	1	LastDelay	0.00333007	3330.07	1	1
97.9916	36	0	1	LastDelay	0.00183961	1839.61	1	1
98.0238	27	0	1	LastDelay	0.00333016	3330.16	1	1
98.0682	11	0	1	LastDelay	0	0	1	0
98.1764	26	0	1	LastDelay	0.00333018	3330.18	1	1
98.199	32	0	1	LastDelay	0	0	1	0
98.2485	12	0	1	LastDelay	0	0	1	0
98.262	31	0	1	LastDelay	0	0	1	0
98.2926	21	0	1	LastDelay	0	0	1	0
98.4351	29	0	1	LastDelay	0.00339446	3394.46	1	1
98.5012	41	0	1	LastDelay	0.00333068	3330.68	1	1
98.506	33	0	1	LastDelay	0.00365846	3658.46	1	1
98.5465	34	0	1	LastDelay	0.0033307	3330.7	1	1
98.5997	24	0	1	LastDelay	0.00676847	6768.47	1	1
98.6283	30	0	1	LastDelay	0	0	1	0
98.8926	39	0	1	LastDelay	0	0	1	0
98.9432	14	0	1	LastDelay	0.000234414	234.414	1	1
98.9782	38	0	1	LastDelay	0	0	1	0
98.9897	36	0	1	LastDelay	0	0	1	0
99.0205	27	0	1	LastDelay	0	0	1	0
99.173	26	0	1	LastDelay	0	0	1	0
99.1993	6	0	1	LastDelay	0.00391416	3914.16	1	1
99.2062	32	0	1	LastDelay	0.0071748	7174.8	1	1
99.2629	31	0	1	LastDelay	0.000855701	855.701	1	1
99.2977	23	0	1	LastDelay	0.00255241	2552.41	1	1
99.2977	21	0	1	LastDelay	0.00512092	5120.92	1	1
99.3316	15	0	1	LastDelay	0.00147326	1473.26	1	1
99.4318	29	0	1	LastDelay	0	0	1	0
99.4979	41	0	1	LastDelay	0	0	1	0
99.5023	33	0	1	LastDelay	0	0	1	0
99.5432	34	0	1	LastDelay	0	0	1	0
99.5929	24	0	1	LastDelay	0	0	1	0
99.8963	39	0	1	LastDelay	0.00368676	3686.76	1	1
99.923	18	0	1	LastDelay	0.00333022	3330.22	1	1
99.9429	14	0	1	LastDelay	0	0	1	0
99.9815	38	0	1	LastDelay	0.00333031	3330.31	1	1
