Time	Node	AppId	SeqNo	Type	DelayS	DelayUS	RetxCount	HopCount
18.0035	3	1	14	LastDelay	0.00350664	3506.64	1	1
18.0035	3	1	14	FullDelay	0.00350664	3506.64	1	1
18.0035	2	1	14	LastDelay	0.00350667	3506.67	1	1
18.0035	2	1	14	FullDelay	0.00350667	3506.67	1	1
19.0039	3	1	0	LastDelay	0.00385678	3856.78	1	1
19.0039	3	1	0	FullDelay	19.0039	1.90039e+07	4	1
19.0039	2	1	0	LastDelay	0.00385681	3856.81	1	1
19.0039	2	1	0	FullDelay	19.0039	1.90039e+07	4	1
20.0044	3	1	1	LastDelay	0.00439421	4394.21	1	1
20.0044	3	1	1	FullDelay	19.0044	1.90044e+07	3	1
20.0044	2	1	1	LastDelay	0.00439426	4394.26	1	1
20.0044	2	1	1	FullDelay	19.0044	1.90044e+07	3	1
21.0038	1	1	1	LastDelay	0.0038101	3810.1	1	1
21.0038	1	1	1	FullDelay	20.0038	2.00038e+07	3	1
21.0078	2	1	2	LastDelay	0.00775689	7756.9	1	1
21.0078	2	1	2	FullDelay	18.0078	1.80078e+07	3	1
21.0078	3	1	2	LastDelay	0.00775693	7756.93	1	1
21.0078	3	1	2	FullDelay	18.0078	1.80078e+07	3	1
22.0038	1	1	17	LastDelay	0.0037897	3789.7	1	1
22.0038	1	1	17	FullDelay	0.0037897	3789.7	1	1
22.0075	3	1	3	LastDelay	0.00747857	7478.57	1	1
22.0075	3	1	3	FullDelay	17.0075	1.70075e+07	2	1
23.0038	1	1	0	LastDelay	0.00381152	3811.52	1	1
23.0038	1	1	0	FullDelay	23.0038	2.30038e+07	4	1
23.0069	3	1	4	LastDelay	0.00694583	6945.83	1	1
23.0069	3	1	4	FullDelay	17.0069	1.70069e+07	2	1
26.0087	0	1	21	LastDelay	0.00870263	8702.63	1	1
26.0087	0	1	21	FullDelay	0.00870263	8702.63	1	1
26.0087	4	1	21	LastDelay	0.00870278	8702.78	1	1
26.0087	4	1	21	FullDelay	0.00870278	8702.78	1	1
26.0087	5	1	21	LastDelay	0.00870293	8702.93	1	1
26.0087	5	1	21	FullDelay	0.00870293	8702.93	1	1
27.0027	0	1	0	LastDelay	0.00265971	2659.71	1	1
27.0027	0	1	0	FullDelay	27.0027	2.70027e+07	4	1
27.0054	1	1	5	LastDelay	0.00543296	5432.96	1	1
27.0054	1	1	5	FullDelay	19.0054	1.90054e+07	2	1
27.0086	5	1	0	LastDelay	0.00857791	8577.91	1	1
27.0086	5	1	0	FullDelay	27.0086	2.70086e+07	4	1
28.0038	0	1	1	LastDelay	0.00378891	3788.91	1	1
28.0038	0	1	1	FullDelay	27.0038	2.70038e+07	4	1
28.0038	4	1	1	LastDelay	0.00378898	3788.98	1	1
28.0038	4	1	1	FullDelay	27.0038	2.70038e+07	4	1
28.0038	5	1	1	LastDelay	0.00378909	3789.09	1	1
28.0038	5	1	1	FullDelay	27.0038	2.70038e+07	4	1
29.0038	0	1	2	LastDelay	0.00380388	3803.88	1	1
29.0038	0	1	2	FullDelay	26.0038	2.60038e+07	3	1
29.0038	4	1	2	LastDelay	0.00380391	3803.91	1	1
29.0038	4	1	2	FullDelay	26.0038	2.60038e+07	3	1
29.0038	5	1	2	LastDelay	0.003804	3803.99	1	1
29.0038	5	1	2	FullDelay	26.0038	2.60038e+07	3	1
30.0073	5	1	3	LastDelay	0.00732239	7322.39	1	1
30.0073	5	1	3	FullDelay	25.0073	2.50073e+07	2	1
31.0034	4	1	4	LastDelay	0.00337465	3374.65	1	1
31.0034	4	1	4	FullDelay	25.0034	2.50034e+07	2	1
31.0034	0	1	4	LastDelay	0.00337465	3374.65	1	1
31.0034	0	1	4	FullDelay	25.0034	2.50034e+07	2	1
31.0034	5	1	4	LastDelay	0.00337469	3374.69	1	1
31.0034	5	1	4	FullDelay	25.0034	2.50034e+07	2	1
32.005	0	1	5	LastDelay	0.00498212	4982.12	1	1
32.005	0	1	5	FullDelay	24.005	2.4005e+07	2	1
32.005	5	1	5	LastDelay	0.00498215	4982.15	1	1
32.005	5	1	5	FullDelay	24.005	2.4005e+07	2	1
33.003	4	1	6	LastDelay	0.00299759	2997.59	1	1
33.003	4	1	6	FullDelay	24.003	2.4003e+07	2	1
33.003	0	1	6	LastDelay	0.00299759	2997.59	1	1
33.003	0	1	6	FullDelay	24.003	2.4003e+07	2	1
33.003	5	1	6	LastDelay	0.00299761	2997.61	1	1
33.003	5	1	6	FullDelay	24.003	2.4003e+07	2	1
33.005	1	1	11	LastDelay	0.0049646	4964.6	1	1
33.005	1	1	11	FullDelay	18.005	1.8005e+07	2	1
34.0045	4	1	7	LastDelay	0.00453076	4530.76	1	1
34.0045	4	1	7	FullDelay	24.0045	2.40045e+07	2	1
34.0045	0	1	7	LastDelay	0.00453076	4530.76	1	1
34.0045	0	1	7	FullDelay	24.0045	2.40045e+07	2	1
34.0045	5	1	7	LastDelay	0.00453079	4530.79	1	1
34.0045	5	1	7	FullDelay	24.0045	2.40045e+07	2	1
35.0026	4	1	8	LastDelay	0.00263344	2633.44	1	1
35.0026	4	1	8	FullDelay	24.0026	2.40026e+07	2	1
35.0026	0	1	8	LastDelay	0.00263344	2633.45	1	1
35.0026	0	1	8	FullDelay	24.0026	2.40026e+07	2	1
35.0026	5	1	8	LastDelay	0.00263347	2633.47	1	1
35.0026	5	1	8	FullDelay	24.0026	2.40026e+07	2	1
36.0031	4	1	9	LastDelay	0.00307666	3076.66	1	1
36.0031	4	1	9	FullDelay	23.0031	2.30031e+07	2	1
36.0031	0	1	9	LastDelay	0.00307667	3076.67	1	1
36.0031	0	1	9	FullDelay	23.0031	2.30031e+07	2	1
36.0031	5	1	9	LastDelay	0.00307669	3076.69	1	1
36.0031	5	1	9	FullDelay	23.0031	2.30031e+07	2	1
37.0065	4	1	10	LastDelay	0.00652848	6528.48	1	1
37.0065	4	1	10	FullDelay	23.0065	2.30065e+07	2	1
37.0065	0	1	10	LastDelay	0.00652848	6528.48	1	1
37.0065	0	1	10	FullDelay	23.0065	2.30065e+07	2	1
37.0165	9	1	32	LastDelay	0.016546	16546	1	1
37.0165	9	1	32	FullDelay	0.016546	16546	1	1
38.0046	1	1	3	LastDelay	0.00462461	4624.61	1	1
38.0046	1	1	3	FullDelay	33.0046	3.30046e+07	3	1
38.0046	8	1	3	LastDelay	0.00462465	4624.65	1	1
38.0046	8	1	3	FullDelay	33.0046	3.30046e+07	2	1
38.0074	5	1	11	LastDelay	0.0073811	7381.1	1	1
38.0074	5	1	11	FullDelay	23.0074	2.30074e+07	2	1
39.0091	8	1	33	LastDelay	0.0091378	9137.8	1	1
39.0091	8	1	33	FullDelay	0.0091378	9137.8	1	1
39.0091	6	1	33	LastDelay	0.00913807	9138.07	1	1
39.0091	6	1	33	FullDelay	0.00913807	9138.07	1	1
39.0138	0	1	12	LastDelay	0.0137836	13783.5	1	1
39.0138	0	1	12	FullDelay	23.0138	2.30138e+07	2	1
39.0138	5	1	12	LastDelay	0.0137836	13783.6	1	1
39.0138	5	1	12	FullDelay	23.0138	2.30138e+07	2	1
40.0134	5	1	13	LastDelay	0.0134456	13445.6	1	1
40.0134	5	1	13	FullDelay	23.0134	2.30134e+07	2	1
40.0177	8	1	0	LastDelay	0.0177416	17741.6	1	1
40.0177	8	1	0	FullDelay	40.0177	4.00177e+07	4	1
40.0177	6	1	0	LastDelay	0.0177418	17741.8	1	1
40.0177	6	1	0	FullDelay	40.0177	4.00177e+07	4	1
42.0072	8	1	2	LastDelay	0.00717048	7170.48	1	1
42.0072	8	1	2	FullDelay	39.0072	3.90072e+07	3	1
43.0097	7	1	37	LastDelay	0.00973245	9732.45	1	1
43.0097	7	1	37	FullDelay	0.00973245	9732.45	1	1
43.0202	0	1	3	LastDelay	0.0202124	20212.4	1	1
43.0202	0	1	3	FullDelay	38.0202	3.80202e+07	3	1
47.0037	10	1	41	LastDelay	0.00369888	3698.88	1	1
47.0037	10	1	41	FullDelay	0.00369888	3698.88	1	1
47.0037	11	1	41	LastDelay	0.00369901	3699.01	1	1
47.0037	11	1	41	FullDelay	0.00369901	3699.01	1	1
48.0174	4	1	18	LastDelay	0.0174387	17438.7	1	1
48.0174	4	1	18	FullDelay	25.0174	2.50174e+07	2	1
49.0033	8	1	10	LastDelay	0.00333564	3335.64	1	1
49.0033	8	1	10	FullDelay	35.0033	3.50033e+07	2	1
50.0057	9	1	12	LastDelay	0.00568015	5680.15	1	1
50.0057	9	1	12	FullDelay	34.0057	3.40057e+07	2	1
50.0131	0	1	23	LastDelay	0.0131016	13101.6	1	1
50.0131	0	1	23	FullDelay	0.0131016	13101.6	1	1
53.006	8	1	14	LastDelay	0.00597997	5979.97	1	1
53.006	8	1	14	FullDelay	35.006	3.5006e+07	2	1
54.0053	0	1	15	LastDelay	0.00532464	5324.64	1	1
54.0053	0	1	15	FullDelay	35.0053	3.50053e+07	3	1
55.0077	5	1	15	LastDelay	0.00766256	7662.56	1	1
55.0077	5	1	15	FullDelay	36.0077	3.60077e+07	3	1
55.0096	8	1	15	LastDelay	0.00962963	9629.63	1	1
55.0096	8	1	15	FullDelay	36.0096	3.60096e+07	2	1
55.02	10	1	7	LastDelay	0.0199684	19968.4	1	1
55.02	10	1	7	FullDelay	45.02	4.502e+07	2	1
55.0258	15	1	49	LastDelay	0.0257915	25791.5	1	1
55.0258	15	1	49	FullDelay	0.0257915	25791.5	1	1
56.0063	5	1	16	LastDelay	0.00625674	6256.74	1	1
56.0063	5	1	16	FullDelay	36.0063	3.60063e+07	3	1
56.0166	10	1	8	LastDelay	0.0166204	16620.4	1	1
56.0166	10	1	8	FullDelay	45.0166	4.50166e+07	2	1
56.0366	8	1	4	LastDelay	0.03664	36640	1	1
56.0366	8	1	4	FullDelay	50.0366	5.00366e+07	3	1
57.003	10	1	9	LastDelay	0.00301066	3010.66	1	1
57.003	10	1	9	FullDelay	44.003	4.4003e+07	2	1
57.003	11	1	9	LastDelay	0.00301073	3010.73	1	1
57.003	11	1	9	FullDelay	44.003	4.4003e+07	2	1
57.0054	0	1	18	LastDelay	0.00540674	5406.74	1	1
57.0054	0	1	18	FullDelay	34.0054	3.40054e+07	3	1
58.0069	4	1	5	LastDelay	0.00687023	6870.23	1	1
58.0069	4	1	5	FullDelay	50.0069	5.00069e+07	4	1
58.0127	13	1	52	LastDelay	0.0127085	12708.5	1	1
58.0127	13	1	52	FullDelay	0.0127085	12708.5	1	1
58.0127	12	1	52	LastDelay	0.0127086	12708.6	1	1
58.0127	12	1	52	FullDelay	0.0127086	12708.6	1	1
59.0041	13	1	0	LastDelay	0.00406255	4062.55	1	1
59.0041	13	1	0	FullDelay	59.0041	5.90041e+07	4	1
59.0041	12	1	0	LastDelay	0.00406269	4062.69	1	1
59.0041	12	1	0	FullDelay	59.0041	5.90041e+07	4	1
59.0114	8	1	7	LastDelay	0.0113984	11398.4	1	1
59.0114	8	1	7	FullDelay	49.0114	4.90114e+07	3	1
60.014	6	1	7	LastDelay	0.0139578	13957.8	1	1
60.014	6	1	7	FullDelay	50.014	5.0014e+07	3	1
60.0186	11	1	12	LastDelay	0.018577	18577	1	1
60.0186	11	1	12	FullDelay	44.0186	4.40186e+07	2	1
61.003	14	1	55	LastDelay	0.00298476	2984.76	1	1
61.003	14	1	55	FullDelay	0.00298476	2984.76	1	1
61.003	16	1	55	LastDelay	0.00298505	2985.05	1	1
61.003	16	1	55	FullDelay	0.00298505	2985.05	1	1
61.0072	8	1	9	LastDelay	0.00718321	7183.21	1	1
61.0072	8	1	9	FullDelay	48.0072	4.80072e+07	3	1
61.016	12	1	2	LastDelay	0.0160221	16022.1	1	1
61.016	12	1	2	FullDelay	58.016	5.8016e+07	3	1
61.016	13	1	2	LastDelay	0.0160222	16022.2	1	1
61.016	13	1	2	FullDelay	58.016	5.8016e+07	3	1
62.0033	10	1	1	LastDelay	0.0033358	3335.8	1	1
62.0033	10	1	1	FullDelay	61.0033	6.10033e+07	5	1
62.0033	11	1	1	LastDelay	0.00333588	3335.88	1	1
62.0033	11	1	1	FullDelay	61.0033	6.10033e+07	5	1
62.012	9	1	11	LastDelay	0.0120402	12040.2	1	1
62.012	9	1	11	FullDelay	47.012	4.7012e+07	3	1
62.0155	8	1	16	LastDelay	0.0155212	15521.2	1	1
62.0155	8	1	16	FullDelay	42.0155	4.20155e+07	2	1
62.0228	14	1	0	LastDelay	0.0228317	22831.7	1	1
62.0228	14	1	0	FullDelay	62.0228	6.20228e+07	4	1
62.0308	15	1	6	LastDelay	0.0308277	30827.7	1	1
62.0308	15	1	6	FullDelay	53.0308	5.30308e+07	2	1
62.0408	6	1	9	LastDelay	0.0408298	40829.8	1	1
62.0408	6	1	9	FullDelay	49.0408	4.90408e+07	3	1
64.0118	16	1	2	LastDelay	0.0117516	11751.6	1	1
64.0118	16	1	2	FullDelay	61.0118	6.10118e+07	3	1
65.0041	10	1	4	LastDelay	0.00411188	4111.88	1	1
65.0041	10	1	4	FullDelay	59.0041	5.90041e+07	3	1
65.0041	11	1	4	LastDelay	0.00411196	4111.96	1	1
65.0041	11	1	4	FullDelay	59.0041	5.90041e+07	3	1
65.0217	16	1	3	LastDelay	0.0217492	21749.2	1	1
65.0217	16	1	3	FullDelay	60.0217	6.00217e+07	3	1
68.0072	16	1	6	LastDelay	0.00715699	7156.99	1	1
68.0072	16	1	6	FullDelay	59.0072	5.90072e+07	2	1
69.0298	14	1	7	LastDelay	0.029788	29788	1	1
69.0298	14	1	7	FullDelay	59.0298	5.90298e+07	2	1
71.0026	10	1	10	LastDelay	0.0026205	2620.49	1	1
71.0026	10	1	10	FullDelay	57.0026	5.70026e+07	3	1
71.0026	11	1	10	LastDelay	0.00262057	2620.57	1	1
71.0026	11	1	10	FullDelay	57.0026	5.70026e+07	3	1
71.0197	16	1	9	LastDelay	0.0197104	19710.4	1	1
71.0197	16	1	9	FullDelay	58.0197	5.80197e+07	2	1
72.003	14	1	10	LastDelay	0.00295858	2958.58	1	1
72.003	14	1	10	FullDelay	58.003	5.8003e+07	2	1
73.0026	12	1	1	LastDelay	0.00259463	2594.62	1	1
73.0026	12	1	1	FullDelay	72.0026	7.20026e+07	5	1
74.0044	14	1	12	LastDelay	0.00441064	4410.64	1	1
74.0044	14	1	12	FullDelay	58.0044	5.80044e+07	2	1
74.0132	4	1	22	LastDelay	0.0132034	13203.4	1	1
74.0132	4	1	22	FullDelay	13.0132	1.30132e+07	2	1
75.004	16	1	0	LastDelay	0.00404894	4048.94	1	1
75.004	16	1	0	FullDelay	75.004	7.5004e+07	5	1
75.0082	20	1	7	LastDelay	0.00824473	8244.73	1	1
75.0082	20	1	7	FullDelay	65.0082	6.50082e+07	2	1
75.0144	14	1	13	LastDelay	0.0143787	14378.7	1	1
75.0144	14	1	13	FullDelay	58.0144	5.80144e+07	2	1
75.0144	15	1	13	LastDelay	0.0143788	14378.8	1	1
75.0144	15	1	13	FullDelay	58.0144	5.80144e+07	2	1
75.0501	19	1	7	LastDelay	0.0501035	50103.5	1	1
75.0501	19	1	7	FullDelay	65.0501	6.50501e+07	2	1
75.0501	18	1	7	LastDelay	0.0501036	50103.6	1	1
75.0501	18	1	7	FullDelay	65.0501	6.50501e+07	2	1
76.0132	9	1	13	LastDelay	0.0132423	13242.3	1	1
76.0132	9	1	13	FullDelay	59.0132	5.90132e+07	3	1
76.0152	5	1	10	LastDelay	0.0152095	15209.5	1	1
76.0152	5	1	10	FullDelay	62.0152	6.20152e+07	5	1
78.0213	20	1	9	LastDelay	0.021273	21273	1	1
78.0213	20	1	9	FullDelay	65.0213	6.50213e+07	2	1
78.0213	21	1	9	LastDelay	0.021273	21273	1	1
78.0213	21	1	9	FullDelay	65.0213	6.50213e+07	2	1
78.0213	19	1	9	LastDelay	0.0212731	21273.1	1	1
78.0213	19	1	9	FullDelay	65.0213	6.50213e+07	2	1
78.0213	17	1	9	LastDelay	0.0212731	21273.1	1	1
78.0213	17	1	9	FullDelay	65.0213	6.50213e+07	2	1
78.0213	18	1	9	LastDelay	0.0212732	21273.2	1	1
78.0213	18	1	9	FullDelay	65.0213	6.50213e+07	2	1
79.0346	19	1	10	LastDelay	0.0345711	34571.1	1	1
79.0346	19	1	10	FullDelay	65.0346	6.50346e+07	2	1
79.0346	17	1	10	LastDelay	0.0345712	34571.2	1	1
79.0346	17	1	10	FullDelay	65.0346	6.50346e+07	2	1
79.0346	18	1	10	LastDelay	0.0345713	34571.3	1	1
79.0346	18	1	10	FullDelay	65.0346	6.50346e+07	2	1
79.0346	22	1	10	LastDelay	0.0345714	34571.4	1	1
79.0346	22	1	10	FullDelay	65.0346	6.50346e+07	2	1
80.0123	20	1	11	LastDelay	0.0123285	12328.5	1	1
80.0123	20	1	11	FullDelay	65.0123	6.50123e+07	2	1
80.0123	21	1	11	LastDelay	0.0123286	12328.6	1	1
80.0123	21	1	11	FullDelay	65.0123	6.50123e+07	2	1
80.0123	19	1	11	LastDelay	0.0123286	12328.6	1	1
80.0123	19	1	11	FullDelay	65.0123	6.50123e+07	2	1
80.0166	6	1	1	LastDelay	0.0165725	16572.5	1	1
80.0166	6	1	1	FullDelay	79.0166	7.90166e+07	7	1
81.0255	10	1	13	LastDelay	0.0255028	25502.8	1	1
81.0255	10	1	13	FullDelay	64.0255	6.40255e+07	3	1
81.0321	4	1	14	LastDelay	0.032089	32089	1	1
81.0321	4	1	14	FullDelay	63.0321	6.30321e+07	5	1
82.0076	10	1	14	LastDelay	0.00762297	7622.97	1	1
82.0076	10	1	14	FullDelay	64.0076	6.40076e+07	3	1
82.0076	14	1	14	LastDelay	0.00762298	7622.98	1	1
82.0076	14	1	14	FullDelay	64.0076	6.40076e+07	2	1
82.0123	19	1	13	LastDelay	0.0123332	12333.2	1	1
82.0123	19	1	13	FullDelay	65.0123	6.50123e+07	2	1
82.0123	21	1	13	LastDelay	0.0123332	12333.2	1	1
82.0123	21	1	13	FullDelay	65.0123	6.50123e+07	2	1
83.0124	14	1	8	LastDelay	0.0124427	12442.7	1	1
83.0124	14	1	8	FullDelay	72.0124	7.20124e+07	3	1
83.0283	19	1	14	LastDelay	0.0282548	28254.8	1	1
83.0283	19	1	14	FullDelay	65.0283	6.50283e+07	2	1
83.0356	20	1	14	LastDelay	0.0356042	35604.2	1	1
83.0356	20	1	14	FullDelay	65.0356	6.50356e+07	2	1
83.0356	21	1	14	LastDelay	0.0356042	35604.2	1	1
83.0356	21	1	14	FullDelay	65.0356	6.50356e+07	2	1
83.0461	23	1	14	LastDelay	0.0460726	46072.6	1	1
83.0461	23	1	14	FullDelay	65.0461	6.50461e+07	2	1
84.0201	20	1	15	LastDelay	0.0201327	20132.7	1	1
84.0201	20	1	15	FullDelay	65.0201	6.50201e+07	2	1
84.0398	16	1	16	LastDelay	0.0397986	39798.6	1	1
84.0398	16	1	16	FullDelay	64.0398	6.40398e+07	2	1
85.0099	4	1	16	LastDelay	0.00987455	9874.55	1	1
85.0099	4	1	16	FullDelay	65.0099	6.50099e+07	5	1
86.0081	6	1	14	LastDelay	0.00814837	8148.37	1	1
86.0081	6	1	14	FullDelay	68.0081	6.80081e+07	3	1
86.0136	22	1	1	LastDelay	0.013622	13622	1	1
86.0136	22	1	1	FullDelay	85.0136	8.50136e+07	4	1
86.0136	20	1	1	LastDelay	0.013622	13622	1	1
86.0136	20	1	1	FullDelay	85.0136	8.50136e+07	4	1
86.0213	19	1	1	LastDelay	0.0213476	21347.6	1	1
86.0213	19	1	1	FullDelay	85.0213	8.50213e+07	4	1
86.0213	21	1	1	LastDelay	0.0213476	21347.6	1	1
86.0213	21	1	1	FullDelay	85.0213	8.50213e+07	4	1
87.0102	22	1	17	LastDelay	0.0102073	10207.3	1	1
87.0102	22	1	17	FullDelay	65.0102	6.50102e+07	2	1
87.0102	20	1	17	LastDelay	0.0102073	10207.3	1	1
87.0102	20	1	17	FullDelay	65.0102	6.50102e+07	2	1
87.0337	21	1	17	LastDelay	0.0336551	33655.1	1	1
87.0337	21	1	17	FullDelay	65.0337	6.50337e+07	2	1
87.0337	17	1	17	LastDelay	0.0336552	33655.2	1	1
87.0337	17	1	17	FullDelay	65.0337	6.50337e+07	2	1
87.0337	23	1	17	LastDelay	0.0336552	33655.2	1	1
87.0337	23	1	17	FullDelay	65.0337	6.50337e+07	2	1
88.0068	20	1	18	LastDelay	0.0067934	6793.4	1	1
88.0068	20	1	18	FullDelay	65.0068	6.50068e+07	2	1
88.0188	16	1	17	LastDelay	0.0188407	18840.7	1	1
88.0188	16	1	17	FullDelay	66.0188	6.60188e+07	2	1
88.03	14	1	17	LastDelay	0.0300213	30021.3	1	1
88.03	14	1	17	FullDelay	66.03	6.603e+07	2	1
88.0427	22	1	18	LastDelay	0.0426558	42655.8	1	1
88.0427	22	1	18	FullDelay	65.0427	6.50427e+07	2	1
88.0427	17	1	18	LastDelay	0.0426558	42655.8	1	1
88.0427	17	1	18	FullDelay	65.0427	6.50427e+07	2	1
88.0427	18	1	18	LastDelay	0.0426558	42655.8	1	1
88.0427	18	1	18	FullDelay	65.0427	6.50427e+07	2	1
89.0279	19	1	19	LastDelay	0.0278813	27881.3	1	1
89.0279	19	1	19	FullDelay	65.0279	6.50279e+07	2	1
89.0279	17	1	19	LastDelay	0.0278814	27881.4	1	1
89.0279	17	1	19	FullDelay	65.0279	6.50279e+07	2	1
89.0279	22	1	19	LastDelay	0.0278814	27881.4	1	1
89.0279	22	1	19	FullDelay	65.0279	6.50279e+07	2	1
89.0279	18	1	19	LastDelay	0.0278814	27881.4	1	1
89.0279	18	1	19	FullDelay	65.0279	6.50279e+07	2	1
89.0279	26	1	19	LastDelay	0.0278816	27881.6	1	1
89.0279	26	1	19	FullDelay	65.0279	6.50279e+07	2	1
89.0279	27	1	19	LastDelay	0.0278816	27881.6	1	1
89.0279	27	1	19	FullDelay	65.0279	6.50279e+07	2	1
90.0077	6	1	11	LastDelay	0.00768805	7688.05	1	1
90.0077	6	1	11	FullDelay	75.0077	7.50077e+07	5	1
90.0104	20	1	20	LastDelay	0.0103944	10394.4	1	1
90.0104	20	1	20	FullDelay	65.0104	6.50104e+07	2	1
90.0104	19	1	20	LastDelay	0.0103944	10394.4	1	1
90.0104	19	1	20	FullDelay	65.0104	6.50104e+07	2	1
90.0104	21	1	20	LastDelay	0.0103944	10394.4	1	1
90.0104	21	1	20	FullDelay	65.0104	6.50104e+07	2	1
90.0104	17	1	20	LastDelay	0.0103945	10394.5	1	1
90.0104	17	1	20	FullDelay	65.0104	6.50104e+07	2	1
90.0104	18	1	20	LastDelay	0.0103945	10394.5	1	1
90.0104	18	1	20	FullDelay	65.0104	6.50104e+07	2	1
90.0104	23	1	20	LastDelay	0.0103945	10394.5	1	1
90.0104	23	1	20	FullDelay	65.0104	6.50104e+07	2	1
90.0104	22	1	20	LastDelay	0.0103946	10394.6	1	1
90.0104	22	1	20	FullDelay	65.0104	6.50104e+07	2	1
90.0104	26	1	20	LastDelay	0.0103946	10394.6	1	1
90.0104	26	1	20	FullDelay	65.0104	6.50104e+07	2	1
90.015	11	1	3	LastDelay	0.0149534	14953.4	1	1
90.015	11	1	3	FullDelay	85.015	8.5015e+07	6	1
91.0052	20	1	21	LastDelay	0.00516433	5164.33	1	1
91.0052	20	1	21	FullDelay	65.0052	6.50052e+07	2	1
91.0292	19	1	21	LastDelay	0.0292354	29235.4	1	1
91.0292	19	1	21	FullDelay	65.0292	6.50292e+07	2	1
91.0292	21	1	21	LastDelay	0.0292354	29235.4	1	1
91.0292	21	1	21	FullDelay	65.0292	6.50292e+07	2	1
91.0292	26	1	21	LastDelay	0.0292355	29235.5	1	1
91.0292	26	1	21	FullDelay	65.0292	6.50292e+07	2	1
91.0292	27	1	21	LastDelay	0.0292356	29235.6	1	1
91.0292	27	1	21	FullDelay	65.0292	6.50292e+07	2	1
91.0292	22	1	21	LastDelay	0.0292356	29235.6	1	1
91.0292	22	1	21	FullDelay	65.0292	6.50292e+07	2	1
92.0152	20	1	22	LastDelay	0.0152427	15242.7	1	1
92.0152	20	1	22	FullDelay	65.0152	6.50152e+07	2	1
92.0152	26	1	22	LastDelay	0.0152428	15242.8	1	1
92.0152	26	1	22	FullDelay	65.0152	6.50152e+07	2	1
92.0215	21	1	22	LastDelay	0.0215372	21537.2	1	1
92.0215	21	1	22	FullDelay	65.0215	6.50215e+07	2	1
92.0215	17	1	22	LastDelay	0.0215372	21537.2	1	1
92.0215	17	1	22	FullDelay	65.0215	6.50215e+07	2	1
93.0052	20	1	23	LastDelay	0.00521553	5215.53	1	1
93.0052	20	1	23	FullDelay	65.0052	6.50052e+07	2	1
93.0052	19	1	23	LastDelay	0.00521556	5215.56	1	1
93.0052	19	1	23	FullDelay	65.0052	6.50052e+07	2	1
93.0052	17	1	23	LastDelay	0.00521556	5215.56	1	1
93.0052	17	1	23	FullDelay	65.0052	6.50052e+07	2	1
93.0052	21	1	23	LastDelay	0.00521556	5215.56	1	1
93.0052	21	1	23	FullDelay	65.0052	6.50052e+07	2	1
93.0052	26	1	23	LastDelay	0.0052156	5215.6	1	1
93.0052	26	1	23	FullDelay	65.0052	6.50052e+07	2	1
93.0052	18	1	23	LastDelay	0.0052156	5215.6	1	1
93.0052	18	1	23	FullDelay	65.0052	6.50052e+07	2	1
93.0052	27	1	23	LastDelay	0.00521565	5215.65	1	1
93.0052	27	1	23	FullDelay	65.0052	6.50052e+07	2	1
93.0052	23	1	23	LastDelay	0.00521565	5215.65	1	1
93.0052	23	1	23	FullDelay	65.0052	6.50052e+07	2	1
93.0052	24	1	23	LastDelay	0.00521584	5215.84	1	1
93.0052	24	1	23	FullDelay	65.0052	6.50052e+07	2	1
94.0091	21	1	24	LastDelay	0.0090635	9063.5	1	1
94.0091	21	1	24	FullDelay	65.0091	6.50091e+07	2	1
94.0129	17	1	24	LastDelay	0.012932	12932	1	1
94.0129	17	1	24	FullDelay	65.0129	6.50129e+07	2	1
94.0129	19	1	24	LastDelay	0.012932	12932	1	1
94.0129	19	1	24	FullDelay	65.0129	6.50129e+07	2	1
94.0129	27	1	24	LastDelay	0.012932	12932	1	1
94.0129	27	1	24	FullDelay	65.0129	6.50129e+07	2	1
94.0129	23	1	24	LastDelay	0.0129321	12932.1	1	1
94.0129	23	1	24	FullDelay	65.0129	6.50129e+07	2	1
94.0129	25	1	24	LastDelay	0.0129322	12932.2	1	1
94.0129	25	1	24	FullDelay	65.0129	6.50129e+07	2	1
94.0129	24	1	24	LastDelay	0.0129322	12932.2	1	1
94.0129	24	1	24	FullDelay	65.0129	6.50129e+07	2	1
95.0053	17	1	25	LastDelay	0.0052925	5292.5	1	1
95.0053	17	1	25	FullDelay	65.0053	6.50053e+07	2	1
95.0053	26	1	25	LastDelay	0.00529253	5292.53	1	1
95.0053	26	1	25	FullDelay	65.0053	6.50053e+07	2	1
95.0053	19	1	25	LastDelay	0.00529254	5292.54	1	1
95.0053	19	1	25	FullDelay	65.0053	6.50053e+07	2	1
95.0053	21	1	25	LastDelay	0.00529254	5292.54	1	1
95.0053	21	1	25	FullDelay	65.0053	6.50053e+07	2	1
95.0053	18	1	25	LastDelay	0.00529256	5292.56	1	1
95.0053	18	1	25	FullDelay	65.0053	6.50053e+07	2	1
95.0053	27	1	25	LastDelay	0.00529257	5292.57	1	1
95.0053	27	1	25	FullDelay	65.0053	6.50053e+07	2	1
95.0053	23	1	25	LastDelay	0.0052926	5292.6	1	1
95.0053	23	1	25	FullDelay	65.0053	6.50053e+07	2	1
95.0053	25	1	25	LastDelay	0.00529267	5292.67	1	1
95.0053	25	1	25	FullDelay	65.0053	6.50053e+07	2	1
95.0053	24	1	25	LastDelay	0.0052927	5292.7	1	1
95.0053	24	1	25	FullDelay	65.0053	6.50053e+07	2	1
95.0053	28	1	25	LastDelay	0.00529285	5292.85	1	1
95.0053	28	1	25	FullDelay	65.0053	6.50053e+07	2	1
96.007	17	1	26	LastDelay	0.00701089	7010.89	1	1
96.007	17	1	26	FullDelay	65.007	6.5007e+07	2	1
96.007	20	1	26	LastDelay	0.0070109	7010.9	1	1
96.007	20	1	26	FullDelay	65.007	6.5007e+07	2	1
96.007	26	1	26	LastDelay	0.00701093	7010.93	1	1
96.007	26	1	26	FullDelay	65.007	6.5007e+07	2	1
96.0166	21	1	26	LastDelay	0.0165751	16575.1	1	1
96.0166	21	1	26	FullDelay	65.0166	6.50166e+07	2	1
96.0166	19	1	26	LastDelay	0.0165751	16575.1	1	1
96.0166	19	1	26	FullDelay	65.0166	6.50166e+07	2	1
96.0166	25	1	26	LastDelay	0.0165752	16575.2	1	1
96.0166	25	1	26	FullDelay	65.0166	6.50166e+07	2	1
96.0193	18	1	26	LastDelay	0.0192927	19292.7	1	1
96.0193	18	1	26	FullDelay	65.0193	6.50193e+07	2	1
96.0193	23	1	26	LastDelay	0.0192927	19292.7	1	1
96.0193	23	1	26	FullDelay	65.0193	6.50193e+07	2	1
96.0429	28	1	26	LastDelay	0.0429095	42909.5	1	1
96.0429	28	1	26	FullDelay	65.0429	6.50429e+07	2	1
97.0087	20	1	27	LastDelay	0.00868335	8683.35	1	1
97.0087	20	1	27	FullDelay	65.0087	6.50087e+07	2	1
97.0087	18	1	27	LastDelay	0.00868337	8683.37	1	1
97.0087	18	1	27	FullDelay	65.0087	6.50087e+07	2	1
97.0087	26	1	27	LastDelay	0.00868338	8683.38	1	1
97.0087	26	1	27	FullDelay	65.0087	6.50087e+07	2	1
97.0087	19	1	27	LastDelay	0.00868338	8683.38	1	1
97.0087	19	1	27	FullDelay	65.0087	6.50087e+07	2	1
97.0087	21	1	27	LastDelay	0.00868339	8683.39	1	1
97.0087	21	1	27	FullDelay	65.0087	6.50087e+07	2	1
97.0087	23	1	27	LastDelay	0.00868341	8683.41	1	1
97.0087	23	1	27	FullDelay	65.0087	6.50087e+07	2	1
97.0087	27	1	27	LastDelay	0.00868341	8683.41	1	1
97.0087	27	1	27	FullDelay	65.0087	6.50087e+07	2	1
97.0087	28	1	27	LastDelay	0.00868341	8683.41	1	1
97.0087	28	1	27	FullDelay	65.0087	6.50087e+07	2	1
98.0093	28	1	28	LastDelay	0.00927649	9276.5	1	1
98.0093	28	1	28	FullDelay	65.0093	6.50093e+07	2	1
98.0093	18	1	28	LastDelay	0.0092765	9276.5	1	1
98.0093	18	1	28	FullDelay	65.0093	6.50093e+07	2	1
98.0093	19	1	28	LastDelay	0.00927651	9276.5	1	1
98.0093	19	1	28	FullDelay	65.0093	6.50093e+07	2	1
98.0093	25	1	28	LastDelay	0.00927651	9276.51	1	1
98.0093	25	1	28	FullDelay	65.0093	6.50093e+07	2	1
98.0093	21	1	28	LastDelay	0.00927651	9276.51	1	1
98.0093	21	1	28	FullDelay	65.0093	6.50093e+07	2	1
98.0093	27	1	28	LastDelay	0.00927654	9276.54	1	1
98.0093	27	1	28	FullDelay	65.0093	6.50093e+07	2	1
98.027	20	1	28	LastDelay	0.0269517	26951.7	1	1
98.027	20	1	28	FullDelay	65.027	6.5027e+07	2	1
98.027	26	1	28	LastDelay	0.0269517	26951.7	1	1
98.027	26	1	28	FullDelay	65.027	6.5027e+07	2	1
98.0336	24	1	28	LastDelay	0.0335642	33564.2	1	1
98.0336	24	1	28	FullDelay	65.0336	6.50336e+07	2	1
98.0336	29	1	28	LastDelay	0.0335644	33564.4	1	1
98.0336	29	1	28	FullDelay	65.0336	6.50336e+07	2	1
99.003	14	1	11	LastDelay	0.00297146	2971.46	1	1
99.003	14	1	11	FullDelay	84.003	8.4003e+07	4	1
99.0077	20	1	29	LastDelay	0.00772095	7720.95	1	1
99.0077	20	1	29	FullDelay	65.0077	6.50077e+07	2	1
99.0077	26	1	29	LastDelay	0.00772097	7720.97	1	1
99.0077	26	1	29	FullDelay	65.0077	6.50077e+07	2	1
99.0151	25	1	29	LastDelay	0.0150974	15097.4	1	1
99.0151	25	1	29	FullDelay	65.0151	6.50151e+07	2	1
99.0151	19	1	29	LastDelay	0.0150974	15097.4	1	1
99.0151	19	1	29	FullDelay	65.0151	6.50151e+07	2	1
99.0151	18	1	29	LastDelay	0.0150975	15097.5	1	1
99.0151	18	1	29	FullDelay	65.0151	6.50151e+07	2	1
99.0151	23	1	29	LastDelay	0.0150975	15097.5	1	1
99.0151	23	1	29	FullDelay	65.0151	6.50151e+07	2	1
99.0151	27	1	29	LastDelay	0.0150975	15097.5	1	1
99.0151	27	1	29	FullDelay	65.0151	6.50151e+07	2	1
99.0151	24	1	29	LastDelay	0.0150975	15097.5	1	1
99.0151	24	1	29	FullDelay	65.0151	6.50151e+07	2	1
99.0151	28	1	29	LastDelay	0.0150976	15097.6	1	1
99.0151	28	1	29	FullDelay	65.0151	6.50151e+07	2	1
