Time	Node	AppId	SeqNo	Type	DelayS	DelayUS	RetxCount	HopCount
19.0852	1	0	1	LastDelay	0.00341083	3410.83	1	1
20.0818	1	0	1	LastDelay	0	0	1	0
20.8911	2	0	1	LastDelay	0.00333211	3332.11	1	1
20.9692	3	0	1	LastDelay	0.00331945	3319.45	1	1
21.0851	1	0	1	LastDelay	0.00335859	3358.59	1	1
21.3095	6	0	1	LastDelay	0.00654693	6546.93	1	1
21.7925	0	0	1	LastDelay	0.00640385	6403.85	1	1
21.8878	2	0	1	LastDelay	0	0	1	0
21.9575	7	0	1	LastDelay	0.0064687	6468.7	1	1
21.9659	3	0	1	LastDelay	0	0	1	0
22.0818	1	0	1	LastDelay	0	0	1	0
22.2701	10	0	1	LastDelay	0.00379194	3791.94	1	1
22.3029	6	0	1	LastDelay	0	0	1	0
22.7861	0	0	1	LastDelay	0	0	1	0
22.951	7	0	1	LastDelay	0	0	1	0
23.2663	10	0	1	LastDelay	0	0	1	0
23.7894	0	0	1	LastDelay	0.00333242	3332.42	1	1
23.9692	3	0	1	LastDelay	0.00331937	3319.37	1	1
23.9887	4	0	1	LastDelay	0.00333258	3332.58	1	1
24.0851	1	0	1	LastDelay	0.00330619	3306.19	1	1
24.1224	8	0	1	LastDelay	0.00339735	3397.35	1	1
24.2022	5	0	1	LastDelay	0.33928	339280	1	1
24.2022	11	0	1	LastDelay	0.00720732	7207.32	1	1
24.3063	6	0	1	LastDelay	0.0033194	3319.4	1	1
24.4406	9	0	1	LastDelay	0.00330661	3306.61	1	1
24.6191	13	0	1	LastDelay	0.00330662	3306.62	1	1
24.7861	0	0	1	LastDelay	0	0	1	0
24.863	5	0	1	LastDelay	0	0	1	0
24.8911	2	0	1	LastDelay	0.00330611	3306.11	1	1
24.9544	7	0	1	LastDelay	0.00334521	3345.21	1	1
24.9659	3	0	1	LastDelay	0	0	1	0
24.9854	4	0	1	LastDelay	0	0	1	0
25.0818	1	0	1	LastDelay	0	0	1	0
25.119	8	0	1	LastDelay	0	0	1	0
25.195	11	0	1	LastDelay	0	0	1	0
25.2727	10	0	1	LastDelay	0.0063908	6390.8	1	1
25.3029	6	0	1	LastDelay	0	0	1	0
25.4373	9	0	1	LastDelay	0	0	1	0
25.6158	13	0	1	LastDelay	0	0	1	0
25.8701	14	0	1	LastDelay	0.809946	809946	1	1
25.8878	2	0	1	LastDelay	0	0	1	0
25.951	7	0	1	LastDelay	0	0	1	0
25.9887	4	0	1	LastDelay	0.00330659	3306.59	1	1
26.0601	14	0	1	LastDelay	0	0	1	0
26.0851	1	0	1	LastDelay	0.00331913	3319.13	1	1
26.2663	10	0	1	LastDelay	0	0	1	0
26.9547	7	0	1	LastDelay	0.00368908	3689.08	1	1
26.9692	3	0	1	LastDelay	0.00333272	3332.72	1	1
26.9854	4	0	1	LastDelay	0	0	1	0
27.064	14	0	1	LastDelay	0.00387125	3871.25	1	1
27.0818	1	0	1	LastDelay	0	0	1	0
27.1253	8	0	1	LastDelay	0.00639101	6391.01	1	1
27.1984	11	0	1	LastDelay	0.00331928	3319.28	1	1
27.2728	10	0	1	LastDelay	0.00640397	6403.97	1	1
27.3063	6	0	1	LastDelay	0.00333265	3332.65	1	1
27.3201	12	0	1	LastDelay	0.00330654	3306.54	1	1
27.7925	0	0	1	LastDelay	0.00637768	6377.68	1	1
27.8911	2	0	1	LastDelay	0.00331955	3319.55	1	1
27.951	7	0	1	LastDelay	0	0	1	0
27.9659	3	0	1	LastDelay	0	0	1	0
27.9919	4	0	1	LastDelay	0.00649504	6495.04	1	1
28.0381	15	0	1	LastDelay	0.00649523	6495.23	1	1
28.0601	14	0	1	LastDelay	0	0	1	0
28.0882	1	0	1	LastDelay	0.00640399	6403.98	1	1
28.119	8	0	1	LastDelay	0	0	1	0
28.195	11	0	1	LastDelay	0	0	1	0
28.2663	10	0	1	LastDelay	0	0	1	0
28.3029	6	0	1	LastDelay	0	0	1	0
28.3168	12	0	1	LastDelay	0	0	1	0
28.441	9	0	1	LastDelay	0.00370184	3701.84	1	1
28.6191	13	0	1	LastDelay	0.00335857	3358.57	1	1
28.7861	0	0	1	LastDelay	0	0	1	0
28.8695	5	0	1	LastDelay	0.00652086	6520.86	1	1
28.8878	2	0	1	LastDelay	0	0	1	0
28.9854	4	0	1	LastDelay	0	0	1	0
29.0316	15	0	1	LastDelay	0	0	1	0
29.0638	14	0	1	LastDelay	0.00366275	3662.75	1	1
29.0818	1	0	1	LastDelay	0	0	1	0
29.1112	19	0	1	LastDelay	0.00379321	3793.21	1	1
29.4373	9	0	1	LastDelay	0	0	1	0
29.6158	13	0	1	LastDelay	0	0	1	0
29.863	5	0	1	LastDelay	0	0	1	0
29.9548	7	0	1	LastDelay	0.00381926	3819.26	1	1
29.9692	3	0	1	LastDelay	0.00333205	3332.05	1	1
30.0601	14	0	1	LastDelay	0	0	1	0
30.1074	19	0	1	LastDelay	0	0	1	0
30.7319	23	0	1	LastDelay	0.00330643	3306.43	1	1
30.951	7	0	1	LastDelay	0	0	1	0
30.9659	3	0	1	LastDelay	0	0	1	0
31.7286	23	0	1	LastDelay	0	0	1	0
32.1233	8	0	1	LastDelay	0.00433089	4330.89	1	1
32.3205	12	0	1	LastDelay	0.00370162	3701.62	1	1
32.6191	13	0	1	LastDelay	0.00333273	3332.73	1	1
32.6877	18	0	1	LastDelay	0.584122	584122	1	1
32.9887	4	0	1	LastDelay	0.0033191	3319.1	1	1
33.0349	15	0	1	LastDelay	0.00330613	3306.13	1	1
33.0634	14	0	1	LastDelay	0.00330637	3306.37	1	1
33.0851	1	0	1	LastDelay	0.00330626	3306.26	1	1
33.1036	18	0	1	LastDelay	0	0	1	0
33.1107	19	0	1	LastDelay	0.00330654	3306.54	1	1
33.119	8	0	1	LastDelay	0	0	1	0
33.3168	12	0	1	LastDelay	0	0	1	0
33.6158	13	0	1	LastDelay	0	0	1	0
33.7925	0	0	1	LastDelay	0.0063773	6377.31	1	1
33.8694	5	0	1	LastDelay	0.00645534	6455.34	1	1
33.9854	4	0	1	LastDelay	0	0	1	0
34.0316	15	0	1	LastDelay	0	0	1	0
34.0601	14	0	1	LastDelay	0	0	1	0
34.0818	1	0	1	LastDelay	0	0	1	0
34.1074	19	0	1	LastDelay	0	0	1	0
34.7861	0	0	1	LastDelay	0	0	1	0
34.863	5	0	1	LastDelay	0	0	1	0
37.0353	15	0	1	LastDelay	0.0036628	3662.8	1	1
37.1076	19	0	1	LastDelay	0.000229221	229.221	1	1
37.6191	13	0	1	LastDelay	0.00330617	3306.17	1	1
38.0316	15	0	1	LastDelay	0	0	1	0
38.1074	19	0	1	LastDelay	0	0	1	0
38.1476	16	0	1	LastDelay	0.0033322	3332.2	1	1
38.6158	13	0	1	LastDelay	0	0	1	0
38.6874	20	0	1	LastDelay	0.00331915	3319.15	1	1
38.7894	0	0	1	LastDelay	0.00330612	3306.12	1	1
38.9887	4	0	1	LastDelay	0.00330604	3306.04	1	1
39.0052	22	0	1	LastDelay	0.00330676	3306.76	1	1
39.0211	24	0	1	LastDelay	0.000786155	786.155	1	1
39.0851	1	0	1	LastDelay	0.00331916	3319.16	1	1
39.1069	18	0	1	LastDelay	0.00333232	3332.32	1	1
39.1104	19	0	1	LastDelay	0.00299604	2996.04	1	1
39.1203	8	0	1	LastDelay	0.00136882	1368.82	1	1
39.1442	16	0	1	LastDelay	0	0	1	0
39.3201	12	0	1	LastDelay	0.00330611	3306.11	1	1
39.4406	9	0	1	LastDelay	0.0033323	3332.3	1	1
39.5273	17	0	1	LastDelay	0.00492932	4929.32	1	1
39.6415	27	0	1	LastDelay	0.00816002	8160.02	1	1
39.6841	20	0	1	LastDelay	0	0	1	0
39.7319	23	0	1	LastDelay	0.00330644	3306.44	1	1
39.7861	0	0	1	LastDelay	0	0	1	0
39.8663	5	0	1	LastDelay	0.00334553	3345.53	1	1
39.8663	26	0	1	LastDelay	0.848528	848528	1	1
39.9854	4	0	1	LastDelay	0	0	1	0
40.0019	22	0	1	LastDelay	0	0	1	0
40.0178	26	0	1	LastDelay	0	0	1	0
40.0203	24	0	1	LastDelay	0	0	1	0
40.0818	1	0	1	LastDelay	0	0	1	0
40.1036	18	0	1	LastDelay	0	0	1	0
40.1074	19	0	1	LastDelay	0	0	1	0
40.119	8	0	1	LastDelay	0	0	1	0
40.1475	16	0	1	LastDelay	0.00330611	3306.11	1	1
40.1915	25	0	1	LastDelay	0.00383183	3831.83	1	1
40.3168	12	0	1	LastDelay	0	0	1	0
40.4373	9	0	1	LastDelay	0	0	1	0
40.5224	17	0	1	LastDelay	0	0	1	0
40.6067	29	0	1	LastDelay	0.0033977	3397.7	1	1
40.6334	27	0	1	LastDelay	0	0	1	0
40.7286	23	0	1	LastDelay	0	0	1	0
40.863	5	0	1	LastDelay	0	0	1	0
40.9887	4	0	1	LastDelay	0.00330602	3306.02	1	1
41.0052	22	0	1	LastDelay	0.00330656	3306.56	1	1
41.0211	24	0	1	LastDelay	0.000785965	785.965	1	1
41.0211	26	0	1	LastDelay	0.00333277	3332.77	1	1
41.1248	8	0	1	LastDelay	0.00586811	5868.11	1	1
41.1442	16	0	1	LastDelay	0	0	1	0
41.1877	25	0	1	LastDelay	0	0	1	0
41.4406	9	0	1	LastDelay	0.00331907	3319.07	1	1
41.4711	21	0	1	LastDelay	0.00368864	3688.64	1	1
41.5285	17	0	1	LastDelay	0.00607499	6074.99	1	1
41.6033	29	0	1	LastDelay	0	0	1	0
41.6389	27	0	1	LastDelay	0.00555045	5550.44	1	1
41.7319	23	0	1	LastDelay	0.00330624	3306.24	1	1
41.7894	0	0	1	LastDelay	0.00334505	3345.05	1	1
41.8663	5	0	1	LastDelay	0.00330642	3306.42	1	1
41.9854	4	0	1	LastDelay	0	0	1	0
42.0019	22	0	1	LastDelay	0	0	1	0
42.0178	26	0	1	LastDelay	0	0	1	0
42.0203	24	0	1	LastDelay	0	0	1	0
42.0851	1	0	1	LastDelay	0.00331941	3319.41	1	1
42.1043	18	0	1	LastDelay	0.000719139	719.139	1	1
42.119	8	0	1	LastDelay	0	0	1	0
42.1971	25	0	1	LastDelay	0.00944883	9448.83	1	1
42.3232	12	0	1	LastDelay	0.00639031	6390.31	1	1
42.4373	9	0	1	LastDelay	0	0	1	0
42.4674	21	0	1	LastDelay	0	0	1	0
42.5224	17	0	1	LastDelay	0	0	1	0
42.6067	29	0	1	LastDelay	0.00333268	3332.68	1	1
42.6191	13	0	1	LastDelay	0.00330611	3306.11	1	1
42.6334	27	0	1	LastDelay	0	0	1	0
42.6874	20	0	1	LastDelay	0.00331912	3319.12	1	1
42.7286	23	0	1	LastDelay	0	0	1	0
42.7861	0	0	1	LastDelay	0	0	1	0
42.863	5	0	1	LastDelay	0	0	1	0
42.9922	4	0	1	LastDelay	0.00675921	6759.21	1	1
43.0024	22	0	1	LastDelay	0.000511629	511.629	1	1
43.0204	24	0	1	LastDelay	6.6265e-05	66.265	1	1
43.0474	26	0	1	LastDelay	0.0296489	29648.9	1	1
43.0818	1	0	1	LastDelay	0	0	1	0
43.1036	18	0	1	LastDelay	0	0	1	0
43.1223	8	0	1	LastDelay	0.00331954	3319.54	1	1
43.1877	25	0	1	LastDelay	0	0	1	0
43.3168	12	0	1	LastDelay	0	0	1	0
43.4406	30	0	1	LastDelay	0.490092	490092	1	1
43.4707	21	0	1	LastDelay	0.00330625	3306.25	1	1
43.5171	28	0	1	LastDelay	0.0033063	3306.3	1	1
43.5233	17	0	1	LastDelay	0.000879718	879.718	1	1
43.6033	29	0	1	LastDelay	0	0	1	0
43.6158	13	0	1	LastDelay	0	0	1	0
43.6841	20	0	1	LastDelay	0	0	1	0
43.7319	23	0	1	LastDelay	0.00330608	3306.08	1	1
43.9505	30	0	1	LastDelay	0	0	1	0
43.9854	4	0	1	LastDelay	0	0	1	0
44.0019	22	0	1	LastDelay	0	0	1	0
44.0178	26	0	1	LastDelay	0	0	1	0
44.0203	24	0	1	LastDelay	0	0	1	0
44.119	8	0	1	LastDelay	0	0	1	0
44.3201	12	0	1	LastDelay	0.0033062	3306.2	1	1
44.4674	21	0	1	LastDelay	0	0	1	0
44.5138	28	0	1	LastDelay	0	0	1	0
44.5224	17	0	1	LastDelay	0	0	1	0
44.7286	23	0	1	LastDelay	0	0	1	0
44.7894	0	0	1	LastDelay	0.0033061	3306.1	1	1
44.9929	4	0	1	LastDelay	0.00751874	7518.74	1	1
45.0279	24	0	1	LastDelay	0.00760101	7601.01	1	1
45.3168	12	0	1	LastDelay	0	0	1	0
45.5295	17	0	1	LastDelay	0.00706495	7064.95	1	1
45.6184	13	0	1	LastDelay	0.00260001	2600.01	1	1
45.6375	27	0	1	LastDelay	0.0041637	4163.7	1	1
45.6874	20	0	1	LastDelay	0.00331902	3319.02	1	1
45.7319	23	0	1	LastDelay	0.00331916	3319.16	1	1
45.7861	0	0	1	LastDelay	0	0	1	0
45.9854	4	0	1	LastDelay	0	0	1	0
46.0046	22	0	1	LastDelay	0.00265267	2652.67	1	1
46.0203	24	0	1	LastDelay	0	0	1	0
46.0237	26	0	1	LastDelay	0.00590324	5903.24	1	1
46.106	18	0	1	LastDelay	0.00237021	2370.21	1	1
46.1511	16	0	1	LastDelay	0.00684651	6846.51	1	1
46.191	25	0	1	LastDelay	0.00330621	3306.21	1	1
46.5224	17	0	1	LastDelay	0	0	1	0
46.6066	29	0	1	LastDelay	0.0033064	3306.4	1	1
46.6158	13	0	1	LastDelay	0	0	1	0
46.6334	27	0	1	LastDelay	0	0	1	0
46.6841	20	0	1	LastDelay	0	0	1	0
46.7286	23	0	1	LastDelay	0	0	1	0
46.789	0	0	1	LastDelay	0.00291741	2917.41	1	1
46.8162	33	0	1	LastDelay	0.375679	375679	1	1
46.8697	37	0	1	LastDelay	0.143817	143817	1	1
46.9895	4	0	1	LastDelay	0.00410422	4104.22	1	1
47.0019	22	0	1	LastDelay	0	0	1	0
47.0178	26	0	1	LastDelay	0	0	1	0
47.0238	24	0	1	LastDelay	0.00351633	3516.33	1	1
47.0851	1	0	1	LastDelay	0.00330632	3306.32	1	1
47.1036	18	0	1	LastDelay	0	0	1	0
47.1442	16	0	1	LastDelay	0	0	1	0
47.1877	25	0	1	LastDelay	0	0	1	0
47.4405	33	0	1	LastDelay	0	0	1	0
47.4707	21	0	1	LastDelay	0.00331973	3319.73	1	1
47.525	17	0	1	LastDelay	0.00263418	2634.18	1	1
47.6033	29	0	1	LastDelay	0	0	1	0
47.6366	27	0	1	LastDelay	0.00321864	3218.64	1	1
47.7259	37	0	1	LastDelay	0	0	1	0
47.7804	36	0	1	LastDelay	0.00637769	6377.69	1	1
47.7861	0	0	1	LastDelay	0	0	1	0
47.8663	5	0	1	LastDelay	0.00330625	3306.25	1	1
47.8766	35	0	1	LastDelay	0.899806	899806	1	1
47.9538	30	0	1	LastDelay	0.00330666	3306.66	1	1
47.9767	35	0	1	LastDelay	0	0	1	0
47.985	31	0	1	LastDelay	0.00330639	3306.39	1	1
47.9854	4	0	1	LastDelay	0	0	1	0
47.9993	34	0	1	LastDelay	0.280239	280239	1	1
48.0065	22	0	1	LastDelay	0.0045546	4554.6	1	1
48.0203	24	0	1	LastDelay	0	0	1	0
48.0244	26	0	1	LastDelay	0.00660979	6609.79	1	1
48.0818	1	0	1	LastDelay	0	0	1	0
48.1214	8	0	1	LastDelay	0.0024538	2453.8	1	1
48.1477	16	0	1	LastDelay	0.00347245	3472.45	1	1
48.191	25	0	1	LastDelay	0.0033061	3306.1	1	1
48.3191	12	0	1	LastDelay	0.00233086	2330.86	1	1
48.4436	33	0	1	LastDelay	0.00309407	3094.07	1	1
48.4674	21	0	1	LastDelay	0	0	1	0
48.5224	17	0	1	LastDelay	0	0	1	0
48.6066	29	0	1	LastDelay	0.00330628	3306.28	1	1
48.6169	13	0	1	LastDelay	0.00116301	1163.01	1	1
48.6334	27	0	1	LastDelay	0	0	1	0
48.719	34	0	1	LastDelay	0	0	1	0
48.73	23	0	1	LastDelay	0.00143176	1431.76	1	1
48.774	36	0	1	LastDelay	0	0	1	0
48.7894	0	0	1	LastDelay	0.0033191	3319.1	1	1
48.863	5	0	1	LastDelay	0	0	1	0
48.9505	30	0	1	LastDelay	0	0	1	0
48.9817	31	0	1	LastDelay	0	0	1	0
48.9831	35	0	1	LastDelay	0.00637768	6377.68	1	1
48.9862	4	0	1	LastDelay	0.000808658	808.658	1	1
49.0019	22	0	1	LastDelay	0	0	1	0
49.0178	26	0	1	LastDelay	0	0	1	0
49.0284	24	0	1	LastDelay	0.00802102	8021.02	1	1
49.1091	18	0	1	LastDelay	0.00545449	5454.49	1	1
49.119	8	0	1	LastDelay	0	0	1	0
49.1442	16	0	1	LastDelay	0	0	1	0
49.1877	25	0	1	LastDelay	0	0	1	0
49.29	32	0	1	LastDelay	0.00330625	3306.25	1	1
49.3168	12	0	1	LastDelay	0	0	1	0
49.4405	33	0	1	LastDelay	0	0	1	0
49.441	9	0	1	LastDelay	0.00368869	3688.69	1	1
49.5171	28	0	1	LastDelay	0.00330642	3306.42	1	1
49.524	17	0	1	LastDelay	0.00157998	1579.98	1	1
49.6033	29	0	1	LastDelay	0	0	1	0
49.6158	13	0	1	LastDelay	0	0	1	0
49.6367	27	0	1	LastDelay	0.00331921	3319.21	1	1
49.7255	34	0	1	LastDelay	0.00642994	6429.94	1	1
49.7286	23	0	1	LastDelay	0	0	1	0
49.7292	37	0	1	LastDelay	0.00331939	3319.39	1	1
49.7861	0	0	1	LastDelay	0	0	1	0
49.8663	5	0	1	LastDelay	0.00330681	3306.81	1	1
49.9749	39	0	1	LastDelay	0.555302	555302	1	1
49.9767	35	0	1	LastDelay	0	0	1	0
49.9854	4	0	1	LastDelay	0	0	1	0
50.0094	22	0	1	LastDelay	0.00750494	7504.94	1	1
50.0202	26	0	1	LastDelay	0.00241005	2410.05	1	1
50.0203	24	0	1	LastDelay	0	0	1	0
50.0851	1	0	1	LastDelay	0.00331952	3319.52	1	1
50.1036	18	0	1	LastDelay	0	0	1	0
50.1463	16	0	1	LastDelay	0.00202843	2028.43	1	1
50.191	25	0	1	LastDelay	0.0033061	3306.1	1	1
50.2867	32	0	1	LastDelay	0	0	1	0
50.4196	39	0	1	LastDelay	0	0	1	0
50.4373	9	0	1	LastDelay	0	0	1	0
50.4695	21	0	1	LastDelay	0.00211853	2118.53	1	1
50.5138	28	0	1	LastDelay	0	0	1	0
50.5224	17	0	1	LastDelay	0	0	1	0
50.6066	29	0	1	LastDelay	0.00330607	3306.07	1	1
50.6176	13	0	1	LastDelay	0.00183723	1837.23	1	1
50.6334	27	0	1	LastDelay	0	0	1	0
50.6874	20	0	1	LastDelay	0.00330614	3306.14	1	1
50.719	34	0	1	LastDelay	0	0	1	0
50.7259	37	0	1	LastDelay	0	0	1	0
50.7319	23	0	1	LastDelay	0.00330608	3306.08	1	1
50.7773	36	0	1	LastDelay	0.00330631	3306.31	1	1
50.7872	0	0	1	LastDelay	0.00114917	1149.17	1	1
50.863	5	0	1	LastDelay	0	0	1	0
50.9764	41	0	1	LastDelay	0.938956	938956	1	1
50.9829	31	0	1	LastDelay	0.00111009	1110.09	1	1
50.9829	35	0	1	LastDelay	0.0061045	6104.5	1	1
50.9896	4	0	1	LastDelay	0.0042434	4243.4	1	1
51.0019	22	0	1	LastDelay	0	0	1	0
51.0178	26	0	1	LastDelay	0	0	1	0
51.0263	24	0	1	LastDelay	0.00600135	6001.35	1	1
51.0374	41	0	1	LastDelay	0	0	1	0
51.0818	1	0	1	LastDelay	0	0	1	0
51.1195	8	0	1	LastDelay	0.000592093	592.093	1	1
51.1442	16	0	1	LastDelay	0	0	1	0
51.1877	25	0	1	LastDelay	0	0	1	0
51.29	32	0	1	LastDelay	0.00330617	3306.17	1	1
51.3202	12	0	1	LastDelay	0.00344077	3440.77	1	1
51.4409	33	0	1	LastDelay	0.000391773	391.773	1	1
51.4674	21	0	1	LastDelay	0	0	1	0
51.5171	28	0	1	LastDelay	0.00330651	3306.51	1	1
51.5233	17	0	1	LastDelay	0.000866939	866.939	1	1
51.6033	29	0	1	LastDelay	0	0	1	0
51.6158	13	0	1	LastDelay	0	0	1	0
51.6367	27	0	1	LastDelay	0.00330654	3306.54	1	1
51.6841	20	0	1	LastDelay	0	0	1	0
51.7254	34	0	1	LastDelay	0.00637758	6377.58	1	1
51.7285	37	0	1	LastDelay	0.00256133	2561.32	1	1
51.7286	23	0	1	LastDelay	0	0	1	0
51.774	36	0	1	LastDelay	0	0	1	0
51.7861	0	0	1	LastDelay	0	0	1	0
51.8663	5	0	1	LastDelay	0.0033063	3306.3	1	1
51.9767	35	0	1	LastDelay	0	0	1	0
51.9817	31	0	1	LastDelay	0	0	1	0
51.9854	4	0	1	LastDelay	0	0	1	0
52.0193	26	0	1	LastDelay	0.00146726	1467.26	1	1
52.0203	24	0	1	LastDelay	0	0	1	0
52.0396	41	0	1	LastDelay	0.00215985	2159.85	1	1
52.0851	1	0	1	LastDelay	0.00335881	3358.81	1	1
52.119	8	0	1	LastDelay	0	0	1	0
52.1475	16	0	1	LastDelay	0.0033061	3306.1	1	1
52.2397	40	0	1	LastDelay	0.00330671	3306.71	1	1
52.2867	32	0	1	LastDelay	0	0	1	0
52.3168	12	0	1	LastDelay	0	0	1	0
52.3393	44	0	1	LastDelay	0.00350146	3501.46	1	1
52.423	39	0	1	LastDelay	0.00342363	3423.63	1	1
52.4405	33	0	1	LastDelay	0	0	1	0
52.444	9	0	1	LastDelay	0.00673389	6733.89	1	1
52.5138	28	0	1	LastDelay	0	0	1	0
52.5224	17	0	1	LastDelay	0	0	1	0
52.6176	13	0	1	LastDelay	0.00179709	1797.09	1	1
52.6334	27	0	1	LastDelay	0	0	1	0
52.661	38	0	1	LastDelay	0.00330603	3306.03	1	1
52.719	34	0	1	LastDelay	0	0	1	0
52.7259	37	0	1	LastDelay	0	0	1	0
52.7319	23	0	1	LastDelay	0.00330608	3306.08	1	1
52.7664	45	0	1	LastDelay	0.00334549	3345.49	1	1
52.7773	36	0	1	LastDelay	0.00330644	3306.44	1	1
52.7986	0	0	1	LastDelay	0.012527	12527	1	1
52.863	5	0	1	LastDelay	0	0	1	0
52.9538	30	0	1	LastDelay	0.00330611	3306.11	1	1
52.9781	35	0	1	LastDelay	0.00138711	1387.11	1	1
52.9851	31	0	1	LastDelay	0.0033278	3327.8	1	1
52.992	4	0	1	LastDelay	0.00655035	6550.35	1	1
53.0065	22	0	1	LastDelay	0.00457673	4576.73	1	1
53.0178	26	0	1	LastDelay	0	0	1	0
53.0279	24	0	1	LastDelay	0.00755941	7559.41	1	1
53.0374	41	0	1	LastDelay	0	0	1	0
53.0818	1	0	1	LastDelay	0	0	1	0
53.1073	18	0	1	LastDelay	0.00366282	3662.82	1	1
53.1442	16	0	1	LastDelay	0	0	1	0
53.191	25	0	1	LastDelay	0.00330617	3306.17	1	1
53.2364	40	0	1	LastDelay	0	0	1	0
53.29	32	0	1	LastDelay	0.00330602	3306.02	1	1
53.3358	44	0	1	LastDelay	0	0	1	0
53.4196	39	0	1	LastDelay	0	0	1	0
53.4373	9	0	1	LastDelay	0	0	1	0
53.4699	21	0	1	LastDelay	0.00247567	2475.67	1	1
53.5267	17	0	1	LastDelay	0.00428191	4281.91	1	1
53.6158	13	0	1	LastDelay	0	0	1	0
53.635	27	0	1	LastDelay	0.00162774	1627.74	1	1
53.6577	38	0	1	LastDelay	0	0	1	0
53.6874	20	0	1	LastDelay	0.00330605	3306.05	1	1
53.7223	34	0	1	LastDelay	0.00330615	3306.15	1	1
53.7286	23	0	1	LastDelay	0	0	1	0
53.7295	37	0	1	LastDelay	0.00363005	3630.05	1	1
53.7631	45	0	1	LastDelay	0	0	1	0
53.774	36	0	1	LastDelay	0	0	1	0
53.7861	0	0	1	LastDelay	0	0	1	0
53.9505	30	0	1	LastDelay	0	0	1	0
53.9767	35	0	1	LastDelay	0	0	1	0
53.9817	31	0	1	LastDelay	0	0	1	0
53.9854	4	0	1	LastDelay	0	0	1	0
54.0019	22	0	1	LastDelay	0	0	1	0
54.0203	24	0	1	LastDelay	0	0	1	0
54.0406	41	0	1	LastDelay	0.00321369	3213.69	1	1
54.0854	1	0	1	LastDelay	0.00366253	3662.53	1	1
54.1036	18	0	1	LastDelay	0	0	1	0
54.1449	16	0	1	LastDelay	0.000616397	616.397	1	1
54.1877	25	0	1	LastDelay	0	0	1	0
54.2867	32	0	1	LastDelay	0	0	1	0
54.3386	44	0	1	LastDelay	0.00287916	2879.16	1	1
54.4406	9	0	1	LastDelay	0.00330618	3306.18	1	1
54.4674	21	0	1	LastDelay	0	0	1	0
54.5224	17	0	1	LastDelay	0	0	1	0
54.6334	27	0	1	LastDelay	0	0	1	0
54.6841	20	0	1	LastDelay	0	0	1	0
54.719	34	0	1	LastDelay	0	0	1	0
54.7259	37	0	1	LastDelay	0	0	1	0
54.7667	45	0	1	LastDelay	0.00358618	3586.18	1	1
54.7773	36	0	1	LastDelay	0.0033062	3306.2	1	1
54.7815	49	0	1	LastDelay	0.579846	579846	1	1
54.8663	5	0	1	LastDelay	0.00331908	3319.08	1	1
54.922	53	0	1	LastDelay	0.00405828	4058.28	1	1
54.9929	31	0	1	LastDelay	0.0111689	11168.9	1	1
54.9929	4	0	1	LastDelay	0.00751048	7510.48	1	1
55.0056	22	0	1	LastDelay	0.00369583	3695.83	1	1
55.0285	24	0	1	LastDelay	0.00820995	8209.95	1	1
55.0374	41	0	1	LastDelay	0	0	1	0
55.0722	109	0	1	LastDelay	0.00858244	8582.44	1	1
55.0818	1	0	1	LastDelay	0	0	1	0
55.1112	26	0	1	LastDelay	0.0934372	93437.2	1	1
55.1442	16	0	1	LastDelay	0	0	1	0
55.2017	49	0	1	LastDelay	0	0	1	0
55.2801	46	0	1	LastDelay	0.00331971	3319.71	1	1
55.3358	44	0	1	LastDelay	0	0	1	0
55.4373	9	0	1	LastDelay	0	0	1	0
55.4456	33	0	1	LastDelay	0.00509166	5091.66	1	1
55.5361	17	0	1	LastDelay	0.0136713	13671.3	1	1
55.6245	13	0	1	LastDelay	0.00871981	8719.81	1	1
55.6397	58	0	1	LastDelay	0.00266446	2664.46	1	1
55.6874	20	0	1	LastDelay	0.00330621	3306.21	1	1
55.7329	37	0	1	LastDelay	0.00700502	7005.02	1	1
55.736	23	0	1	LastDelay	0.00738521	7385.21	1	1
55.7401	70	0	1	LastDelay	0.08848	88480	1	1
55.7631	45	0	1	LastDelay	0	0	1	0
55.774	36	0	1	LastDelay	0	0	1	0
55.863	5	0	1	LastDelay	0	0	1	0
55.889	2	0	1	LastDelay	0.00118285	1182.85	1	1
55.918	53	0	1	LastDelay	0	0	1	0
55.9817	31	0	1	LastDelay	0	0	1	0
55.9854	4	0	1	LastDelay	0	0	1	0
56.0019	22	0	1	LastDelay	0	0	1	0
56.0178	26	0	1	LastDelay	0	0	1	0
56.0203	24	0	1	LastDelay	0	0	1	0
56.0407	41	0	1	LastDelay	0.00330647	3306.47	1	1
56.0636	109	0	1	LastDelay	0	0	1	0
56.0851	1	0	1	LastDelay	0.00333262	3332.62	1	1
56.1069	18	0	1	LastDelay	0.00331955	3319.55	1	1
56.1482	16	0	1	LastDelay	0.00400571	4005.71	1	1
56.191	25	0	1	LastDelay	0.00333205	3332.05	1	1
56.2767	46	0	1	LastDelay	0	0	1	0
56.3063	6	0	1	LastDelay	0.00330604	3306.04	1	1
56.3495	42	0	1	LastDelay	0.00334532	3345.32	1	1
56.4072	92	0	1	LastDelay	0.003306	3306	1	1
56.4229	75	0	1	LastDelay	0.00495837	4958.37	1	1
56.4405	33	0	1	LastDelay	0	0	1	0
56.4468	79	0	1	LastDelay	0.00685349	6853.49	1	1
56.4707	21	0	1	LastDelay	0.00330605	3306.05	1	1
56.5224	17	0	1	LastDelay	0	0	1	0
56.5542	83	0	1	LastDelay	0.003306	3306	1	1
56.5723	104	0	1	LastDelay	0.00595617	5956.17	1	1
56.6158	13	0	1	LastDelay	0	0	1	0
56.6367	87	0	1	LastDelay	0.003332	3332	1	1
56.637	58	0	1	LastDelay	0	0	1	0
56.6516	70	0	1	LastDelay	0	0	1	0
56.6841	20	0	1	LastDelay	0	0	1	0
56.7259	37	0	1	LastDelay	0	0	1	0
56.7286	23	0	1	LastDelay	0	0	1	0
56.7867	0	0	1	LastDelay	0.000584665	584.665	1	1
56.8663	5	0	1	LastDelay	0.00330615	3306.15	1	1
56.8878	2	0	1	LastDelay	0	0	1	0
56.9869	4	0	1	LastDelay	0.00149463	1494.63	1	1
56.9869	31	0	1	LastDelay	0.00515314	5153.14	1	1
57.0261	24	0	1	LastDelay	0.00573111	5731.11	1	1
57.0374	41	0	1	LastDelay	0	0	1	0
57.0634	14	0	1	LastDelay	0.00330605	3306.05	1	1
57.0634	62	0	1	LastDelay	0.000891381	891.381	1	1
57.0702	109	0	1	LastDelay	0.00656679	6566.79	1	1
57.0818	1	0	1	LastDelay	0	0	1	0
57.1036	18	0	1	LastDelay	0	0	1	0
57.1095	19	0	1	LastDelay	0.00208224	2082.24	1	1
57.1442	16	0	1	LastDelay	0	0	1	0
57.1877	25	0	1	LastDelay	0	0	1	0
57.2697	10	0	1	LastDelay	0.00331911	3319.11	1	1
57.2959	50	0	1	LastDelay	0.00331906	3319.06	1	1
57.3029	6	0	1	LastDelay	0	0	1	0
57.3462	42	0	1	LastDelay	0	0	1	0
57.4039	92	0	1	LastDelay	0	0	1	0
57.4179	75	0	1	LastDelay	0	0	1	0
57.44	79	0	1	LastDelay	0	0	1	0
57.4421	33	0	1	LastDelay	0.00156912	1569.12	1	1
57.4674	21	0	1	LastDelay	0	0	1	0
57.5509	83	0	1	LastDelay	0	0	1	0
57.5663	104	0	1	LastDelay	0	0	1	0
57.6334	87	0	1	LastDelay	0	0	1	0
57.655	70	0	1	LastDelay	0.00335534	3355.34	1	1
57.7001	43	0	1	LastDelay	0.523292	523292	1	1
57.7288	23	0	1	LastDelay	0.000213118	213.118	1	1
57.7288	37	0	1	LastDelay	0.00290415	2904.15	1	1
57.7774	36	0	1	LastDelay	0.00331922	3319.22	1	1
57.7774	45	0	1	LastDelay	0.0142686	14268.6	1	1
57.7861	0	0	1	LastDelay	0	0	1	0
57.863	5	0	1	LastDelay	0	0	1	0
57.8856	100	0	1	LastDelay	0.00333211	3332.11	1	1
57.889	2	0	1	LastDelay	0.0011957	1195.7	1	1
57.928	53	0	1	LastDelay	0.00999384	9993.84	1	1
57.9801	35	0	1	LastDelay	0.00330644	3306.44	1	1
57.9817	31	0	1	LastDelay	0	0	1	0
57.9854	4	0	1	LastDelay	0	0	1	0
58.0203	24	0	1	LastDelay	0	0	1	0
58.0601	14	0	1	LastDelay	0	0	1	0
58.0625	62	0	1	LastDelay	0	0	1	0
58.0636	109	0	1	LastDelay	0	0	1	0
58.1074	19	0	1	LastDelay	0	0	1	0
58.1642	96	0	1	LastDelay	0.00330611	3306.11	1	1
58.1768	43	0	1	LastDelay	0	0	1	0
58.2397	40	0	1	LastDelay	0.00330617	3306.17	1	1
58.2663	10	0	1	LastDelay	0	0	1	0
58.2926	50	0	1	LastDelay	0	0	1	0
58.3382	44	0	1	LastDelay	0.00247045	2470.45	1	1
58.4104	92	0	1	LastDelay	0.006536	6536	1	1
58.4405	33	0	1	LastDelay	0	0	1	0
58.5175	28	0	1	LastDelay	0.0036891	3689.11	1	1
58.524	17	0	1	LastDelay	0.00159306	1593.06	1	1
58.5678	104	0	1	LastDelay	0.00146709	1467.09	1	1
58.6367	27	0	1	LastDelay	0.00330605	3306.05	1	1
58.6367	87	0	1	LastDelay	0.003332	3332	1	1
58.647	58	0	1	LastDelay	0.00994839	9948.39	1	1
58.6516	70	0	1	LastDelay	0	0	1	0
58.6596	38	0	1	LastDelay	0.00190128	1901.28	1	1
58.686	20	0	1	LastDelay	0.00194994	1949.94	1	1
58.7259	37	0	1	LastDelay	0	0	1	0
58.7286	23	0	1	LastDelay	0	0	1	0
58.7631	45	0	1	LastDelay	0	0	1	0
58.774	36	0	1	LastDelay	0	0	1	0
58.8822	100	0	1	LastDelay	0	0	1	0
58.8878	2	0	1	LastDelay	0	0	1	0
58.918	53	0	1	LastDelay	0	0	1	0
58.9767	35	0	1	LastDelay	0	0	1	0
58.9857	4	0	1	LastDelay	0.000346792	346.792	1	1
59.0638	109	0	1	LastDelay	0.000197752	197.752	1	1
59.0851	62	0	1	LastDelay	0.0225929	22592.9	1	1
59.1107	19	0	1	LastDelay	0.00330611	3306.11	1	1
59.1463	16	0	1	LastDelay	0.0020546	2054.6	1	1
59.1609	96	0	1	LastDelay	0	0	1	0
59.1935	25	0	1	LastDelay	0.00579732	5797.32	1	1
59.2045	49	0	1	LastDelay	0.00287075	2870.75	1	1
59.2364	40	0	1	LastDelay	0	0	1	0
59.27	10	0	1	LastDelay	0.00364917	3649.17	1	1
59.3192	12	0	1	LastDelay	0.00243411	2434.11	1	1
59.3358	44	0	1	LastDelay	0	0	1	0
59.3496	42	0	1	LastDelay	0.00344424	3444.24	1	1
59.4039	92	0	1	LastDelay	0	0	1	0
59.4433	79	0	1	LastDelay	0.00335811	3358.11	1	1
59.4465	33	0	1	LastDelay	0.00599731	5997.31	1	1
59.4707	21	0	1	LastDelay	0.00330634	3306.34	1	1
59.5138	28	0	1	LastDelay	0	0	1	0
59.5224	17	0	1	LastDelay	0	0	1	0
59.5542	83	0	1	LastDelay	0.0033067	3306.7	1	1
59.5663	104	0	1	LastDelay	0	0	1	0
59.6334	87	0	1	LastDelay	0	0	1	0
59.6334	27	0	1	LastDelay	0	0	1	0
59.637	58	0	1	LastDelay	0	0	1	0
59.6577	38	0	1	LastDelay	0	0	1	0
59.6841	20	0	1	LastDelay	0	0	1	0
59.7265	37	0	1	LastDelay	0.000545273	545.273	1	1
59.7295	23	0	1	LastDelay	0.000938477	938.477	1	1
59.7341	66	0	1	LastDelay	0.00376915	3769.15	1	1
59.7694	45	0	1	LastDelay	0.00634457	6344.57	1	1
59.7694	48	0	1	LastDelay	0.00946174	9461.74	1	1
59.7872	36	0	1	LastDelay	0.0132053	13205.3	1	1
59.7872	0	0	1	LastDelay	0.00114908	1149.08	1	1
59.8891	2	0	1	LastDelay	0.0013263	1326.3	1	1
59.9835	31	0	1	LastDelay	0.00175273	1752.73	1	1
59.9854	4	0	1	LastDelay	0	0	1	0
60.0161	52	0	1	LastDelay	0.255666	255666	1	1
60.023	24	0	1	LastDelay	0.00267298	2672.98	1	1
60.0432	41	0	1	LastDelay	0.00580257	5802.57	1	1
60.0625	62	0	1	LastDelay	0	0	1	0
60.0636	109	0	1	LastDelay	0	0	1	0
60.1074	19	0	1	LastDelay	0	0	1	0
60.1223	8	0	1	LastDelay	0.00331916	3319.16	1	1
60.1442	16	0	1	LastDelay	0	0	1	0
60.1877	25	0	1	LastDelay	0	0	1	0
60.2017	49	0	1	LastDelay	0	0	1	0
60.2663	10	0	1	LastDelay	0	0	1	0
60.2831	46	0	1	LastDelay	0.00637762	6377.62	1	1
60.29	32	0	1	LastDelay	0.00328396	3283.96	1	1
60.3063	6	0	1	LastDelay	0.00331904	3319.04	1	1
60.3168	12	0	1	LastDelay	0	0	1	0
60.3421	44	0	1	LastDelay	0.0063904	6390.4	1	1
60.3462	42	0	1	LastDelay	0	0	1	0
60.426	39	0	1	LastDelay	0.00637785	6377.85	1	1
60.44	79	0	1	LastDelay	0	0	1	0
60.4405	33	0	1	LastDelay	0	0	1	0
60.4674	21	0	1	LastDelay	0	0	1	0
60.5171	28	0	1	LastDelay	0.00330605	3306.05	1	1
60.5509	83	0	1	LastDelay	0	0	1	0
60.5708	75	0	1	LastDelay	0.152869	152869	1	1
60.6354	27	0	1	LastDelay	0.00202258	2022.58	1	1
60.6523	70	0	1	LastDelay	0.000695866	695.866	1	1
60.6625	38	0	1	LastDelay	0.00473316	4733.16	1	1
60.6861	20	0	1	LastDelay	0.00200165	2001.65	1	1
60.7259	37	0	1	LastDelay	0	0	1	0
60.7286	23	0	1	LastDelay	0	0	1	0
60.7303	66	0	1	LastDelay	0	0	1	0
60.76	48	0	1	LastDelay	0	0	1	0
60.7605	52	0	1	LastDelay	0	0	1	0
60.7631	45	0	1	LastDelay	0	0	1	0
60.774	36	0	1	LastDelay	0	0	1	0
60.7861	0	0	1	LastDelay	0	0	1	0
60.8878	2	0	1	LastDelay	0	0	1	0
60.9817	31	0	1	LastDelay	0	0	1	0
60.9937	4	0	1	LastDelay	0.00831	8310	1	1
61.0203	24	0	1	LastDelay	0	0	1	0
61.0374	41	0	1	LastDelay	0	0	1	0
61.0687	109	0	1	LastDelay	0.00510442	5104.42	1	1
61.0687	62	0	1	LastDelay	0.00615421	6154.21	1	1
61.1107	19	0	1	LastDelay	0.00330614	3306.14	1	1
61.119	8	0	1	LastDelay	0	0	1	0
61.1475	16	0	1	LastDelay	0.0033061	3306.1	1	1
61.1642	96	0	1	LastDelay	0.003306	3306	1	1
61.2081	49	0	1	LastDelay	0.0064443	6444.3	1	1
61.2701	10	0	1	LastDelay	0.00378222	3782.22	1	1
61.2767	46	0	1	LastDelay	0	0	1	0
61.2867	32	0	1	LastDelay	0	0	1	0
61.3029	6	0	1	LastDelay	0	0	1	0
61.3358	44	0	1	LastDelay	0	0	1	0
61.4103	92	0	1	LastDelay	0.006403	6403	1	1
61.4179	75	0	1	LastDelay	0	0	1	0
61.4196	39	0	1	LastDelay	0	0	1	0
61.4433	79	0	1	LastDelay	0.003306	3306	1	1
61.5138	28	0	1	LastDelay	0	0	1	0
61.5708	104	0	1	LastDelay	0.00451508	4515.08	1	1
61.6334	27	0	1	LastDelay	0	0	1	0
61.6439	58	0	1	LastDelay	0.00686464	6864.64	1	1
61.6516	70	0	1	LastDelay	0	0	1	0
61.6577	38	0	1	LastDelay	0	0	1	0
61.6841	20	0	1	LastDelay	0	0	1	0
61.7302	23	0	1	LastDelay	0.00164478	1644.78	1	1
61.7712	45	0	1	LastDelay	0.00807324	8073.24	1	1
61.7712	52	0	1	LastDelay	0.0106755	10675.5	1	1
61.7879	0	0	1	LastDelay	0.00178527	1785.27	1	1
61.8897	2	0	1	LastDelay	0.0018688	1868.8	1	1
61.9256	53	0	1	LastDelay	0.00762787	7627.87	1	1
61.9801	35	0	1	LastDelay	0.00330616	3306.16	1	1
61.9854	4	0	1	LastDelay	0	0	1	0
61.9975	31	0	1	LastDelay	0.0157267	15726.7	1	1
62.0377	41	0	1	LastDelay	0.000289238	289.238	1	1
62.0476	47	0	1	LastDelay	0.00225894	2258.94	1	1
62.0625	62	0	1	LastDelay	0	0	1	0
62.0636	109	0	1	LastDelay	0	0	1	0
62.0705	14	0	1	LastDelay	0.0103584	10358.4	1	1
62.1074	19	0	1	LastDelay	0	0	1	0
62.1442	16	0	1	LastDelay	0	0	1	0
62.1609	96	0	1	LastDelay	0	0	1	0
62.1904	25	0	1	LastDelay	0.00272706	2727.07	1	1
62.2017	49	0	1	LastDelay	0	0	1	0
62.2428	40	0	1	LastDelay	0.00639073	6390.73	1	1
62.2663	10	0	1	LastDelay	0	0	1	0
62.2959	32	0	1	LastDelay	0.00919111	9191.11	1	1
62.3063	6	0	1	LastDelay	0.00330604	3306.04	1	1
62.3369	44	0	1	LastDelay	0.00113593	1135.93	1	1
62.3629	42	0	1	LastDelay	0.0166789	16678.9	1	1
62.4039	92	0	1	LastDelay	0	0	1	0
62.4212	75	0	1	LastDelay	0.003319	3319	1	1
62.44	79	0	1	LastDelay	0	0	1	0
62.4703	21	0	1	LastDelay	0.00285637	2856.37	1	1
62.5171	28	0	1	LastDelay	0.00331914	3319.14	1	1
62.524	17	0	1	LastDelay	0.00157895	1578.95	1	1
62.5663	104	0	1	LastDelay	0	0	1	0
62.6354	27	0	1	LastDelay	0.00204803	2048.03	1	1
62.637	58	0	1	LastDelay	0	0	1	0
62.655	70	0	1	LastDelay	0.00330603	3306.03	1	1
62.658	38	0	1	LastDelay	0.00027798	277.98	1	1
62.6853	20	0	1	LastDelay	0.00123799	1237.99	1	1
62.7286	23	0	1	LastDelay	0	0	1	0
62.7605	52	0	1	LastDelay	0	0	1	0
62.7609	48	0	1	LastDelay	0.000896034	896.034	1	1
62.7631	45	0	1	LastDelay	0	0	1	0
62.7779	36	0	1	LastDelay	0.00389052	3890.52	1	1
62.7861	0	0	1	LastDelay	0	0	1	0
62.8878	2	0	1	LastDelay	0	0	1	0
62.918	53	0	1	LastDelay	0	0	1	0
62.9767	35	0	1	LastDelay	0	0	1	0
62.9817	31	0	1	LastDelay	0	0	1	0
62.9918	4	0	1	LastDelay	0.00637725	6377.25	1	1
63.0205	24	0	1	LastDelay	0.00019606	196.06	1	1
63.0374	41	0	1	LastDelay	0	0	1	0
63.0453	47	0	1	LastDelay	0	0	1	0
63.0601	14	0	1	LastDelay	0	0	1	0
63.0658	109	0	1	LastDelay	0.00225668	2256.68	1	1
63.0658	62	0	1	LastDelay	0.00330658	3306.58	1	1
63.1489	16	0	1	LastDelay	0.00466586	4665.86	1	1
63.1877	25	0	1	LastDelay	0	0	1	0
63.2028	49	0	1	LastDelay	0.00109412	1094.12	1	1
63.2364	40	0	1	LastDelay	0	0	1	0
63.2732	10	0	1	LastDelay	0.00686613	6866.13	1	1
63.2862	46	0	1	LastDelay	0.00950092	9500.92	1	1
63.2867	32	0	1	LastDelay	0	0	1	0
63.2961	50	0	1	LastDelay	0.00351908	3519.08	1	1
63.3029	6	0	1	LastDelay	0	0	1	0
63.3358	44	0	1	LastDelay	0	0	1	0
63.3462	42	0	1	LastDelay	0	0	1	0
63.4179	75	0	1	LastDelay	0	0	1	0
63.4439	33	0	1	LastDelay	0.00331923	3319.23	1	1
63.4674	21	0	1	LastDelay	0	0	1	0
63.5138	28	0	1	LastDelay	0	0	1	0
63.5224	17	0	1	LastDelay	0	0	1	0
63.6334	27	0	1	LastDelay	0	0	1	0
63.6516	70	0	1	LastDelay	0	0	1	0
63.6577	38	0	1	LastDelay	0	0	1	0
63.6841	20	0	1	LastDelay	0	0	1	0
63.7361	23	0	1	LastDelay	0.00745709	7457.09	1	1
63.76	48	0	1	LastDelay	0	0	1	0
63.7638	45	0	1	LastDelay	0.000704439	704.439	1	1
63.774	36	0	1	LastDelay	0	0	1	0
63.7942	0	0	1	LastDelay	0.00813694	8136.94	1	1
63.8886	2	0	1	LastDelay	0.000826595	826.595	1	1
63.8886	100	0	1	LastDelay	0.00637711	6377.11	1	1
63.9838	31	0	1	LastDelay	0.00208246	2082.47	1	1
63.9854	4	0	1	LastDelay	0	0	1	0
64.0203	24	0	1	LastDelay	0	0	1	0
64.0578	47	0	1	LastDelay	0.0124747	12474.7	1	1
64.0625	62	0	1	LastDelay	0	0	1	0
64.0636	109	0	1	LastDelay	0	0	1	0
64.1223	8	0	1	LastDelay	0.00330606	3306.06	1	1
64.1442	16	0	1	LastDelay	0	0	1	0
64.1642	96	0	1	LastDelay	0.00333216	3332.16	1	1
64.1917	25	0	1	LastDelay	0.00403452	4034.52	1	1
64.2017	49	0	1	LastDelay	0	0	1	0
64.2663	10	0	1	LastDelay	0	0	1	0
64.2767	46	0	1	LastDelay	0	0	1	0
64.2926	50	0	1	LastDelay	0	0	1	0
64.3423	44	0	1	LastDelay	0.00658388	6583.88	1	1
64.3636	42	0	1	LastDelay	0.0173712	17371.2	1	1
64.4212	75	0	1	LastDelay	0.003319	3319	1	1
64.4405	33	0	1	LastDelay	0	0	1	0
64.4433	79	0	1	LastDelay	0.00330616	3306.16	1	1
64.4707	21	0	1	LastDelay	0.00330621	3306.21	1	1
64.5236	17	0	1	LastDelay	0.00123609	1236.09	1	1
64.634	27	0	1	LastDelay	0.000666382	666.382	1	1
64.655	70	0	1	LastDelay	0.0033061	3306.1	1	1
64.6587	38	0	1	LastDelay	0.000967966	967.966	1	1
64.7286	23	0	1	LastDelay	0	0	1	0
64.7631	45	0	1	LastDelay	0	0	1	0
64.7762	36	0	1	LastDelay	0.00221098	2210.98	1	1
64.7861	0	0	1	LastDelay	0	0	1	0
64.787	52	0	1	LastDelay	0.0265076	26507.6	1	1
64.8822	100	0	1	LastDelay	0	0	1	0
64.8878	2	0	1	LastDelay	0	0	1	0
64.9817	31	0	1	LastDelay	0	0	1	0
64.9896	4	0	1	LastDelay	0.00421003	4210.02	1	1
65.0285	24	0	1	LastDelay	0.00819629	8196.29	1	1
65.0453	47	0	1	LastDelay	0	0	1	0
65.062	41	0	1	LastDelay	0.024614	24614	1	1
65.0708	109	0	1	LastDelay	0.00718488	7184.88	1	1
65.0895	62	0	1	LastDelay	0.0269417	26941.7	1	1
65.119	8	0	1	LastDelay	0	0	1	0
65.1609	96	0	1	LastDelay	0	0	1	0
65.1877	25	0	1	LastDelay	0	0	1	0
65.2026	49	0	1	LastDelay	0.000971854	971.854	1	1
65.2435	40	0	1	LastDelay	0.00704758	7047.58	1	1
65.2773	46	0	1	LastDelay	0.000578474	578.474	1	1
65.2937	50	0	1	LastDelay	0.00108446	1084.46	1	1
65.3009	32	0	1	LastDelay	0.0142028	14202.8	1	1
65.3181	12	0	1	LastDelay	0.00129951	1299.51	1	1
65.3358	44	0	1	LastDelay	0	0	1	0
65.3462	42	0	1	LastDelay	0	0	1	0
65.4179	75	0	1	LastDelay	0	0	1	0
65.44	79	0	1	LastDelay	0	0	1	0
65.4469	33	0	1	LastDelay	0.00637754	6377.54	1	1
65.4674	21	0	1	LastDelay	0	0	1	0
65.5171	28	0	1	LastDelay	0.00330613	3306.13	1	1
65.5224	17	0	1	LastDelay	0	0	1	0
65.6097	29	0	1	LastDelay	0.0063905	6390.5	1	1
65.6334	27	0	1	LastDelay	0	0	1	0
65.6516	70	0	1	LastDelay	0	0	1	0
65.6577	38	0	1	LastDelay	0	0	1	0
65.7327	23	0	1	LastDelay	0.00406861	4068.61	1	1
65.7605	52	0	1	LastDelay	0	0	1	0
65.7622	48	0	1	LastDelay	0.00221558	2215.58	1	1
65.7714	45	0	1	LastDelay	0.00831215	8312.15	1	1
65.774	36	0	1	LastDelay	0	0	1	0
65.7875	0	0	1	LastDelay	0.00140048	1400.48	1	1
65.9213	53	0	1	LastDelay	0.00330628	3306.28	1	1
65.9275	57	0	1	LastDelay	0.144777	144777	1	1
65.9838	31	0	1	LastDelay	0.0020699	2069.9	1	1
65.9854	4	0	1	LastDelay	0	0	1	0
66.0203	24	0	1	LastDelay	0	0	1	0
66.0374	41	0	1	LastDelay	0	0	1	0
66.0514	47	0	1	LastDelay	0.0060645	6064.5	1	1
66.0625	62	0	1	LastDelay	0	0	1	0
66.0636	109	0	1	LastDelay	0	0	1	0
66.1473	16	0	1	LastDelay	0.00301401	3014.01	1	1
66.1889	25	0	1	LastDelay	0.00124901	1249.01	1	1
66.2017	49	0	1	LastDelay	0	0	1	0
66.2364	40	0	1	LastDelay	0	0	1	0
66.2767	46	0	1	LastDelay	0	0	1	0
66.2867	32	0	1	LastDelay	0	0	1	0
66.288	51	0	1	LastDelay	0.0105951	10595.1	1	1
66.2926	50	0	1	LastDelay	0	0	1	0
66.3168	12	0	1	LastDelay	0	0	1	0
66.3498	42	0	1	LastDelay	0.00366379	3663.79	1	1
66.4405	33	0	1	LastDelay	0	0	1	0
66.5138	28	0	1	LastDelay	0	0	1	0
66.6033	29	0	1	LastDelay	0	0	1	0
66.6339	61	0	1	LastDelay	0.00335869	3358.69	1	1
66.6339	27	0	1	LastDelay	0.0005596	559.6	1	1
66.6373	54	0	1	LastDelay	0.000661072	661.072	1	1
66.6475	58	0	1	LastDelay	0.0105142	10514.2	1	1
66.6599	38	0	1	LastDelay	0.00213919	2139.19	1	1
66.7242	55	0	1	LastDelay	0.00330643	3306.43	1	1
66.7273	37	0	1	LastDelay	0.00143203	1432.03	1	1
66.7286	23	0	1	LastDelay	0	0	1	0
66.76	48	0	1	LastDelay	0	0	1	0
66.7631	45	0	1	LastDelay	0	0	1	0
66.7672	52	0	1	LastDelay	0.00672061	6720.61	1	1
66.7751	36	0	1	LastDelay	0.00105375	1053.76	1	1
66.7827	57	0	1	LastDelay	0	0	1	0
66.7861	0	0	1	LastDelay	0	0	1	0
66.8891	65	0	1	LastDelay	0.00372817	3728.17	1	1
66.918	53	0	1	LastDelay	0	0	1	0
66.9473	112	0	1	LastDelay	0.00330669	3306.69	1	1
66.9817	31	0	1	LastDelay	0	0	1	0
66.99	4	0	1	LastDelay	0.00455231	4552.31	1	1
67.0207	24	0	1	LastDelay	0.000416766	416.766	1	1
67.0402	41	0	1	LastDelay	0.0027688	2768.8	1	1
67.0453	47	0	1	LastDelay	0	0	1	0
67.0571	103	0	1	LastDelay	0.0033197	3319.7	1	1
67.0731	62	0	1	LastDelay	0.0105732	10573.2	1	1
67.1442	16	0	1	LastDelay	0	0	1	0
67.1801	43	0	1	LastDelay	0.00330627	3306.27	1	1
67.1877	25	0	1	LastDelay	0	0	1	0
67.205	49	0	1	LastDelay	0.00330614	3306.14	1	1
67.2397	40	0	1	LastDelay	0.00330623	3306.23	1	1
67.2423	86	0	1	LastDelay	0.003332	3332	1	1
67.269	69	0	1	LastDelay	0.0033063	3306.3	1	1
67.2774	51	0	1	LastDelay	0	0	1	0
67.2873	32	0	1	LastDelay	0.000541618	541.618	1	1
67.2965	50	0	1	LastDelay	0.0038615	3861.5	1	1
67.3229	12	0	1	LastDelay	0.00614795	6147.95	1	1
67.3321	95	0	1	LastDelay	0.00651	6510	1	1
67.3397	44	0	1	LastDelay	0.00392616	3926.16	1	1
67.3462	42	0	1	LastDelay	0	0	1	0
67.3627	78	0	1	LastDelay	0.00651031	6510.31	1	1
67.4439	33	0	1	LastDelay	0.00330618	3306.18	1	1
67.4699	21	0	1	LastDelay	0.00250339	2503.39	1	1
67.5233	17	0	1	LastDelay	0.000880268	880.268	1	1
67.6306	61	0	1	LastDelay	0	0	1	0
67.6334	27	0	1	LastDelay	0	0	1	0
67.6366	54	0	1	LastDelay	0	0	1	0
67.637	58	0	1	LastDelay	0	0	1	0
67.6577	38	0	1	LastDelay	0	0	1	0
67.6874	20	0	1	LastDelay	0.00330607	3306.07	1	1
67.7209	55	0	1	LastDelay	0	0	1	0
67.7259	37	0	1	LastDelay	0	0	1	0
67.7291	23	0	1	LastDelay	0.000461179	461.179	1	1
67.7605	52	0	1	LastDelay	0	0	1	0
67.7684	45	0	1	LastDelay	0.00535094	5350.94	1	1
67.7718	48	0	1	LastDelay	0.0118821	11882.1	1	1
67.774	36	0	1	LastDelay	0	0	1	0
67.7875	0	0	1	LastDelay	0.00143402	1434.02	1	1
67.7875	57	0	1	LastDelay	0.00480657	4806.57	1	1
67.8167	108	0	1	LastDelay	0.003306	3306	1	1
67.8854	65	0	1	LastDelay	0	0	1	0
67.9339	91	0	1	LastDelay	0.003306	3306	1	1
67.937	82	0	1	LastDelay	0.00143147	1431.47	1	1
67.944	112	0	1	LastDelay	0	0	1	0
67.9534	7	0	1	LastDelay	0.00233814	2338.14	1	1
67.9734	3	0	1	LastDelay	0.00756451	7564.51	1	1
67.9801	35	0	1	LastDelay	0.00330618	3306.18	1	1
67.9831	31	0	1	LastDelay	0.00138303	1383.03	1	1
67.9854	4	0	1	LastDelay	0	0	1	0
68.0203	24	0	1	LastDelay	0	0	1	0
68.0349	15	0	1	LastDelay	0.00330613	3306.13	1	1
68.0374	41	0	1	LastDelay	0	0	1	0
68.0513	47	0	1	LastDelay	0.00593668	5936.68	1	1
68.0538	103	0	1	LastDelay	0	0	1	0
68.0625	62	0	1	LastDelay	0	0	1	0
68.1223	8	0	1	LastDelay	0.00330605	3306.05	1	1
68.1448	16	0	1	LastDelay	0.000551907	551.907	1	1
68.1768	43	0	1	LastDelay	0	0	1	0
68.1903	25	0	1	LastDelay	0.00262489	2624.89	1	1
68.1984	11	0	1	LastDelay	0.00334506	3345.06	1	1
68.2017	49	0	1	LastDelay	0	0	1	0
68.2113	99	0	1	LastDelay	0.000528283	528.283	1	1
68.2364	40	0	1	LastDelay	0	0	1	0
68.2389	86	0	1	LastDelay	0	0	1	0
68.2656	69	0	1	LastDelay	0	0	1	0
68.2867	32	0	1	LastDelay	0	0	1	0
68.2869	51	0	1	LastDelay	0.00951224	9512.24	1	1
68.2926	50	0	1	LastDelay	0	0	1	0
68.3168	12	0	1	LastDelay	0	0	1	0
68.3256	95	0	1	LastDelay	0	0	1	0
68.3358	44	0	1	LastDelay	0	0	1	0
68.3562	78	0	1	LastDelay	0	0	1	0
68.4405	33	0	1	LastDelay	0	0	1	0
68.4674	21	0	1	LastDelay	0	0	1	0
68.5171	28	0	1	LastDelay	0.00330614	3306.14	1	1
68.5224	17	0	1	LastDelay	0	0	1	0
68.6371	27	0	1	LastDelay	0.00368549	3685.49	1	1
68.65	54	0	1	LastDelay	0.0133566	13356.6	1	1
68.65	58	0	1	LastDelay	0.0129649	12964.9	1	1
68.663	38	0	1	LastDelay	0.00525121	5251.21	1	1
68.6838	74	0	1	LastDelay	0.00696016	6960.16	1	1
68.6841	20	0	1	LastDelay	0	0	1	0
68.7273	55	0	1	LastDelay	0.00637753	6377.53	1	1
68.7273	37	0	1	LastDelay	0.00135403	1354.03	1	1
68.7286	23	0	1	LastDelay	0	0	1	0
68.76	48	0	1	LastDelay	0	0	1	0
68.7631	45	0	1	LastDelay	0	0	1	0
68.7635	52	0	1	LastDelay	0.00304251	3042.51	1	1
68.7827	57	0	1	LastDelay	0	0	1	0
68.7861	0	0	1	LastDelay	0	0	1	0
68.7864	36	0	1	LastDelay	0.012403	12403	1	1
68.8134	108	0	1	LastDelay	0	0	1	0
68.9306	91	0	1	LastDelay	0	0	1	0
68.9355	82	0	1	LastDelay	0	0	1	0
68.951	7	0	1	LastDelay	0	0	1	0
68.9659	3	0	1	LastDelay	0	0	1	0
68.9767	35	0	1	LastDelay	0	0	1	0
68.9817	31	0	1	LastDelay	0	0	1	0
68.9887	4	0	1	LastDelay	0.00330607	3306.07	1	1
69.0256	24	0	1	LastDelay	0.00527481	5274.81	1	1
69.0316	15	0	1	LastDelay	0	0	1	0
69.0427	41	0	1	LastDelay	0.0053075	5307.5	1	1
69.0453	47	0	1	LastDelay	0	0	1	0
69.066	62	0	1	LastDelay	0.00342276	3422.76	1	1
69.119	8	0	1	LastDelay	0	0	1	0
69.1442	16	0	1	LastDelay	0	0	1	0
69.1877	25	0	1	LastDelay	0	0	1	0
69.195	11	0	1	LastDelay	0	0	1	0
69.2107	99	0	1	LastDelay	0	0	1	0
69.2774	51	0	1	LastDelay	0	0	1	0
69.304	50	0	1	LastDelay	0.0113645	11364.5	1	1
69.3101	32	0	1	LastDelay	0.0234268	23426.8	1	1
69.3201	12	0	1	LastDelay	0.00333958	3339.58	1	1
69.3362	44	0	1	LastDelay	0.000443731	443.731	1	1
69.3475	42	0	1	LastDelay	0.00131626	1316.26	1	1
69.3595	78	0	1	LastDelay	0.00330613	3306.13	1	1
69.4161	59	0	1	LastDelay	0.00335864	3358.64	1	1
69.4473	33	0	1	LastDelay	0.00673367	6733.67	1	1
69.4702	21	0	1	LastDelay	0.00281634	2816.34	1	1
69.5138	28	0	1	LastDelay	0	0	1	0
69.6066	29	0	1	LastDelay	0.0033062	3306.2	1	1
69.6316	61	0	1	LastDelay	0.00101229	1012.29	1	1
69.6334	27	0	1	LastDelay	0	0	1	0
69.6366	54	0	1	LastDelay	0	0	1	0
69.637	58	0	1	LastDelay	0	0	1	0
69.6577	38	0	1	LastDelay	0	0	1	0
69.6768	74	0	1	LastDelay	0	0	1	0
69.6874	20	0	1	LastDelay	0.00330607	3306.07	1	1
69.7209	55	0	1	LastDelay	0	0	1	0
69.7259	37	0	1	LastDelay	0	0	1	0
69.7605	52	0	1	LastDelay	0	0	1	0
69.7714	48	0	1	LastDelay	0.0114065	11406.5	1	1
69.7714	45	0	1	LastDelay	0.0082897	8289.7	1	1
69.774	36	0	1	LastDelay	0	0	1	0
69.7885	0	0	1	LastDelay	0.00239435	2394.35	1	1
69.7885	57	0	1	LastDelay	0.00576685	5766.85	1	1
69.8167	108	0	1	LastDelay	0.00330601	3306.01	1	1
69.8887	65	0	1	LastDelay	0.0033196	3319.6	1	1
69.9213	53	0	1	LastDelay	0.00330643	3306.43	1	1
69.9401	82	0	1	LastDelay	0.00458401	4584.01	1	1
69.9445	112	0	1	LastDelay	0.000500314	500.314	1	1
69.9527	7	0	1	LastDelay	0.00164386	1643.86	1	1
69.9724	3	0	1	LastDelay	0.00655685	6556.85	1	1
69.9854	4	0	1	LastDelay	0	0	1	0
69.9873	31	0	1	LastDelay	0.00553547	5535.47	1	1
70.0203	24	0	1	LastDelay	0	0	1	0
70.0374	41	0	1	LastDelay	0	0	1	0
70.0625	62	0	1	LastDelay	0	0	1	0
70.1513	16	0	1	LastDelay	0.00707585	7075.85	1	1
70.1801	43	0	1	LastDelay	0.00333229	3332.29	1	1
70.1942	25	0	1	LastDelay	0.00651345	6513.45	1	1
70.2037	49	0	1	LastDelay	0.00206924	2069.24	1	1
70.2124	99	0	1	LastDelay	0.00167397	1673.97	1	1
70.2394	40	0	1	LastDelay	0.00295943	2959.43	1	1
70.2812	46	0	1	LastDelay	0.00442125	4421.25	1	1
70.2812	51	0	1	LastDelay	0.00379797	3797.97	1	1
70.2867	32	0	1	LastDelay	0	0	1	0
70.2926	50	0	1	LastDelay	0	0	1	0
70.3168	12	0	1	LastDelay	0	0	1	0
70.3358	44	0	1	LastDelay	0	0	1	0
70.3462	42	0	1	LastDelay	0	0	1	0
70.3562	78	0	1	LastDelay	0	0	1	0
70.4128	59	0	1	LastDelay	0	0	1	0
70.4405	33	0	1	LastDelay	0	0	1	0
70.4674	21	0	1	LastDelay	0	0	1	0
70.5171	28	0	1	LastDelay	0.00330615	3306.15	1	1
70.5233	17	0	1	LastDelay	0.000866609	866.609	1	1
70.6033	29	0	1	LastDelay	0	0	1	0
70.6306	61	0	1	LastDelay	0	0	1	0
70.6374	58	0	1	LastDelay	0.00033826	338.26	1	1
70.6469	54	0	1	LastDelay	0.0102997	10299.7	1	1
70.6579	38	0	1	LastDelay	0.000151963	151.963	1	1
70.6841	20	0	1	LastDelay	0	0	1	0
70.7242	55	0	1	LastDelay	0.00330666	3306.66	1	1
70.7303	37	0	1	LastDelay	0.00443823	4438.23	1	1
70.7402	23	0	1	LastDelay	0.0116473	11647.3	1	1
70.76	48	0	1	LastDelay	0	0	1	0
70.7624	52	0	1	LastDelay	0.00196152	1961.52	1	1
70.7631	45	0	1	LastDelay	0	0	1	0
70.7761	36	0	1	LastDelay	0.00210722	2107.22	1	1
70.7827	57	0	1	LastDelay	0	0	1	0
70.7861	0	0	1	LastDelay	0	0	1	0
70.8134	108	0	1	LastDelay	0	0	1	0
70.8244	63	0	1	LastDelay	0.00337109	3371.09	1	1
70.8854	65	0	1	LastDelay	0	0	1	0
70.918	53	0	1	LastDelay	0	0	1	0
70.9355	82	0	1	LastDelay	0	0	1	0
70.944	112	0	1	LastDelay	0	0	1	0
70.951	7	0	1	LastDelay	0	0	1	0
70.9659	3	0	1	LastDelay	0	0	1	0
70.9817	31	0	1	LastDelay	0	0	1	0
71.0002	4	0	1	LastDelay	0.0148236	14823.6	1	1
71.0376	41	0	1	LastDelay	0.000239846	239.846	1	1
71.0692	47	0	1	LastDelay	0.0238819	23881.9	1	1
71.0726	62	0	1	LastDelay	0.010086	10086	1	1
71.1442	16	0	1	LastDelay	0	0	1	0
71.1768	43	0	1	LastDelay	0	0	1	0
71.1877	25	0	1	LastDelay	0	0	1	0
71.2017	49	0	1	LastDelay	0	0	1	0
71.2107	99	0	1	LastDelay	0	0	1	0
71.2364	40	0	1	LastDelay	0	0	1	0
71.2767	46	0	1	LastDelay	0	0	1	0
71.2774	51	0	1	LastDelay	0	0	1	0
71.2972	50	0	1	LastDelay	0.00457138	4571.38	1	1
71.3201	12	0	1	LastDelay	0.0033062	3306.2	1	1
71.3434	44	0	1	LastDelay	0.00759608	7596.08	1	1
71.3468	42	0	1	LastDelay	0.000582973	582.973	1	1
71.4161	59	0	1	LastDelay	0.00330645	3306.45	1	1
71.4439	33	0	1	LastDelay	0.00330644	3306.44	1	1
71.4773	21	0	1	LastDelay	0.0099381	9938.1	1	1
71.5138	28	0	1	LastDelay	0	0	1	0
71.5224	17	0	1	LastDelay	0	0	1	0
71.6322	61	0	1	LastDelay	0.00167303	1673.03	1	1
71.6353	27	0	1	LastDelay	0.00194478	1944.78	1	1
71.6366	54	0	1	LastDelay	0	0	1	0
71.637	58	0	1	LastDelay	0	0	1	0
71.6577	38	0	1	LastDelay	0	0	1	0
71.7209	55	0	1	LastDelay	0	0	1	0
71.7259	37	0	1	LastDelay	0	0	1	0
71.7286	23	0	1	LastDelay	0	0	1	0
71.7605	52	0	1	LastDelay	0	0	1	0
71.7636	45	0	1	LastDelay	0.000558671	558.671	1	1
71.7636	48	0	1	LastDelay	0.0036758	3675.8	1	1
71.774	36	0	1	LastDelay	0	0	1	0
71.7862	0	0	1	LastDelay	0.00013311	133.11	1	1
71.7862	57	0	1	LastDelay	0.00350551	3505.51	1	1
71.821	63	0	1	LastDelay	0	0	1	0
71.8919	65	0	1	LastDelay	0.00648184	6481.84	1	1
71.9854	4	0	1	LastDelay	0	0	1	0
71.9896	31	0	1	LastDelay	0.00788214	7882.14	1	1
72.0269	24	0	1	LastDelay	0.00657596	6575.96	1	1
72.0374	41	0	1	LastDelay	0	0	1	0
72.0453	47	0	1	LastDelay	0	0	1	0
72.0625	62	0	1	LastDelay	0	0	1	0
72.1493	16	0	1	LastDelay	0.00503563	5035.63	1	1
72.1882	25	0	1	LastDelay	0.000582968	582.968	1	1
72.2503	40	0	1	LastDelay	0.0138599	13859.9	1	1
72.2793	46	0	1	LastDelay	0.00260065	2600.65	1	1
72.2793	51	0	1	LastDelay	0.00197725	1977.25	1	1
72.2889	32	0	1	LastDelay	0.00220856	2208.56	1	1
72.2926	50	0	1	LastDelay	0	0	1	0
72.3168	12	0	1	LastDelay	0	0	1	0
72.3358	44	0	1	LastDelay	0	0	1	0
72.3462	42	0	1	LastDelay	0	0	1	0
72.4128	59	0	1	LastDelay	0	0	1	0
72.4405	33	0	1	LastDelay	0	0	1	0
72.4674	21	0	1	LastDelay	0	0	1	0
72.5171	28	0	1	LastDelay	0.00330627	3306.27	1	1
72.5277	17	0	1	LastDelay	0.00535013	5350.13	1	1
72.6306	61	0	1	LastDelay	0	0	1	0
72.6334	27	0	1	LastDelay	0	0	1	0
72.6388	58	0	1	LastDelay	0.00174208	1742.08	1	1
72.6418	54	0	1	LastDelay	0.00521878	5218.78	1	1
72.6606	38	0	1	LastDelay	0.00287459	2874.59	1	1
72.6893	20	0	1	LastDelay	0.00521472	5214.72	1	1
72.7244	55	0	1	LastDelay	0.00354838	3548.38	1	1
72.7275	37	0	1	LastDelay	0.00159604	1596.05	1	1
72.7306	23	0	1	LastDelay	0.00197611	1976.11	1	1
72.7336	66	0	1	LastDelay	0.00331447	3314.47	1	1
72.76	48	0	1	LastDelay	0	0	1	0
72.7631	45	0	1	LastDelay	0	0	1	0
72.7631	52	0	1	LastDelay	0.00261847	2618.47	1	1
72.7757	36	0	1	LastDelay	0.00169539	1695.39	1	1
72.7827	57	0	1	LastDelay	0	0	1	0
72.7861	0	0	1	LastDelay	0	0	1	0
72.8854	65	0	1	LastDelay	0	0	1	0
72.9213	53	0	1	LastDelay	0.00330642	3306.42	1	1
72.9801	35	0	1	LastDelay	0.00330604	3306.04	1	1
72.9817	31	0	1	LastDelay	0	0	1	0
72.9862	4	0	1	LastDelay	0.000795935	795.935	1	1
73.0203	24	0	1	LastDelay	0	0	1	0
73.0636	56	0	1	LastDelay	0.00200275	2002.75	1	1
73.0636	62	0	1	LastDelay	0.00106241	1062.41	1	1
73.1191	8	0	1	LastDelay	0.000101198	101.198	1	1
73.1442	16	0	1	LastDelay	0	0	1	0
73.1751	60	0	1	LastDelay	0.0295615	29561.5	1	1
73.1877	25	0	1	LastDelay	0	0	1	0
73.205	49	0	1	LastDelay	0.00331925	3319.25	1	1
73.2364	40	0	1	LastDelay	0	0	1	0
73.2767	46	0	1	LastDelay	0	0	1	0
73.2774	51	0	1	LastDelay	0	0	1	0
73.2867	32	0	1	LastDelay	0	0	1	0
73.3185	12	0	1	LastDelay	0.00170099	1700.99	1	1
73.3388	44	0	1	LastDelay	0.00301428	3014.28	1	1
73.3483	42	0	1	LastDelay	0.00214386	2143.86	1	1
73.4161	59	0	1	LastDelay	0.00331926	3319.26	1	1
73.4469	33	0	1	LastDelay	0.00639052	6390.52	1	1
73.475	21	0	1	LastDelay	0.00757427	7574.27	1	1
73.5138	28	0	1	LastDelay	0	0	1	0
73.5224	17	0	1	LastDelay	0	0	1	0
73.6128	29	0	1	LastDelay	0.00944874	9448.74	1	1
73.6312	61	0	1	LastDelay	0.000655215	655.215	1	1
73.6366	54	0	1	LastDelay	0	0	1	0
73.637	58	0	1	LastDelay	0	0	1	0
73.6411	27	0	1	LastDelay	0.00775613	7756.13	1	1
73.6577	38	0	1	LastDelay	0	0	1	0
73.6841	20	0	1	LastDelay	0	0	1	0
73.7209	55	0	1	LastDelay	0	0	1	0
73.7259	37	0	1	LastDelay	0	0	1	0
73.7286	23	0	1	LastDelay	0	0	1	0
73.7303	66	0	1	LastDelay	0	0	1	0
73.7605	52	0	1	LastDelay	0	0	1	0
73.7633	45	0	1	LastDelay	0.000189244	189.244	1	1
73.7633	48	0	1	LastDelay	0.00330625	3306.25	1	1
73.7734	64	0	1	LastDelay	0.929473	929473	1	1
73.774	36	0	1	LastDelay	0	0	1	0
73.7828	57	0	1	LastDelay	7.7863e-05	77.863	1	1
73.7995	0	0	1	LastDelay	0.0134102	13410.2	1	1
73.844	64	0	1	LastDelay	0	0	1	0
73.9014	65	0	1	LastDelay	0.0160256	16025.6	1	1
73.918	53	0	1	LastDelay	0	0	1	0
73.9767	35	0	1	LastDelay	0	0	1	0
73.9854	4	0	1	LastDelay	0	0	1	0
74.0114	69	0	1	LastDelay	0.745742	745742	1	1
74.0282	24	0	1	LastDelay	0.00786439	7864.39	1	1
74.0471	41	0	1	LastDelay	0.00972681	9726.81	1	1
74.0616	56	0	1	LastDelay	0	0	1	0
74.0625	62	0	1	LastDelay	0	0	1	0
74.119	8	0	1	LastDelay	0	0	1	0
74.1455	60	0	1	LastDelay	0	0	1	0
74.2017	49	0	1	LastDelay	0	0	1	0
74.2656	69	0	1	LastDelay	0	0	1	0
74.28	46	0	1	LastDelay	0.0033062	3306.2	1	1
74.2831	51	0	1	LastDelay	0.00576687	5766.87	1	1
74.2937	32	0	1	LastDelay	0.00700266	7002.66	1	1
74.2937	50	0	1	LastDelay	0.00109602	1096.02	1	1
74.3168	12	0	1	LastDelay	0	0	1	0
74.3358	44	0	1	LastDelay	0	0	1	0
74.3462	42	0	1	LastDelay	0	0	1	0
74.4128	59	0	1	LastDelay	0	0	1	0
74.4405	33	0	1	LastDelay	0	0	1	0
74.4674	21	0	1	LastDelay	0	0	1	0
74.5202	28	0	1	LastDelay	0.00641638	6416.38	1	1
74.5233	17	0	1	LastDelay	0.000906012	906.012	1	1
74.6033	29	0	1	LastDelay	0	0	1	0
74.6306	61	0	1	LastDelay	0	0	1	0
74.6334	27	0	1	LastDelay	0	0	1	0
74.6406	58	0	1	LastDelay	0.0036005	3600.5	1	1
74.671	38	0	1	LastDelay	0.0133017	13301.7	1	1
74.7356	37	0	1	LastDelay	0.00971326	9713.26	1	1
74.7418	23	0	1	LastDelay	0.0131647	13164.7	1	1
74.7418	66	0	1	LastDelay	0.0114317	11431.7	1	1
74.76	48	0	1	LastDelay	0	0	1	0
74.7631	45	0	1	LastDelay	0	0	1	0
74.7749	52	0	1	LastDelay	0.0144115	14411.5	1	1
74.7749	36	0	1	LastDelay	0.000860266	860.266	1	1
74.7827	57	0	1	LastDelay	0	0	1	0
74.7861	0	0	1	LastDelay	0	0	1	0
74.8243	63	0	1	LastDelay	0.00330656	3306.56	1	1
74.8854	65	0	1	LastDelay	0	0	1	0
74.9835	31	0	1	LastDelay	0.00173964	1739.64	1	1
74.9873	4	0	1	LastDelay	0.00185156	1851.56	1	1
75.0203	24	0	1	LastDelay	0	0	1	0
75.0374	41	0	1	LastDelay	0	0	1	0
75.0782	62	0	1	LastDelay	0.0157071	15707.1	1	1
75.1455	16	0	1	LastDelay	0.00127698	1276.98	1	1
75.1684	60	0	1	LastDelay	0.0228429	22842.9	1	1
75.1882	25	0	1	LastDelay	0.000504249	504.249	1	1
75.2042	49	0	1	LastDelay	0.00258415	2584.15	1	1
75.2107	64	0	1	LastDelay	0.36673	366730	1	1
75.2767	46	0	1	LastDelay	0	0	1	0
75.2774	51	0	1	LastDelay	0	0	1	0
75.2867	32	0	1	LastDelay	0	0	1	0
75.2926	50	0	1	LastDelay	0	0	1	0
75.3201	12	0	1	LastDelay	0.00330638	3306.38	1	1
75.3396	44	0	1	LastDelay	0.00381179	3811.79	1	1
75.3587	42	0	1	LastDelay	0.0125371	12537.1	1	1
75.4223	59	0	1	LastDelay	0.0095399	9539.9	1	1
75.4418	33	0	1	LastDelay	0.00125702	1257.02	1	1
75.4683	21	0	1	LastDelay	0.000851001	851.001	1	1
75.5138	28	0	1	LastDelay	0	0	1	0
75.5224	17	0	1	LastDelay	0	0	1	0
75.617	67	0	1	LastDelay	0.00102579	1025.79	1	1
75.637	58	0	1	LastDelay	0	0	1	0
75.6432	27	0	1	LastDelay	0.00980366	9803.66	1	1
75.6432	61	0	1	LastDelay	0.0126028	12602.8	1	1
75.6432	54	0	1	LastDelay	0.0065408	6540.8	1	1
75.6577	38	0	1	LastDelay	0	0	1	0
75.6585	69	0	1	LastDelay	0.392881	392881	1	1
75.7222	55	0	1	LastDelay	0.00130816	1308.16	1	1
75.7259	37	0	1	LastDelay	0	0	1	0
75.7286	23	0	1	LastDelay	0	0	1	0
75.7303	66	0	1	LastDelay	0	0	1	0
75.7605	52	0	1	LastDelay	0	0	1	0
75.7644	48	0	1	LastDelay	0.00439524	4395.24	1	1
75.7644	45	0	1	LastDelay	0.00127827	1278.27	1	1
75.774	36	0	1	LastDelay	0	0	1	0
75.7862	0	0	1	LastDelay	6.4355e-05	64.355	1	1
75.7954	57	0	1	LastDelay	0.0126765	12676.5	1	1
75.821	63	0	1	LastDelay	0	0	1	0
75.844	64	0	1	LastDelay	0	0	1	0
75.888	65	0	1	LastDelay	0.00254063	2540.63	1	1
75.9228	53	0	1	LastDelay	0.0048564	4856.4	1	1
75.9817	31	0	1	LastDelay	0	0	1	0
75.9854	4	0	1	LastDelay	0	0	1	0
75.9866	35	0	1	LastDelay	0.009805	9805	1	1
76.0214	24	0	1	LastDelay	0.00107367	1073.67	1	1
76.0443	41	0	1	LastDelay	0.00691855	6918.55	1	1
76.0625	62	0	1	LastDelay	0	0	1	0
76.0635	56	0	1	LastDelay	0.00187815	1878.15	1	1
76.1442	16	0	1	LastDelay	0	0	1	0
76.1455	60	0	1	LastDelay	0	0	1	0
76.1877	25	0	1	LastDelay	0	0	1	0
76.2017	49	0	1	LastDelay	0	0	1	0
76.2428	40	0	1	LastDelay	0.00637774	6377.74	1	1
76.2656	69	0	1	LastDelay	0	0	1	0
76.2778	46	0	1	LastDelay	0.00105141	1051.41	1	1
76.2942	32	0	1	LastDelay	0.0075287	7528.69	1	1
76.2973	50	0	1	LastDelay	0.00469334	4693.34	1	1
76.2973	51	0	1	LastDelay	0.0199519	19951.9	1	1
76.3168	12	0	1	LastDelay	0	0	1	0
76.3358	44	0	1	LastDelay	0	0	1	0
76.3462	42	0	1	LastDelay	0	0	1	0
76.4128	59	0	1	LastDelay	0	0	1	0
76.4405	33	0	1	LastDelay	0	0	1	0
76.4674	21	0	1	LastDelay	0	0	1	0
76.5243	17	0	1	LastDelay	0.00189702	1897.02	1	1
76.616	67	0	1	LastDelay	0	0	1	0
76.6306	61	0	1	LastDelay	0	0	1	0
76.6334	27	0	1	LastDelay	0	0	1	0
76.6366	54	0	1	LastDelay	0	0	1	0
76.6415	58	0	1	LastDelay	0.00444501	4445.01	1	1
76.6609	38	0	1	LastDelay	0.00321912	3219.12	1	1
76.6869	20	0	1	LastDelay	0.00283178	2831.78	1	1
76.6869	70	0	1	LastDelay	0.0352488	35248.8	1	1
76.7209	55	0	1	LastDelay	0	0	1	0
76.7326	23	0	1	LastDelay	0.0040297	4029.7	1	1
76.7357	66	0	1	LastDelay	0.0053677	5367.7	1	1
76.76	48	0	1	LastDelay	0	0	1	0
76.761	52	0	1	LastDelay	0.000539001	539.001	1	1
76.7631	45	0	1	LastDelay	0	0	1	0
76.775	36	0	1	LastDelay	0.000977249	977.249	1	1
76.7827	57	0	1	LastDelay	0	0	1	0
76.7861	0	0	1	LastDelay	0	0	1	0
76.8225	63	0	1	LastDelay	0.00145998	1459.98	1	1
76.8854	65	0	1	LastDelay	0	0	1	0
76.918	53	0	1	LastDelay	0	0	1	0
76.9767	35	0	1	LastDelay	0	0	1	0
77.0008	4	0	1	LastDelay	0.0153729	15372.9	1	1
77.0203	24	0	1	LastDelay	0	0	1	0
77.0374	41	0	1	LastDelay	0	0	1	0
77.0616	56	0	1	LastDelay	0	0	1	0
77.0658	62	0	1	LastDelay	0.00330615	3306.15	1	1
77.1223	8	0	1	LastDelay	0.00330629	3306.29	1	1
77.1456	60	0	1	LastDelay	1.0236e-05	10.236	1	1
77.1941	25	0	1	LastDelay	0.00642038	6420.38	1	1
77.2043	49	0	1	LastDelay	0.0026521	2652.1	1	1
77.2364	40	0	1	LastDelay	0	0	1	0
77.2767	46	0	1	LastDelay	0	0	1	0
77.2774	51	0	1	LastDelay	0	0	1	0
77.2867	32	0	1	LastDelay	0	0	1	0
77.2926	50	0	1	LastDelay	0	0	1	0
77.343	44	0	1	LastDelay	0.0072006	7200.6	1	1
77.3501	42	0	1	LastDelay	0.0039451	3945.1	1	1
77.3672	69	0	1	LastDelay	0.101587	101587	1	1
77.4496	33	0	1	LastDelay	0.00901381	9013.81	1	1
77.4759	21	0	1	LastDelay	0.00848534	8485.34	1	1
77.5167	28	0	1	LastDelay	0.00286242	2862.42	1	1
77.5224	17	0	1	LastDelay	0	0	1	0
77.6323	61	0	1	LastDelay	0.00168509	1685.09	1	1
77.637	58	0	1	LastDelay	0	0	1	0
77.6449	27	0	1	LastDelay	0.0115525	11552.5	1	1
77.6516	70	0	1	LastDelay	0	0	1	0
77.6577	38	0	1	LastDelay	0	0	1	0
77.6841	20	0	1	LastDelay	0	0	1	0
77.7242	55	0	1	LastDelay	0.0033063	3306.3	1	1
77.7286	23	0	1	LastDelay	0	0	1	0
77.7303	66	0	1	LastDelay	0	0	1	0
77.7303	37	0	1	LastDelay	0.00442531	4425.31	1	1
77.7605	52	0	1	LastDelay	0	0	1	0
77.7624	48	0	1	LastDelay	0.00244064	2440.64	1	1
77.774	36	0	1	LastDelay	0	0	1	0
77.7819	45	0	1	LastDelay	0.0188061	18806.1	1	1
77.7887	0	0	1	LastDelay	0.00262975	2629.75	1	1
77.7887	57	0	1	LastDelay	0.00600213	6002.13	1	1
77.821	63	0	1	LastDelay	0	0	1	0
77.8453	64	0	1	LastDelay	0.0012973	1297.3	1	1
77.8887	65	0	1	LastDelay	0.00330608	3306.08	1	1
77.9304	53	0	1	LastDelay	0.0124095	12409.5	1	1
77.9801	35	0	1	LastDelay	0.00330602	3306.02	1	1
77.9831	31	0	1	LastDelay	0.00138324	1383.24	1	1
77.9854	4	0	1	LastDelay	0	0	1	0
78.0091	68	0	1	LastDelay	0.349699	349699	1	1
78.0282	24	0	1	LastDelay	0.00790585	7905.85	1	1
78.0378	41	0	1	LastDelay	0.000395175	395.175	1	1
78.0625	62	0	1	LastDelay	0	0	1	0
78.068	56	0	1	LastDelay	0.00640012	6400.12	1	1
78.119	8	0	1	LastDelay	0	0	1	0
78.1449	16	0	1	LastDelay	0.000676826	676.826	1	1
78.1455	60	0	1	LastDelay	0	0	1	0
78.1877	25	0	1	LastDelay	0	0	1	0
78.2017	49	0	1	LastDelay	0	0	1	0
78.2397	40	0	1	LastDelay	0.00330623	3306.23	1	1
78.2656	69	0	1	LastDelay	0	0	1	0
78.2804	46	0	1	LastDelay	0.00362039	3620.39	1	1
78.2896	32	0	1	LastDelay	0.00285878	2858.78	1	1
78.293	50	0	1	LastDelay	0.000342826	342.826	1	1
78.321	12	0	1	LastDelay	0.00420584	4205.84	1	1
78.3358	44	0	1	LastDelay	0	0	1	0
78.3462	42	0	1	LastDelay	0	0	1	0
78.413	59	0	1	LastDelay	0.000186327	186.327	1	1
78.4405	33	0	1	LastDelay	0	0	1	0
78.4674	21	0	1	LastDelay	0	0	1	0
78.5138	28	0	1	LastDelay	0	0	1	0
78.5257	17	0	1	LastDelay	0.00330616	3306.16	1	1
78.6097	29	0	1	LastDelay	0.00637748	6377.48	1	1
78.6306	61	0	1	LastDelay	0	0	1	0
78.6334	27	0	1	LastDelay	0	0	1	0
78.6447	58	0	1	LastDelay	0.00771638	7716.38	1	1
78.6577	38	0	1	LastDelay	2.8262e-05	28.262	1	1
78.6594	68	0	1	LastDelay	0	0	1	0
78.6642	70	0	1	LastDelay	0.0125882	12588.2	1	1
78.6864	20	0	1	LastDelay	0.00236902	2369.02	1	1
78.7209	55	0	1	LastDelay	0	0	1	0
78.7259	37	0	1	LastDelay	0	0	1	0
78.7315	23	0	1	LastDelay	0.00291286	2912.86	1	1
78.7377	66	0	1	LastDelay	0.00732206	7322.06	1	1
78.76	48	0	1	LastDelay	0	0	1	0
78.7631	45	0	1	LastDelay	0	0	1	0
78.7696	52	0	1	LastDelay	0.00908797	9087.98	1	1
78.7757	36	0	1	LastDelay	0.00167949	1679.49	1	1
78.7827	57	0	1	LastDelay	0	0	1	0
78.7861	0	0	1	LastDelay	0	0	1	0
78.8303	63	0	1	LastDelay	0.00932481	9324.81	1	1
78.844	64	0	1	LastDelay	0	0	1	0
78.8854	65	0	1	LastDelay	0	0	1	0
78.918	53	0	1	LastDelay	0	0	1	0
78.9767	35	0	1	LastDelay	0	0	1	0
78.9817	31	0	1	LastDelay	0	0	1	0
79.0203	24	0	1	LastDelay	0	0	1	0
79.0374	41	0	1	LastDelay	0	0	1	0
79.0616	56	0	1	LastDelay	0	0	1	0
79.1442	16	0	1	LastDelay	0	0	1	0
79.1506	60	0	1	LastDelay	0.00504534	5045.34	1	1
79.2067	25	0	1	LastDelay	0.0189974	18997.4	1	1
79.2067	49	0	1	LastDelay	0.00499676	4996.76	1	1
79.2364	40	0	1	LastDelay	0	0	1	0
79.2544	71	0	1	LastDelay	0.00374067	3740.68	1	1
79.2767	46	0	1	LastDelay	0	0	1	0
79.2807	51	0	1	LastDelay	0.00338438	3384.38	1	1
79.2867	32	0	1	LastDelay	0	0	1	0
79.2926	50	0	1	LastDelay	0	0	1	0
79.3168	12	0	1	LastDelay	0	0	1	0
79.3493	42	0	1	LastDelay	0.0031612	3161.2	1	1
79.4128	59	0	1	LastDelay	0	0	1	0
79.4243	75	0	1	LastDelay	0.00639081	6390.81	1	1
79.469	21	0	1	LastDelay	0.00156169	1561.69	1	1
79.5224	17	0	1	LastDelay	0	0	1	0
79.6033	29	0	1	LastDelay	0	0	1	0
79.6309	61	0	1	LastDelay	0.000358647	358.647	1	1
79.637	58	0	1	LastDelay	0	0	1	0
79.6381	54	0	1	LastDelay	0.0014445	1444.5	1	1
79.651	27	0	1	LastDelay	0.0176793	17679.3	1	1
79.6516	70	0	1	LastDelay	0	0	1	0
79.6577	38	0	1	LastDelay	0	0	1	0
79.6841	20	0	1	LastDelay	0	0	1	0
79.7272	37	0	1	LastDelay	0.00128308	1283.08	1	1
79.7272	55	0	1	LastDelay	0.00630666	6306.66	1	1
79.7286	23	0	1	LastDelay	0	0	1	0
79.7303	66	0	1	LastDelay	0	0	1	0
79.7605	52	0	1	LastDelay	0	0	1	0
79.767	45	0	1	LastDelay	0.00394731	3947.31	1	1
79.774	36	0	1	LastDelay	0	0	1	0
79.7831	57	0	1	LastDelay	0.000381963	381.963	1	1
79.7964	0	0	1	LastDelay	0.0103371	10337.1	1	1
79.821	63	0	1	LastDelay	0	0	1	0
79.8504	64	0	1	LastDelay	0.00639051	6390.51	1	1
79.9253	53	0	1	LastDelay	0.00731073	7310.73	1	1
79.9865	4	0	1	LastDelay	0.00113928	1139.28	1	1
79.9865	31	0	1	LastDelay	0.00479776	4797.76	1	1
79.9992	68	0	1	LastDelay	0.339747	339747	1	1
80.0235	24	0	1	LastDelay	0.00321299	3212.99	1	1
80.044	41	0	1	LastDelay	0.0066445	6644.5	1	1
80.0632	62	0	1	LastDelay	0.000617857	617.857	1	1
80.1444	16	0	1	LastDelay	0.000208783	208.783	1	1
80.1455	60	0	1	LastDelay	0	0	1	0
80.1877	25	0	1	LastDelay	0	0	1	0
80.2017	49	0	1	LastDelay	0	0	1	0
80.2507	71	0	1	LastDelay	0	0	1	0
80.2699	69	0	1	LastDelay	0.00427702	4277.02	1	1
80.2771	46	0	1	LastDelay	0.000367404	367.404	1	1
80.2774	51	0	1	LastDelay	0	0	1	0
80.2902	32	0	1	LastDelay	0.00344371	3443.71	1	1
80.2994	50	0	1	LastDelay	0.00675012	6750.12	1	1
80.3188	12	0	1	LastDelay	0.00204706	2047.06	1	1
80.3462	42	0	1	LastDelay	0	0	1	0
80.3533	44	0	1	LastDelay	0.0175525	17552.5	1	1
80.4161	59	0	1	LastDelay	0.00330671	3306.71	1	1
80.4179	75	0	1	LastDelay	0	0	1	0
80.442	33	0	1	LastDelay	0.00149749	1497.49	1	1
80.4674	21	0	1	LastDelay	0	0	1	0
80.5202	28	0	1	LastDelay	0.00642965	6429.65	1	1
80.5303	17	0	1	LastDelay	0.00793318	7933.18	1	1
80.6306	61	0	1	LastDelay	0	0	1	0
80.6313	67	0	1	LastDelay	0.015361	15361	1	1
80.6334	27	0	1	LastDelay	0	0	1	0
80.6366	54	0	1	LastDelay	0	0	1	0
80.6569	70	0	1	LastDelay	0.00526767	5267.67	1	1
80.6594	68	0	1	LastDelay	0	0	1	0
80.6822	38	0	1	LastDelay	0.0244504	24450.4	1	1
80.6856	20	0	1	LastDelay	0.00152153	1521.53	1	1
80.7209	55	0	1	LastDelay	0	0	1	0
80.7259	37	0	1	LastDelay	0	0	1	0
80.7368	23	0	1	LastDelay	0.0082226	8222.6	1	1
80.7368	66	0	1	LastDelay	0.00648947	6489.47	1	1
80.7631	45	0	1	LastDelay	0	0	1	0
80.7667	48	0	1	LastDelay	0.00677699	6776.99	1	1
80.7667	52	0	1	LastDelay	0.00626196	6261.96	1	1
80.7827	57	0	1	LastDelay	0	0	1	0
80.7861	0	0	1	LastDelay	0	0	1	0
80.8229	63	0	1	LastDelay	0.00194349	1943.49	1	1
80.844	64	0	1	LastDelay	0	0	1	0
80.8887	65	0	1	LastDelay	0.0033062	3306.2	1	1
80.918	53	0	1	LastDelay	0	0	1	0
80.977	35	0	1	LastDelay	0.000249592	249.592	1	1
80.9817	31	0	1	LastDelay	0	0	1	0
80.9854	4	0	1	LastDelay	0	0	1	0
81.0031	73	0	1	LastDelay	0.0294491	29449.1	1	1
81.0203	24	0	1	LastDelay	0	0	1	0
81.0374	41	0	1	LastDelay	0	0	1	0
81.0625	62	0	1	LastDelay	0	0	1	0
81.1442	16	0	1	LastDelay	0	0	1	0
81.1574	60	0	1	LastDelay	0.0118763	11876.3	1	1
81.1899	25	0	1	LastDelay	0.00219044	2190.44	1	1
81.2182	49	0	1	LastDelay	0.0165166	16516.6	1	1
81.2397	40	0	1	LastDelay	0.00330604	3306.04	1	1
81.2524	71	0	1	LastDelay	0.00168968	1689.68	1	1
81.2656	69	0	1	LastDelay	0	0	1	0
81.2767	46	0	1	LastDelay	0	0	1	0
81.2867	32	0	1	LastDelay	0	0	1	0
81.2926	50	0	1	LastDelay	0	0	1	0
81.3087	72	0	1	LastDelay	0.00334559	3345.59	1	1
81.3168	12	0	1	LastDelay	0	0	1	0
81.3358	44	0	1	LastDelay	0	0	1	0
81.3556	42	0	1	LastDelay	0.00946175	9461.75	1	1
81.4128	59	0	1	LastDelay	0	0	1	0
81.4405	33	0	1	LastDelay	0	0	1	0
81.5138	28	0	1	LastDelay	0	0	1	0
81.5224	17	0	1	LastDelay	0	0	1	0
81.6128	29	0	1	LastDelay	0.00944894	9448.94	1	1
81.616	67	0	1	LastDelay	0	0	1	0
81.6356	61	0	1	LastDelay	0.00507302	5073.02	1	1
81.6356	27	0	1	LastDelay	0.00227399	2273.99	1	1
81.6391	58	0	1	LastDelay	0.00203326	2033.26	1	1
81.6391	54	0	1	LastDelay	0.00242547	2425.47	1	1
81.6516	70	0	1	LastDelay	0	0	1	0
81.6577	38	0	1	LastDelay	0	0	1	0
81.6626	68	0	1	LastDelay	0.00316744	3167.44	1	1
81.6779	74	0	1	LastDelay	0.00113577	1135.78	1	1
81.6841	20	0	1	LastDelay	0	0	1	0
81.7286	23	0	1	LastDelay	0	0	1	0
81.7303	66	0	1	LastDelay	0	0	1	0
81.7312	37	0	1	LastDelay	0.00524466	5244.66	1	1
81.76	48	0	1	LastDelay	0	0	1	0
81.7605	52	0	1	LastDelay	0	0	1	0
81.7697	45	0	1	LastDelay	0.00665258	6652.58	1	1
81.7762	36	0	1	LastDelay	0.00220428	2204.28	1	1
81.7968	0	0	1	LastDelay	0.0107506	10750.6	1	1
81.803	57	0	1	LastDelay	0.0202652	20265.2	1	1
81.821	63	0	1	LastDelay	0	0	1	0
81.8484	64	0	1	LastDelay	0.00443024	4430.24	1	1
81.8854	65	0	1	LastDelay	0	0	1	0
81.9736	73	0	1	LastDelay	0	0	1	0
81.9767	35	0	1	LastDelay	0	0	1	0
81.9857	4	0	1	LastDelay	0.000334366	334.366	1	1
82.0479	41	0	1	LastDelay	0.0105197	10519.7	1	1
82.0649	56	0	1	LastDelay	0.00331907	3319.07	1	1
82.0653	62	0	1	LastDelay	0.00276683	2766.83	1	1
82.1284	8	0	1	LastDelay	0.00944896	9448.96	1	1
82.1455	60	0	1	LastDelay	0	0	1	0
82.1479	16	0	1	LastDelay	0.00368893	3688.93	1	1
82.1877	25	0	1	LastDelay	0	0	1	0
82.2017	49	0	1	LastDelay	0	0	1	0
82.2364	40	0	1	LastDelay	0	0	1	0
82.2507	71	0	1	LastDelay	0	0	1	0
82.2957	32	0	1	LastDelay	0.00897025	8970.25	1	1
82.3053	72	0	1	LastDelay	0	0	1	0
82.3223	12	0	1	LastDelay	0.00552105	5521.05	1	1
82.3462	42	0	1	LastDelay	0	0	1	0
82.3464	44	0	1	LastDelay	0.0106126	10612.6	1	1
82.4362	75	0	1	LastDelay	0.0182748	18274.8	1	1
82.4611	33	0	1	LastDelay	0.0205858	20585.8	1	1
82.4776	21	0	1	LastDelay	0.0102385	10238.5	1	1
82.5145	28	0	1	LastDelay	0.000695407	695.407	1	1
82.5241	17	0	1	LastDelay	0.00165912	1659.12	1	1
82.6033	29	0	1	LastDelay	0	0	1	0
82.6173	67	0	1	LastDelay	0.00134347	1343.47	1	1
82.6306	61	0	1	LastDelay	0	0	1	0
82.6334	27	0	1	LastDelay	0	0	1	0
82.6366	54	0	1	LastDelay	0	0	1	0
82.637	58	0	1	LastDelay	0	0	1	0
82.6594	68	0	1	LastDelay	0	0	1	0
82.6614	38	0	1	LastDelay	0.00370544	3705.44	1	1
82.6768	74	0	1	LastDelay	0	0	1	0
82.6932	20	0	1	LastDelay	0.00910324	9103.24	1	1
82.7259	37	0	1	LastDelay	0	0	1	0
82.7263	55	0	1	LastDelay	0.00544549	5445.49	1	1
82.7294	23	0	1	LastDelay	0.000827941	827.941	1	1
82.7363	66	0	1	LastDelay	0.00592595	5925.95	1	1
82.7631	45	0	1	LastDelay	0	0	1	0
82.768	48	0	1	LastDelay	0.00803208	8032.08	1	1
82.768	52	0	1	LastDelay	0.00751704	7517.04	1	1
82.774	36	0	1	LastDelay	0	0	1	0
82.7827	57	0	1	LastDelay	0	0	1	0
82.7861	0	0	1	LastDelay	0	0	1	0
82.8275	63	0	1	LastDelay	0.00653846	6538.46	1	1
82.844	64	0	1	LastDelay	0	0	1	0
82.9184	53	0	1	LastDelay	0.000468588	468.588	1	1
82.9838	31	0	1	LastDelay	0.00207024	2070.24	1	1
82.9854	4	0	1	LastDelay	0	0	1	0
83.0217	24	0	1	LastDelay	0.0013911	1391.1	1	1
83.0374	41	0	1	LastDelay	0	0	1	0
83.0616	56	0	1	LastDelay	0	0	1	0
83.0625	62	0	1	LastDelay	0	0	1	0
83.119	8	0	1	LastDelay	0	0	1	0
83.1442	16	0	1	LastDelay	0	0	1	0
83.1909	25	0	1	LastDelay	0.00322919	3229.19	1	1
83.2114	49	0	1	LastDelay	0.00972986	9729.86	1	1
83.2374	40	0	1	LastDelay	0.000931289	931.289	1	1
83.2518	71	0	1	LastDelay	0.00107112	1071.12	1	1
83.2867	32	0	1	LastDelay	0	0	1	0
83.2887	46	0	1	LastDelay	0.012009	12009	1	1
83.2925	69	0	1	LastDelay	0.0268614	26861.4	1	1
83.2956	50	0	1	LastDelay	0.00295669	2956.69	1	1
83.3168	12	0	1	LastDelay	0	0	1	0
83.3358	44	0	1	LastDelay	0	0	1	0
83.3478	42	0	1	LastDelay	0.00163473	1634.73	1	1
83.4164	59	0	1	LastDelay	0.00367584	3675.84	1	1
83.4179	75	0	1	LastDelay	0	0	1	0
83.4405	33	0	1	LastDelay	0	0	1	0
83.4674	21	0	1	LastDelay	0	0	1	0
83.5138	28	0	1	LastDelay	0	0	1	0
83.5224	17	0	1	LastDelay	0	0	1	0
83.6066	29	0	1	LastDelay	0.00330637	3306.37	1	1
83.616	67	0	1	LastDelay	0	0	1	0
83.6323	61	0	1	LastDelay	0.00175118	1751.18	1	1
83.6422	27	0	1	LastDelay	0.00886464	8864.64	1	1
83.6422	58	0	1	LastDelay	0.00520971	5209.71	1	1
83.6422	54	0	1	LastDelay	0.00560197	5601.97	1	1
83.6577	38	0	1	LastDelay	0	0	1	0
83.6587	70	0	1	LastDelay	0.00701122	7011.22	1	1
83.6709	68	0	1	LastDelay	0.0115199	11519.9	1	1
83.6841	20	0	1	LastDelay	0	0	1	0
83.6942	74	0	1	LastDelay	0.0173986	17398.6	1	1
83.7209	55	0	1	LastDelay	0	0	1	0
83.7286	23	0	1	LastDelay	0	0	1	0
83.7292	37	0	1	LastDelay	0.00330613	3306.13	1	1
83.7292	73	0	1	LastDelay	0.755589	755589	1	1
83.7303	66	0	1	LastDelay	0	0	1	0
83.76	48	0	1	LastDelay	0	0	1	0
83.7605	52	0	1	LastDelay	0	0	1	0
83.7778	36	0	1	LastDelay	0.00373013	3730.13	1	1
83.7924	57	0	1	LastDelay	0.00970889	9708.89	1	1
83.8173	0	0	1	LastDelay	0.0312503	31250.3	1	1
83.821	63	0	1	LastDelay	0	0	1	0
83.8484	64	0	1	LastDelay	0.00440625	4406.25	1	1
83.8915	65	0	1	LastDelay	0.00608802	6088.02	1	1
83.918	53	0	1	LastDelay	0	0	1	0
83.9736	73	0	1	LastDelay	0	0	1	0
83.9817	31	0	1	LastDelay	0	0	1	0
83.9903	4	0	1	LastDelay	0.00493568	4935.68	1	1
84.0203	24	0	1	LastDelay	0	0	1	0
84.0388	41	0	1	LastDelay	0.00145063	1450.63	1	1
84.0675	62	0	1	LastDelay	0.00499617	4996.17	1	1
84.1223	8	0	1	LastDelay	0.00330604	3306.04	1	1
84.1472	60	0	1	LastDelay	0.00165741	1657.41	1	1
84.1472	16	0	1	LastDelay	0.0029628	2962.8	1	1
84.1877	25	0	1	LastDelay	0	0	1	0
84.2017	49	0	1	LastDelay	0	0	1	0
84.2364	40	0	1	LastDelay	0	0	1	0
84.2507	71	0	1	LastDelay	0	0	1	0
84.2656	69	0	1	LastDelay	0	0	1	0
84.2767	46	0	1	LastDelay	0	0	1	0
84.29	32	0	1	LastDelay	0.00330613	3306.13	1	1
84.2926	50	0	1	LastDelay	0	0	1	0
84.3095	72	0	1	LastDelay	0.00423022	4230.22	1	1
84.3191	12	0	1	LastDelay	0.00231933	2319.33	1	1
84.3462	42	0	1	LastDelay	0	0	1	0
84.3481	44	0	1	LastDelay	0.0123817	12381.7	1	1
84.4128	59	0	1	LastDelay	0	0	1	0
84.4553	33	0	1	LastDelay	0.0147779	14777.9	1	1
84.524	28	0	1	LastDelay	0.0101363	10136.3	1	1
84.527	17	0	1	LastDelay	0.00462572	4625.72	1	1
84.6033	29	0	1	LastDelay	0	0	1	0
84.6306	61	0	1	LastDelay	0	0	1	0
84.6334	27	0	1	LastDelay	0	0	1	0
84.6366	54	0	1	LastDelay	0	0	1	0
84.637	58	0	1	LastDelay	0	0	1	0
84.6516	70	0	1	LastDelay	0	0	1	0
84.6594	68	0	1	LastDelay	0	0	1	0
84.6611	38	0	1	LastDelay	0.00338846	3388.46	1	1
84.6768	74	0	1	LastDelay	0	0	1	0
84.6977	20	0	1	LastDelay	0.0136153	13615.3	1	1
84.7259	37	0	1	LastDelay	0	0	1	0
84.7402	23	0	1	LastDelay	0.0116342	11634.2	1	1
84.7402	66	0	1	LastDelay	0.00990115	9901.15	1	1
84.7628	48	0	1	LastDelay	0.00280704	2807.04	1	1
84.7628	52	0	1	LastDelay	0.00229201	2292.01	1	1
84.7696	45	0	1	LastDelay	0.00650544	6505.44	1	1
84.774	36	0	1	LastDelay	0	0	1	0
84.7827	57	0	1	LastDelay	0	0	1	0
84.7861	0	0	1	LastDelay	0	0	1	0
84.8338	63	0	1	LastDelay	0.0127691	12769.1	1	1
84.844	64	0	1	LastDelay	0	0	1	0
84.8854	65	0	1	LastDelay	0	0	1	0
84.9854	4	0	1	LastDelay	0	0	1	0
84.9989	31	0	1	LastDelay	0.0171088	17108.8	1	1
85.0081	35	0	1	LastDelay	0.0313167	31316.7	1	1
85.0211	24	0	1	LastDelay	0.000731521	731.521	1	1
85.0374	41	0	1	LastDelay	0	0	1	0
85.0625	62	0	1	LastDelay	0	0	1	0
85.119	8	0	1	LastDelay	0	0	1	0
85.1442	16	0	1	LastDelay	0	0	1	0
85.1455	60	0	1	LastDelay	0	0	1	0
85.207	49	0	1	LastDelay	0.00534801	5348.01	1	1
85.2537	71	0	1	LastDelay	0.00304906	3049.06	1	1
85.277	46	0	1	LastDelay	0.000248682	248.682	1	1
85.277	69	0	1	LastDelay	0.0113438	11343.8	1	1
85.2867	32	0	1	LastDelay	0	0	1	0
85.2948	50	0	1	LastDelay	0.00213927	2139.28	1	1
85.3053	72	0	1	LastDelay	0	0	1	0
85.3168	12	0	1	LastDelay	0	0	1	0
85.3358	44	0	1	LastDelay	0	0	1	0
85.3525	42	0	1	LastDelay	0.00636475	6364.75	1	1
85.4161	59	0	1	LastDelay	0.00330605	3306.05	1	1
85.4198	75	0	1	LastDelay	0.00192595	1925.95	1	1
85.4291	78	0	1	LastDelay	0.0729085	72908.5	1	1
85.4405	33	0	1	LastDelay	0	0	1	0
85.4461	79	0	1	LastDelay	0.00614879	6148.79	1	1
85.5138	28	0	1	LastDelay	0	0	1	0
85.5224	17	0	1	LastDelay	0	0	1	0
85.6281	76	0	1	LastDelay	0.00232848	2328.48	1	1
85.6343	61	0	1	LastDelay	0.00371364	3713.64	1	1
85.6343	27	0	1	LastDelay	0.000914586	914.586	1	1
85.6343	67	0	1	LastDelay	0.018291	18291	1	1
85.6411	58	0	1	LastDelay	0.00408869	4088.69	1	1
85.6483	54	0	1	LastDelay	0.0116526	11652.6	1	1
85.6577	38	0	1	LastDelay	0	0	1	0
85.6609	68	0	1	LastDelay	0.00148756	1487.56	1	1
85.6609	70	0	1	LastDelay	0.00926407	9264.07	1	1
85.677	74	0	1	LastDelay	0.000154561	154.561	1	1
85.6841	20	0	1	LastDelay	0	0	1	0
85.7241	55	0	1	LastDelay	0.00320376	3203.76	1	1
85.7286	23	0	1	LastDelay	0	0	1	0
85.7302	37	0	1	LastDelay	0.0043223	4322.3	1	1
85.7303	66	0	1	LastDelay	0	0	1	0
85.76	48	0	1	LastDelay	0	0	1	0
85.7605	52	0	1	LastDelay	0	0	1	0
85.7631	45	0	1	LastDelay	0	0	1	0
85.7759	36	0	1	LastDelay	0.00185841	1858.41	1	1
85.7857	57	0	1	LastDelay	0.00302407	3024.07	1	1
85.7888	0	0	1	LastDelay	0.00272291	2722.91	1	1
85.821	63	0	1	LastDelay	0	0	1	0
85.8525	64	0	1	LastDelay	0.00851624	8516.24	1	1
85.8981	65	0	1	LastDelay	0.0126876	12687.6	1	1
85.923	53	0	1	LastDelay	0.00503582	5035.82	1	1
85.9767	35	0	1	LastDelay	0	0	1	0
85.9774	73	0	1	LastDelay	0.00378095	3780.95	1	1
85.9817	31	0	1	LastDelay	0	0	1	0
85.9968	4	0	1	LastDelay	0.0114385	11438.5	1	1
86.0203	24	0	1	LastDelay	0	0	1	0
86.0653	62	0	1	LastDelay	0.00274928	2749.28	1	1
86.1233	8	0	1	LastDelay	0.00438665	4386.65	1	1
86.149	60	0	1	LastDelay	0.00345297	3452.97	1	1
86.149	16	0	1	LastDelay	0.00475839	4758.39	1	1
86.1907	25	0	1	LastDelay	0.00308731	3087.31	1	1
86.2017	49	0	1	LastDelay	0	0	1	0
86.2401	40	0	1	LastDelay	0.0037038	3703.8	1	1
86.2507	71	0	1	LastDelay	0	0	1	0
86.2656	69	0	1	LastDelay	0	0	1	0
86.2767	46	0	1	LastDelay	0	0	1	0
86.288	32	0	1	LastDelay	0.00132471	1324.71	1	1
86.2926	50	0	1	LastDelay	0	0	1	0
86.3137	72	0	1	LastDelay	0.00839231	8392.31	1	1
86.3229	12	0	1	LastDelay	0.00613905	6139.05	1	1
86.339	44	0	1	LastDelay	0.00320428	3204.28	1	1
86.3462	42	0	1	LastDelay	0	0	1	0
86.3562	78	0	1	LastDelay	0	0	1	0
86.4128	59	0	1	LastDelay	0	0	1	0
86.4179	75	0	1	LastDelay	0	0	1	0
86.44	79	0	1	LastDelay	0	0	1	0
86.4787	21	0	1	LastDelay	0.0112797	11279.7	1	1
86.5202	28	0	1	LastDelay	0.00637739	6377.39	1	1
86.5267	17	0	1	LastDelay	0.0042953	4295.3	1	1
86.6138	29	0	1	LastDelay	0.0104309	10430.9	1	1
86.616	67	0	1	LastDelay	0	0	1	0
86.6258	76	0	1	LastDelay	0	0	1	0
86.6306	61	0	1	LastDelay	0	0	1	0
86.6334	27	0	1	LastDelay	0	0	1	0
86.6366	54	0	1	LastDelay	0	0	1	0
86.637	58	0	1	LastDelay	0	0	1	0
86.6516	70	0	1	LastDelay	0	0	1	0
86.6594	68	0	1	LastDelay	0	0	1	0
86.6768	74	0	1	LastDelay	0	0	1	0
86.6869	20	0	1	LastDelay	0.00281276	2812.76	1	1
86.7209	55	0	1	LastDelay	0	0	1	0
86.7259	37	0	1	LastDelay	0	0	1	0
86.7312	23	0	1	LastDelay	0.00262137	2621.37	1	1
86.7442	66	0	1	LastDelay	0.0138724	13872.4	1	1
86.7633	45	0	1	LastDelay	0.000189208	189.208	1	1
86.767	52	0	1	LastDelay	0.00654925	6549.25	1	1
86.774	36	0	1	LastDelay	0	0	1	0
86.7827	57	0	1	LastDelay	0	0	1	0
86.7861	0	0	1	LastDelay	0	0	1	0
86.8255	63	0	1	LastDelay	0.0045067	4506.7	1	1
86.844	64	0	1	LastDelay	0	0	1	0
86.8854	65	0	1	LastDelay	0	0	1	0
86.918	53	0	1	LastDelay	0	0	1	0
86.9736	73	0	1	LastDelay	0	0	1	0
86.9854	4	0	1	LastDelay	0	0	1	0
87.0023	31	0	1	LastDelay	0.0205096	20509.6	1	1
87.0218	24	0	1	LastDelay	0.00144368	1443.68	1	1
87.0382	41	0	1	LastDelay	0.000800649	800.649	1	1
87.0625	62	0	1	LastDelay	0	0	1	0
87.119	8	0	1	LastDelay	0	0	1	0
87.1442	16	0	1	LastDelay	0	0	1	0
87.1455	60	0	1	LastDelay	0	0	1	0
87.1877	25	0	1	LastDelay	0	0	1	0
87.2364	40	0	1	LastDelay	0	0	1	0
87.268	69	0	1	LastDelay	0.00234942	2349.42	1	1
87.2806	46	0	1	LastDelay	0.0039085	3908.5	1	1
87.2867	32	0	1	LastDelay	0	0	1	0
87.3002	50	0	1	LastDelay	0.00758186	7581.85	1	1
87.3053	72	0	1	LastDelay	0	0	1	0
87.3168	12	0	1	LastDelay	0	0	1	0
87.3358	44	0	1	LastDelay	0	0	1	0
87.384	78	0	1	LastDelay	0.0278215	27821.5	1	1
87.4161	59	0	1	LastDelay	0.0033061	3306.1	1	1
87.4191	75	0	1	LastDelay	0.0012264	1226.4	1	1
87.4502	33	0	1	LastDelay	0.00967308	9673.08	1	1
87.4502	79	0	1	LastDelay	0.0102373	10237.3	1	1
87.4674	21	0	1	LastDelay	0	0	1	0
87.5138	28	0	1	LastDelay	0	0	1	0
87.5224	17	0	1	LastDelay	0	0	1	0
87.6033	29	0	1	LastDelay	0	0	1	0
87.6193	67	0	1	LastDelay	0.00330623	3306.23	1	1
87.6412	54	0	1	LastDelay	0.00453496	4534.96	1	1
87.6412	58	0	1	LastDelay	0.00414293	4142.93	1	1
87.6412	61	0	1	LastDelay	0.0105972	10597.2	1	1
87.6412	76	0	1	LastDelay	0.0153541	15354.1	1	1
87.6596	70	0	1	LastDelay	0.00794567	7945.67	1	1
87.6641	68	0	1	LastDelay	0.00463955	4639.55	1	1
87.6641	38	0	1	LastDelay	0.00634249	6342.49	1	1
87.6841	20	0	1	LastDelay	0	0	1	0
87.7231	55	0	1	LastDelay	0.00216669	2166.69	1	1
87.7286	23	0	1	LastDelay	0	0	1	0
87.7303	66	0	1	LastDelay	0	0	1	0
87.7394	37	0	1	LastDelay	0.0135175	13517.5	1	1
87.7605	52	0	1	LastDelay	0	0	1	0
87.7613	48	0	1	LastDelay	0.00131294	1312.94	1	1
87.7631	45	0	1	LastDelay	0	0	1	0
87.7741	36	0	1	LastDelay	4.638e-05	46.38	1	1
87.7901	0	0	1	LastDelay	0.00403488	4034.88	1	1
87.8069	57	0	1	LastDelay	0.0241366	24136.6	1	1
87.821	63	0	1	LastDelay	0	0	1	0
87.8484	64	0	1	LastDelay	0.00439004	4390.04	1	1
87.9257	53	0	1	LastDelay	0.00775197	7751.97	1	1
87.9769	35	0	1	LastDelay	0.000159864	159.864	1	1
87.98	73	0	1	LastDelay	0.00635345	6353.45	1	1
87.9817	31	0	1	LastDelay	0	0	1	0
88.0203	24	0	1	LastDelay	0	0	1	0
88.0374	41	0	1	LastDelay	0	0	1	0
88.1223	8	0	1	LastDelay	0.00330626	3306.26	1	1
88.1449	16	0	1	LastDelay	0.000708888	708.888	1	1
88.1576	60	0	1	LastDelay	0.012032	12032	1	1
88.194	25	0	1	LastDelay	0.00637758	6377.58	1	1
88.2036	49	0	1	LastDelay	0.00195988	1959.88	1	1
88.2447	40	0	1	LastDelay	0.00822864	8228.64	1	1
88.2508	71	0	1	LastDelay	0.000113349	113.349	1	1
88.2656	69	0	1	LastDelay	0	0	1	0
88.2767	46	0	1	LastDelay	0	0	1	0
88.2882	32	0	1	LastDelay	0.00145538	1455.38	1	1
88.2926	50	0	1	LastDelay	0	0	1	0
88.3151	72	0	1	LastDelay	0.00977463	9774.63	1	1
88.3182	12	0	1	LastDelay	0.00137733	1377.33	1	1
88.3369	44	0	1	LastDelay	0.00117041	1170.4	1	1
88.3496	42	0	1	LastDelay	0.00337134	3371.34	1	1
88.3562	78	0	1	LastDelay	0	0	1	0
88.4128	59	0	1	LastDelay	0	0	1	0
88.4179	75	0	1	LastDelay	0	0	1	0
88.44	79	0	1	LastDelay	0	0	1	0
88.4405	33	0	1	LastDelay	0	0	1	0
88.4707	21	0	1	LastDelay	0.00330631	3306.31	1	1
88.5216	28	0	1	LastDelay	0.00776095	7760.95	1	1
88.555	83	0	1	LastDelay	0.00405573	4055.73	1	1
88.6066	29	0	1	LastDelay	0.00330608	3306.08	1	1
88.616	67	0	1	LastDelay	0	0	1	0
88.6258	76	0	1	LastDelay	0	0	1	0
88.6306	61	0	1	LastDelay	0	0	1	0
88.6353	27	0	1	LastDelay	0.00191908	1919.08	1	1
88.6366	54	0	1	LastDelay	0	0	1	0
88.637	58	0	1	LastDelay	0	0	1	0
88.6516	70	0	1	LastDelay	0	0	1	0
88.6525	80	0	1	LastDelay	0.00330638	3306.38	1	1
88.6577	38	0	1	LastDelay	0	0	1	0
88.6594	68	0	1	LastDelay	0	0	1	0
88.6835	74	0	1	LastDelay	0.00673504	6735.04	1	1
88.6962	20	0	1	LastDelay	0.0121108	12110.8	1	1
88.7209	55	0	1	LastDelay	0	0	1	0
88.7259	37	0	1	LastDelay	0	0	1	0
88.7314	66	0	1	LastDelay	0.00108645	1086.45	1	1
88.7314	23	0	1	LastDelay	0.0028196	2819.6	1	1
88.76	48	0	1	LastDelay	0	0	1	0
88.7638	52	0	1	LastDelay	0.00330605	3306.05	1	1
88.7638	45	0	1	LastDelay	0.000704285	704.285	1	1
88.774	36	0	1	LastDelay	0	0	1	0
88.7827	57	0	1	LastDelay	0	0	1	0
88.7861	0	0	1	LastDelay	0	0	1	0
88.8211	63	0	1	LastDelay	0.000140826	140.826	1	1
88.844	64	0	1	LastDelay	0	0	1	0
88.8867	65	0	1	LastDelay	0.00124454	1244.54	1	1
88.918	53	0	1	LastDelay	0	0	1	0
88.9419	82	0	1	LastDelay	0.00637781	6377.81	1	1
88.9736	73	0	1	LastDelay	0	0	1	0
88.9767	35	0	1	LastDelay	0	0	1	0
88.9883	4	0	1	LastDelay	0.00284968	2849.68	1	1
89.0204	24	0	1	LastDelay	4.5795e-05	45.795	1	1
89.0392	41	0	1	LastDelay	0.00177482	1774.82	1	1
89.119	8	0	1	LastDelay	0	0	1	0
89.1442	16	0	1	LastDelay	0	0	1	0
89.1455	60	0	1	LastDelay	0	0	1	0
89.1877	25	0	1	LastDelay	0	0	1	0
89.2017	49	0	1	LastDelay	0	0	1	0
89.2364	40	0	1	LastDelay	0	0	1	0
89.2507	71	0	1	LastDelay	0	0	1	0
89.2867	32	0	1	LastDelay	0	0	1	0
89.2997	46	0	1	LastDelay	0.0229809	22980.9	1	1
89.3031	86	0	1	LastDelay	0.0642091	64209.1	1	1
89.3053	72	0	1	LastDelay	0	0	1	0
89.3069	50	0	1	LastDelay	0.0143107	14310.7	1	1
89.3168	12	0	1	LastDelay	0	0	1	0
89.3358	44	0	1	LastDelay	0	0	1	0
89.3462	42	0	1	LastDelay	0	0	1	0
89.3595	78	0	1	LastDelay	0.00330635	3306.35	1	1
89.4294	75	0	1	LastDelay	0.0114833	11483.3	1	1
89.442	33	0	1	LastDelay	0.00148431	1484.31	1	1
89.442	79	0	1	LastDelay	0.00204839	2048.39	1	1
89.4674	21	0	1	LastDelay	0	0	1	0
89.5138	28	0	1	LastDelay	0	0	1	0
89.5509	83	0	1	LastDelay	0	0	1	0
89.6033	29	0	1	LastDelay	0	0	1	0
89.6262	76	0	1	LastDelay	0.000353823	353.823	1	1
89.6334	27	0	1	LastDelay	0	0	1	0
89.6365	61	0	1	LastDelay	0.00589279	5892.79	1	1
89.6492	80	0	1	LastDelay	0	0	1	0
89.6501	58	0	1	LastDelay	0.0130596	13059.6	1	1
89.6501	54	0	1	LastDelay	0.0134519	13451.9	1	1
89.6532	70	0	1	LastDelay	0.00150652	1506.52	1	1
89.6624	38	0	1	LastDelay	0.00465964	4659.64	1	1
89.6768	74	0	1	LastDelay	0	0	1	0
89.6841	20	0	1	LastDelay	0	0	1	0
89.7249	55	0	1	LastDelay	0.00403169	4031.68	1	1
89.7286	23	0	1	LastDelay	0	0	1	0
89.7303	66	0	1	LastDelay	0	0	1	0
89.7354	37	0	1	LastDelay	0.00950313	9503.13	1	1
89.7605	52	0	1	LastDelay	0	0	1	0
89.7621	48	0	1	LastDelay	0.00208877	2088.77	1	1
89.7631	45	0	1	LastDelay	0	0	1	0
89.7764	36	0	1	LastDelay	0.00236939	2369.39	1	1
89.784	57	0	1	LastDelay	0.00131707	1317.07	1	1
89.7943	0	0	1	LastDelay	0.00818792	8187.92	1	1
89.821	63	0	1	LastDelay	0	0	1	0
89.8513	64	0	1	LastDelay	0.0072753	7275.3	1	1
89.8772	87	0	1	LastDelay	0.243893	243893	1	1
89.8803	77	0	1	LastDelay	0.0232349	23234.9	1	1
89.8854	65	0	1	LastDelay	0	0	1	0
89.9198	81	0	1	LastDelay	0.00558162	5581.62	1	1
89.9198	53	0	1	LastDelay	0.00182173	1821.73	1	1
89.9355	82	0	1	LastDelay	0	0	1	0
89.9769	35	0	1	LastDelay	0.000184206	184.206	1	1
89.9854	4	0	1	LastDelay	0	0	1	0
89.9923	31	0	1	LastDelay	0.0105459	10545.9	1	1
90.0203	24	0	1	LastDelay	0	0	1	0
90.0374	41	0	1	LastDelay	0	0	1	0
90.0725	62	0	1	LastDelay	0.00995431	9954.31	1	1
90.1482	16	0	1	LastDelay	0.00400652	4006.52	1	1
90.1544	60	0	1	LastDelay	0.00884356	8843.56	1	1
90.2024	49	0	1	LastDelay	0.000755352	755.352	1	1
90.2058	25	0	1	LastDelay	0.0181705	18170.5	1	1
90.2377	40	0	1	LastDelay	0.00123629	1236.29	1	1
90.2389	86	0	1	LastDelay	0	0	1	0
90.2667	69	0	1	LastDelay	0.00101574	1015.74	1	1
90.2767	46	0	1	LastDelay	0	0	1	0
90.2868	32	0	1	LastDelay	0.00011484	114.84	1	1
90.2926	50	0	1	LastDelay	0	0	1	0
90.3077	72	0	1	LastDelay	0.00241173	2411.74	1	1
90.335	12	0	1	LastDelay	0.0181748	18174.8	1	1
90.3411	44	0	1	LastDelay	0.00534037	5340.37	1	1
90.3503	42	0	1	LastDelay	0.00411382	4113.82	1	1
90.3562	78	0	1	LastDelay	0	0	1	0
90.4162	59	0	1	LastDelay	0.0034234	3423.4	1	1
90.4179	75	0	1	LastDelay	0	0	1	0
90.44	79	0	1	LastDelay	0	0	1	0
90.4405	33	0	1	LastDelay	0	0	1	0
90.5236	17	0	1	LastDelay	0.00121067	1210.66	1	1
90.5621	83	0	1	LastDelay	0.0111737	11173.7	1	1
90.6104	29	0	1	LastDelay	0.00709123	7091.23	1	1
90.6176	67	0	1	LastDelay	0.00160757	1607.57	1	1
90.6258	76	0	1	LastDelay	0	0	1	0
90.6306	61	0	1	LastDelay	0	0	1	0
90.6334	87	0	1	LastDelay	0	0	1	0
90.6366	54	0	1	LastDelay	0	0	1	0
90.637	58	0	1	LastDelay	0	0	1	0
90.6425	27	0	1	LastDelay	0.00910717	9107.17	1	1
90.6516	70	0	1	LastDelay	0	0	1	0
90.6577	38	0	1	LastDelay	0	0	1	0
90.6609	68	0	1	LastDelay	0.00147811	1478.12	1	1
90.664	80	0	1	LastDelay	0.0148048	14804.8	1	1
90.6776	74	0	1	LastDelay	0.000808414	808.414	1	1
90.6906	20	0	1	LastDelay	0.00655431	6554.31	1	1
90.7006	85	0	1	LastDelay	0.0531225	53122.5	1	1
90.7209	55	0	1	LastDelay	0	0	1	0
90.7259	37	0	1	LastDelay	0	0	1	0
90.7347	23	0	1	LastDelay	0.00613968	6139.68	1	1
90.7378	66	0	1	LastDelay	0.00749083	7490.83	1	1
90.76	48	0	1	LastDelay	0	0	1	0
90.761	52	0	1	LastDelay	0.000541825	541.825	1	1
90.7641	45	0	1	LastDelay	0.00102402	1024.02	1	1
90.774	36	0	1	LastDelay	0	0	1	0
90.7827	57	0	1	LastDelay	0	0	1	0
90.7861	0	0	1	LastDelay	0	0	1	0
90.844	64	0	1	LastDelay	0	0	1	0
90.8571	77	0	1	LastDelay	0	0	1	0
90.8887	65	0	1	LastDelay	0.00328023	3280.23	1	1
90.9142	81	0	1	LastDelay	0	0	1	0
90.918	53	0	1	LastDelay	0	0	1	0
90.941	82	0	1	LastDelay	0.00545802	5458.02	1	1
90.9767	35	0	1	LastDelay	0	0	1	0
90.9769	73	0	1	LastDelay	0.00330606	3306.06	1	1
90.9817	31	0	1	LastDelay	0	0	1	0
91.0029	4	0	1	LastDelay	0.0175271	17527.1	1	1
91.0244	24	0	1	LastDelay	0.00405576	4055.76	1	1
91.0405	41	0	1	LastDelay	0.00305585	3055.85	1	1
91.0625	62	0	1	LastDelay	0	0	1	0
91.1442	16	0	1	LastDelay	0	0	1	0
91.1455	60	0	1	LastDelay	0	0	1	0
91.1877	25	0	1	LastDelay	0	0	1	0
91.2017	49	0	1	LastDelay	0	0	1	0
91.2364	40	0	1	LastDelay	0	0	1	0
91.2522	71	0	1	LastDelay	0.00149866	1498.66	1	1
91.2656	69	0	1	LastDelay	0	0	1	0
91.2867	32	0	1	LastDelay	0	0	1	0
91.3036	50	0	1	LastDelay	0.010933	10933	1	1
91.3053	72	0	1	LastDelay	0	0	1	0
91.3168	12	0	1	LastDelay	0	0	1	0
91.3358	44	0	1	LastDelay	0	0	1	0
91.3462	42	0	1	LastDelay	0	0	1	0
91.3575	78	0	1	LastDelay	0.00130521	1305.21	1	1
91.4128	59	0	1	LastDelay	0	0	1	0
91.4603	79	0	1	LastDelay	0.0203417	20341.7	1	1
91.4669	33	0	1	LastDelay	0.0263831	26383.1	1	1
91.4707	21	0	1	LastDelay	0.00327675	3276.75	1	1
91.5148	28	0	1	LastDelay	0.00102496	1024.96	1	1
91.5224	17	0	1	LastDelay	0	0	1	0
91.5509	83	0	1	LastDelay	0	0	1	0
91.6033	29	0	1	LastDelay	0	0	1	0
91.616	67	0	1	LastDelay	0	0	1	0
91.6291	76	0	1	LastDelay	0.00330656	3306.56	1	1
91.6334	27	0	1	LastDelay	0	0	1	0
91.6391	58	0	1	LastDelay	0.00203399	2033.99	1	1
91.6391	61	0	1	LastDelay	0.00848834	8488.34	1	1
91.646	54	0	1	LastDelay	0.0093336	9333.6	1	1
91.6474	85	0	1	LastDelay	0	0	1	0
91.6492	80	0	1	LastDelay	0	0	1	0
91.6594	68	0	1	LastDelay	0	0	1	0
91.6642	38	0	1	LastDelay	0.00653037	6530.37	1	1
91.6642	70	0	1	LastDelay	0.0126041	12604.1	1	1
91.6768	74	0	1	LastDelay	0	0	1	0
91.6841	20	0	1	LastDelay	0	0	1	0
91.7276	55	0	1	LastDelay	0.0067341	6734.1	1	1
91.7286	23	0	1	LastDelay	0	0	1	0
91.7303	66	0	1	LastDelay	0	0	1	0
91.7525	37	0	1	LastDelay	0.0266231	26623.1	1	1
91.7605	52	0	1	LastDelay	0	0	1	0
91.7631	45	0	1	LastDelay	0	0	1	0
91.7689	48	0	1	LastDelay	0.00897517	8975.17	1	1
91.7893	57	0	1	LastDelay	0.00655353	6553.53	1	1
91.8296	63	0	1	LastDelay	0.00859487	8594.87	1	1
91.8515	64	0	1	LastDelay	0.00747788	7477.88	1	1
91.8593	77	0	1	LastDelay	0.00221892	2218.92	1	1
91.8854	65	0	1	LastDelay	0	0	1	0
91.9273	81	0	1	LastDelay	0.013118	13118	1	1
91.9355	82	0	1	LastDelay	0	0	1	0
91.9369	53	0	1	LastDelay	0.0189278	18927.8	1	1
91.9736	73	0	1	LastDelay	0	0	1	0
91.9801	35	0	1	LastDelay	0.0033072	3307.2	1	1
91.9854	4	0	1	LastDelay	0	0	1	0
92.0023	31	0	1	LastDelay	0.0205109	20510.9	1	1
92.0203	24	0	1	LastDelay	0	0	1	0
92.0374	41	0	1	LastDelay	0	0	1	0
92.1953	25	0	1	LastDelay	0.00763711	7637.11	1	1
92.2429	40	0	1	LastDelay	0.00652196	6521.96	1	1
92.2507	71	0	1	LastDelay	0	0	1	0
92.2556	86	0	1	LastDelay	0.0166391	16639.1	1	1
92.2689	69	0	1	LastDelay	0.00330625	3306.25	1	1
92.2843	46	0	1	LastDelay	0.00755509	7555.09	1	1
92.2904	32	0	1	LastDelay	0.00372266	3722.66	1	1
92.2926	50	0	1	LastDelay	0	0	1	0
92.3065	72	0	1	LastDelay	0.00117947	1179.47	1	1
92.3265	12	0	1	LastDelay	0.00969802	9698.02	1	1
92.336	44	0	1	LastDelay	0.000278188	278.188	1	1
92.3487	42	0	1	LastDelay	0.0025073	2507.3	1	1
92.3562	78	0	1	LastDelay	0	0	1	0
92.4157	59	0	1	LastDelay	0.00291505	2915.05	1	1
92.4192	75	0	1	LastDelay	0.0012434	1243.4	1	1
92.44	79	0	1	LastDelay	0	0	1	0
92.4405	33	0	1	LastDelay	0	0	1	0
92.4674	21	0	1	LastDelay	0	0	1	0
92.5138	28	0	1	LastDelay	0	0	1	0
92.5568	83	0	1	LastDelay	0.00588897	5888.97	1	1
92.6066	29	0	1	LastDelay	0.0033062	3306.2	1	1
92.6258	76	0	1	LastDelay	0	0	1	0
92.6281	67	0	1	LastDelay	0.0121491	12149.1	1	1
92.6306	61	0	1	LastDelay	0	0	1	0
92.6366	54	0	1	LastDelay	0	0	1	0
92.637	58	0	1	LastDelay	0	0	1	0
92.6374	27	0	1	LastDelay	0.00398661	3986.61	1	1
92.6411	87	0	1	LastDelay	0.00775436	7754.35	1	1
92.6516	70	0	1	LastDelay	0	0	1	0
92.6577	38	0	1	LastDelay	0	0	1	0
92.6605	68	0	1	LastDelay	0.00104366	1043.66	1	1
92.6796	74	0	1	LastDelay	0.00279563	2795.63	1	1
92.7124	20	0	1	LastDelay	0.0283172	28317.2	1	1
92.7209	55	0	1	LastDelay	0	0	1	0
92.7259	37	0	1	LastDelay	0	0	1	0
92.7352	23	0	1	LastDelay	0.00665046	6650.46	1	1
92.7383	66	0	1	LastDelay	0.00801512	8015.12	1	1
92.76	48	0	1	LastDelay	0	0	1	0
92.7647	45	0	1	LastDelay	0.00163868	1638.67	1	1
92.7647	52	0	1	LastDelay	0.00424066	4240.66	1	1
92.7808	36	0	1	LastDelay	0.00673399	6733.99	1	1
92.7827	57	0	1	LastDelay	0	0	1	0
92.821	63	0	1	LastDelay	0	0	1	0
92.844	64	0	1	LastDelay	0	0	1	0
92.8571	77	0	1	LastDelay	0	0	1	0
92.9142	81	0	1	LastDelay	0	0	1	0
92.918	53	0	1	LastDelay	0	0	1	0
92.9384	82	0	1	LastDelay	0.00288468	2884.68	1	1
92.9767	35	0	1	LastDelay	0	0	1	0
92.9817	31	0	1	LastDelay	0	0	1	0
92.9974	73	0	1	LastDelay	0.0238113	23811.3	1	1
93.0261	24	0	1	LastDelay	0.00580352	5803.52	1	1
93.0395	41	0	1	LastDelay	0.00206372	2063.72	1	1
93.066	62	0	1	LastDelay	0.00349768	3497.68	1	1
93.1463	60	0	1	LastDelay	0.000706261	706.261	1	1
93.1877	25	0	1	LastDelay	0	0	1	0
93.211	49	0	1	LastDelay	0.00935699	9356.99	1	1
93.2364	40	0	1	LastDelay	0	0	1	0
93.2389	86	0	1	LastDelay	0	0	1	0
93.254	71	0	1	LastDelay	0.00330605	3306.05	1	1
93.2656	69	0	1	LastDelay	0	0	1	0
93.2767	46	0	1	LastDelay	0	0	1	0
93.2867	32	0	1	LastDelay	0	0	1	0
93.2981	50	0	1	LastDelay	0.00543617	5436.17	1	1
93.3053	72	0	1	LastDelay	0	0	1	0
93.3168	12	0	1	LastDelay	0	0	1	0
93.3358	44	0	1	LastDelay	0	0	1	0
93.3462	42	0	1	LastDelay	0	0	1	0
93.3595	78	0	1	LastDelay	0.00330615	3306.15	1	1
93.4128	59	0	1	LastDelay	0	0	1	0
93.4179	75	0	1	LastDelay	0	0	1	0
93.4467	33	0	1	LastDelay	0.00615666	6156.66	1	1
93.4467	79	0	1	LastDelay	0.00672076	6720.76	1	1
93.4703	21	0	1	LastDelay	0.00287463	2874.63	1	1
93.5158	28	0	1	LastDelay	0.00199251	1992.51	1	1
93.525	17	0	1	LastDelay	0.00263756	2637.56	1	1
93.5509	83	0	1	LastDelay	0	0	1	0
93.6033	29	0	1	LastDelay	0	0	1	0
93.616	67	0	1	LastDelay	0	0	1	0
93.6334	87	0	1	LastDelay	0	0	1	0
93.6334	27	0	1	LastDelay	0	0	1	0
93.6383	58	0	1	LastDelay	0.00130857	1308.57	1	1
93.6383	61	0	1	LastDelay	0.00776286	7762.86	1	1
93.6383	76	0	1	LastDelay	0.0125198	12519.8	1	1
93.6383	54	0	1	LastDelay	0.00170085	1700.85	1	1
93.6513	80	0	1	LastDelay	0.00217379	2173.79	1	1
93.6594	68	0	1	LastDelay	0	0	1	0
93.6674	38	0	1	LastDelay	0.00967781	9677.81	1	1
93.6674	70	0	1	LastDelay	0.0157514	15751.4	1	1
93.6768	74	0	1	LastDelay	0	0	1	0
93.6841	20	0	1	LastDelay	0	0	1	0
93.7286	23	0	1	LastDelay	0	0	1	0
93.7303	66	0	1	LastDelay	0	0	1	0
93.7605	52	0	1	LastDelay	0	0	1	0
93.7631	45	0	1	LastDelay	0	0	1	0
93.7633	48	0	1	LastDelay	0.00330617	3306.17	1	1
93.774	36	0	1	LastDelay	0	0	1	0
93.7921	57	0	1	LastDelay	0.00935703	9357.03	1	1
93.8496	64	0	1	LastDelay	0.00564199	5641.99	1	1
93.8527	84	0	1	LastDelay	0.01537	15370	1	1
93.9185	53	0	1	LastDelay	0.000494672	494.672	1	1
93.9218	81	0	1	LastDelay	0.00761981	7619.81	1	1
93.9355	82	0	1	LastDelay	0	0	1	0
93.9736	73	0	1	LastDelay	0	0	1	0
93.9796	35	0	1	LastDelay	0.00281528	2815.28	1	1
93.9835	31	0	1	LastDelay	0.00171016	1710.16	1	1
94.0203	24	0	1	LastDelay	0	0	1	0
94.0374	41	0	1	LastDelay	0	0	1	0
94.0625	62	0	1	LastDelay	0	0	1	0
94.1455	60	0	1	LastDelay	0	0	1	0
94.2017	49	0	1	LastDelay	0	0	1	0
94.2462	86	0	1	LastDelay	0.007294	7294	1	1
94.2507	71	0	1	LastDelay	0	0	1	0
94.2716	69	0	1	LastDelay	0.00590994	5909.94	1	1
94.2869	32	0	1	LastDelay	0.000221717	221.717	1	1
94.2926	50	0	1	LastDelay	0	0	1	0
94.3255	12	0	1	LastDelay	0.00873049	8730.49	1	1
94.3426	72	0	1	LastDelay	0.0373097	37309.7	1	1
94.3426	44	0	1	LastDelay	0.00686453	6864.53	1	1
94.3562	78	0	1	LastDelay	0	0	1	0
94.3845	42	0	1	LastDelay	0.0383311	38331.1	1	1
94.4161	59	0	1	LastDelay	0.00330642	3306.42	1	1
94.4256	75	0	1	LastDelay	0.00772532	7725.32	1	1
94.44	79	0	1	LastDelay	0	0	1	0
94.4405	33	0	1	LastDelay	0	0	1	0
94.4674	21	0	1	LastDelay	0	0	1	0
94.5138	28	0	1	LastDelay	0	0	1	0
94.5224	17	0	1	LastDelay	0	0	1	0
94.6231	67	0	1	LastDelay	0.00706212	7062.12	1	1
94.6258	76	0	1	LastDelay	0	0	1	0
94.6306	61	0	1	LastDelay	0	0	1	0
94.6366	54	0	1	LastDelay	0	0	1	0
94.637	58	0	1	LastDelay	0	0	1	0
94.6391	27	0	1	LastDelay	0.00572837	5728.37	1	1
94.6492	80	0	1	LastDelay	0	0	1	0
94.6516	70	0	1	LastDelay	0	0	1	0
94.6529	87	0	1	LastDelay	0.0195947	19594.7	1	1
94.6577	38	0	1	LastDelay	0	0	1	0
94.6598	68	0	1	LastDelay	0.000344455	344.455	1	1
94.6919	74	0	1	LastDelay	0.0150817	15081.7	1	1
94.6959	20	0	1	LastDelay	0.0118117	11811.7	1	1
94.7307	23	0	1	LastDelay	0.00207738	2077.38	1	1
94.7307	66	0	1	LastDelay	0.000344414	344.414	1	1
94.7337	55	0	1	LastDelay	0.0128633	12863.3	1	1
94.76	48	0	1	LastDelay	0	0	1	0
94.7669	45	0	1	LastDelay	0.00377926	3779.26	1	1
94.7669	52	0	1	LastDelay	0.00638132	6381.32	1	1
94.7827	57	0	1	LastDelay	0	0	1	0
94.7867	36	0	1	LastDelay	0.0126195	12619.5	1	1
94.8249	63	0	1	LastDelay	0.00389009	3890.09	1	1
94.8373	84	0	1	LastDelay	0	0	1	0
94.844	64	0	1	LastDelay	0	0	1	0
94.8858	65	0	1	LastDelay	0.000385609	385.609	1	1
94.9142	81	0	1	LastDelay	0	0	1	0
94.918	53	0	1	LastDelay	0	0	1	0
94.937	91	0	1	LastDelay	0.00640375	6403.75	1	1
94.9401	82	0	1	LastDelay	0.00455514	4555.14	1	1
94.9767	35	0	1	LastDelay	0	0	1	0
94.9788	73	0	1	LastDelay	0.00517906	5179.06	1	1
94.9817	31	0	1	LastDelay	0	0	1	0
95.0295	24	0	1	LastDelay	0.00913507	9135.07	1	1
95.0491	41	0	1	LastDelay	0.0116574	11657.4	1	1
95.0685	62	0	1	LastDelay	0.00594978	5949.78	1	1
95.2081	49	0	1	LastDelay	0.00639069	6390.69	1	1
95.2371	40	0	1	LastDelay	0.000663015	663.015	1	1
95.2389	86	0	1	LastDelay	0	0	1	0
95.2529	71	0	1	LastDelay	0.00219596	2195.96	1	1
95.2656	69	0	1	LastDelay	0	0	1	0
95.2867	32	0	1	LastDelay	0	0	1	0
95.3053	72	0	1	LastDelay	0	0	1	0
95.3082	50	0	1	LastDelay	0.0155756	15575.6	1	1
95.3168	12	0	1	LastDelay	0	0	1	0
95.3358	44	0	1	LastDelay	0	0	1	0
95.3462	42	0	1	LastDelay	0	0	1	0
95.4128	59	0	1	LastDelay	0	0	1	0
95.4179	75	0	1	LastDelay	0	0	1	0
95.4433	79	0	1	LastDelay	0.00330609	3306.09	1	1
95.4467	33	0	1	LastDelay	0.00615647	6156.47	1	1
95.4689	21	0	1	LastDelay	0.00151434	1514.34	1	1
95.5163	28	0	1	LastDelay	0.00245463	2454.63	1	1
95.5258	17	0	1	LastDelay	0.00344271	3442.71	1	1
95.5512	83	0	1	LastDelay	0.000276918	276.918	1	1
95.6058	29	0	1	LastDelay	0.00249659	2496.59	1	1
95.616	67	0	1	LastDelay	0	0	1	0
95.6334	87	0	1	LastDelay	0	0	1	0
95.6334	27	0	1	LastDelay	0	0	1	0
95.6348	76	0	1	LastDelay	0.00899617	8996.17	1	1
95.6348	61	0	1	LastDelay	0.00423936	4239.36	1	1
95.6379	58	0	1	LastDelay	0.000856078	856.078	1	1
95.6444	54	0	1	LastDelay	0.00773402	7734.02	1	1
95.6594	68	0	1	LastDelay	0	0	1	0
95.6597	80	0	1	LastDelay	0.010578	10578	1	1
95.6597	38	0	1	LastDelay	0.00202589	2025.89	1	1
95.6599	85	0	1	LastDelay	0.0124298	12429.8	1	1
95.6768	74	0	1	LastDelay	0	0	1	0
95.6771	70	0	1	LastDelay	0.0255041	25504.1	1	1
95.6833	88	0	1	LastDelay	0.00527189	5271.89	1	1
95.6841	20	0	1	LastDelay	0	0	1	0
95.7209	55	0	1	LastDelay	0	0	1	0
95.7286	23	0	1	LastDelay	0	0	1	0
95.7303	66	0	1	LastDelay	0	0	1	0
95.7605	52	0	1	LastDelay	0	0	1	0
95.7631	45	0	1	LastDelay	0	0	1	0
95.774	36	0	1	LastDelay	0	0	1	0
95.7915	57	0	1	LastDelay	0.00883152	8831.52	1	1
95.821	63	0	1	LastDelay	0	0	1	0
95.8482	64	0	1	LastDelay	0.00420739	4207.39	1	1
95.8702	77	0	1	LastDelay	0.0131108	13110.8	1	1
95.8854	65	0	1	LastDelay	0	0	1	0
95.9188	53	0	1	LastDelay	0.00080265	802.65	1	1
95.9291	81	0	1	LastDelay	0.014903	14903	1	1
95.9306	91	0	1	LastDelay	0	0	1	0
95.9355	82	0	1	LastDelay	0	0	1	0
95.9736	73	0	1	LastDelay	0	0	1	0
95.9769	35	0	1	LastDelay	0.000147014	147.014	1	1
95.9861	31	0	1	LastDelay	0.00439257	4392.57	1	1
96.0203	24	0	1	LastDelay	0	0	1	0
96.0374	41	0	1	LastDelay	0	0	1	0
96.0625	62	0	1	LastDelay	0	0	1	0
96.2017	49	0	1	LastDelay	0	0	1	0
96.2364	40	0	1	LastDelay	0	0	1	0
96.2507	71	0	1	LastDelay	0	0	1	0
96.2805	69	0	1	LastDelay	0.0148813	14881.3	1	1
96.287	32	0	1	LastDelay	0.000310174	310.174	1	1
96.2926	50	0	1	LastDelay	0	0	1	0
96.3346	72	0	1	LastDelay	0.029304	29304	1	1
96.3346	12	0	1	LastDelay	0.017836	17836	1	1
96.3377	44	0	1	LastDelay	0.00192977	1929.77	1	1
96.3537	42	0	1	LastDelay	0.00754722	7547.22	1	1
96.3568	78	0	1	LastDelay	0.000651392	651.392	1	1
96.4181	75	0	1	LastDelay	0.000208897	208.897	1	1
96.4181	59	0	1	LastDelay	0.00536029	5360.29	1	1
96.44	79	0	1	LastDelay	0	0	1	0
96.4405	33	0	1	LastDelay	0	0	1	0
96.4674	21	0	1	LastDelay	0	0	1	0
96.5138	28	0	1	LastDelay	0	0	1	0
96.5224	17	0	1	LastDelay	0	0	1	0
96.5509	83	0	1	LastDelay	0	0	1	0
96.6033	29	0	1	LastDelay	0	0	1	0
96.6193	67	0	1	LastDelay	0.00333228	3332.28	1	1
96.6258	76	0	1	LastDelay	0	0	1	0
96.6306	61	0	1	LastDelay	0	0	1	0
96.6366	54	0	1	LastDelay	0	0	1	0
96.6367	87	0	1	LastDelay	0.0033062	3306.2	1	1
96.637	58	0	1	LastDelay	0	0	1	0
96.6404	27	0	1	LastDelay	0.00705389	7053.89	1	1
96.6474	85	0	1	LastDelay	0	0	1	0
96.6492	80	0	1	LastDelay	0	0	1	0
96.6516	70	0	1	LastDelay	0	0	1	0
96.6577	38	0	1	LastDelay	0	0	1	0
96.6606	68	0	1	LastDelay	0.00114132	1141.32	1	1
96.678	88	0	1	LastDelay	0	0	1	0
96.6808	74	0	1	LastDelay	0.00400504	4005.04	1	1
96.6883	20	0	1	LastDelay	0.00426818	4268.18	1	1
96.7344	66	0	1	LastDelay	0.00410746	4107.46	1	1
96.7344	23	0	1	LastDelay	0.00584067	5840.67	1	1
96.7611	52	0	1	LastDelay	0.000574774	574.774	1	1
96.7611	48	0	1	LastDelay	0.00108982	1089.82	1	1
96.7679	45	0	1	LastDelay	0.00481449	4814.49	1	1
96.7778	36	0	1	LastDelay	0.00374113	3741.13	1	1
96.7827	57	0	1	LastDelay	0	0	1	0
96.831	63	0	1	LastDelay	0.00998706	9987.06	1	1
96.844	64	0	1	LastDelay	0	0	1	0
96.8571	77	0	1	LastDelay	0	0	1	0
96.8826	84	0	1	LastDelay	0.0453092	45309.2	1	1
96.886	65	0	1	LastDelay	0.000628288	628.288	1	1
96.9142	81	0	1	LastDelay	0	0	1	0
96.918	53	0	1	LastDelay	0	0	1	0
96.9371	82	0	1	LastDelay	0.00153595	1535.95	1	1
96.941	91	0	1	LastDelay	0.0103817	10381.7	1	1
96.9767	35	0	1	LastDelay	0	0	1	0
96.9789	73	0	1	LastDelay	0.00527374	5273.74	1	1
96.9817	31	0	1	LastDelay	0	0	1	0
97.0799	41	0	1	LastDelay	0.0425042	42504.2	1	1
97.1489	60	0	1	LastDelay	0.00330604	3306.04	1	1
97.2459	40	0	1	LastDelay	0.00952093	9520.93	1	1
97.2459	86	0	1	LastDelay	0.00700971	7009.71	1	1
97.2586	71	0	1	LastDelay	0.00795786	7957.86	1	1
97.2656	69	0	1	LastDelay	0	0	1	0
97.2867	32	0	1	LastDelay	0	0	1	0
97.2969	50	0	1	LastDelay	0.0042778	4277.8	1	1
97.3053	72	0	1	LastDelay	0	0	1	0
97.3168	12	0	1	LastDelay	0	0	1	0
97.3358	44	0	1	LastDelay	0	0	1	0
97.3462	42	0	1	LastDelay	0	0	1	0
97.3562	78	0	1	LastDelay	0	0	1	0
97.4128	59	0	1	LastDelay	0	0	1	0
97.4179	75	0	1	LastDelay	0	0	1	0
97.4433	33	0	1	LastDelay	0.00274232	2742.32	1	1
97.4433	79	0	1	LastDelay	0.00330632	3306.32	1	1
97.4998	21	0	1	LastDelay	0.0323922	32392.2	1	1
97.5186	28	0	1	LastDelay	0.00476083	4760.83	1	1
97.5607	83	0	1	LastDelay	0.0097918	9791.8	1	1
97.6082	29	0	1	LastDelay	0.00486106	4861.06	1	1
97.616	67	0	1	LastDelay	0	0	1	0
97.6302	76	0	1	LastDelay	0.00435816	4358.16	1	1
97.6333	61	0	1	LastDelay	0.00268536	2685.36	1	1
97.6334	87	0	1	LastDelay	0	0	1	0
97.6334	27	0	1	LastDelay	0	0	1	0
97.6394	54	0	1	LastDelay	0.00276565	2765.65	1	1
97.6425	58	0	1	LastDelay	0.00544471	5444.71	1	1
97.6523	70	0	1	LastDelay	0.000683176	683.176	1	1
97.6523	85	0	1	LastDelay	0.00489408	4894.08	1	1
97.6554	80	0	1	LastDelay	0.00623329	6233.29	1	1
97.6594	68	0	1	LastDelay	0	0	1	0
97.6653	38	0	1	LastDelay	0.00756863	7568.63	1	1
97.6768	74	0	1	LastDelay	0	0	1	0
97.6841	20	0	1	LastDelay	0	0	1	0
97.7286	23	0	1	LastDelay	0	0	1	0
97.7303	66	0	1	LastDelay	0	0	1	0
97.76	48	0	1	LastDelay	0	0	1	0
97.7605	52	0	1	LastDelay	0	0	1	0
97.7631	45	0	1	LastDelay	0	0	1	0
97.774	36	0	1	LastDelay	0	0	1	0
97.7889	57	0	1	LastDelay	0.00615697	6156.97	1	1
97.821	63	0	1	LastDelay	0	0	1	0
97.8373	84	0	1	LastDelay	0	0	1	0
97.8664	77	0	1	LastDelay	0.00932589	9325.89	1	1
97.8854	65	0	1	LastDelay	0	0	1	0
97.9181	53	0	1	LastDelay	0.000119508	119.508	1	1
97.9181	81	0	1	LastDelay	0.00387986	3879.86	1	1
97.9306	91	0	1	LastDelay	0	0	1	0
97.9355	82	0	1	LastDelay	0	0	1	0
97.9736	73	0	1	LastDelay	0	0	1	0
97.9832	31	0	1	LastDelay	0.00143555	1435.55	1	1
97.9832	35	0	1	LastDelay	0.00642985	6429.85	1	1
98.0218	24	0	1	LastDelay	0.00149645	1496.45	1	1
98.0374	41	0	1	LastDelay	0	0	1	0
98.1455	60	0	1	LastDelay	0	0	1	0
98.205	49	0	1	LastDelay	0.00330602	3306.02	1	1
98.2364	40	0	1	LastDelay	0	0	1	0
98.2389	86	0	1	LastDelay	0	0	1	0
98.2507	71	0	1	LastDelay	0	0	1	0
98.269	69	0	1	LastDelay	0.00330636	3306.36	1	1
98.2915	32	0	1	LastDelay	0.00476408	4764.08	1	1
98.2926	50	0	1	LastDelay	0	0	1	0
98.3075	72	0	1	LastDelay	0.00223376	2233.76	1	1
98.3398	44	0	1	LastDelay	0.00404708	4047.08	1	1
98.3562	42	0	1	LastDelay	0.0100053	10005.3	1	1
98.3623	78	0	1	LastDelay	0.00618007	6180.07	1	1
98.4139	59	0	1	LastDelay	0.00113327	1133.27	1	1
98.4236	92	0	1	LastDelay	0.0197777	19777.7	1	1
98.4267	75	0	1	LastDelay	0.00878299	8782.99	1	1
98.44	79	0	1	LastDelay	0	0	1	0
98.4405	33	0	1	LastDelay	0	0	1	0
98.4674	21	0	1	LastDelay	0	0	1	0
98.5138	28	0	1	LastDelay	0	0	1	0
98.5509	83	0	1	LastDelay	0	0	1	0
98.6033	29	0	1	LastDelay	0	0	1	0
98.6258	76	0	1	LastDelay	0	0	1	0
98.6306	61	0	1	LastDelay	0	0	1	0
98.6366	54	0	1	LastDelay	0	0	1	0
98.637	58	0	1	LastDelay	0	0	1	0
98.6474	85	0	1	LastDelay	0	0	1	0
98.6492	80	0	1	LastDelay	0	0	1	0
98.6516	70	0	1	LastDelay	0	0	1	0
98.6534	27	0	1	LastDelay	0.0200645	20064.5	1	1
98.6577	38	0	1	LastDelay	0	0	1	0
98.6596	68	0	1	LastDelay	0.000164151	164.151	1	1
98.6842	20	0	1	LastDelay	0.000110544	110.544	1	1
98.6872	74	0	1	LastDelay	0.0104335	10433.5	1	1
98.73	23	0	1	LastDelay	0.00136705	1367.05	1	1
98.73	95	0	1	LastDelay	0.404383	404383	1	1
98.7331	66	0	1	LastDelay	0.00271814	2718.14	1	1
98.7658	52	0	1	LastDelay	0.00531376	5313.76	1	1
98.7658	48	0	1	LastDelay	0.0058288	5828.8	1	1
98.7658	45	0	1	LastDelay	0.00271199	2711.99	1	1
98.7757	36	0	1	LastDelay	0.00167598	1675.98	1	1
98.7827	57	0	1	LastDelay	0	0	1	0
98.836	63	0	1	LastDelay	0.0150307	15030.7	1	1
98.8571	77	0	1	LastDelay	0	0	1	0
98.8575	84	0	1	LastDelay	0.0202136	20213.6	1	1
98.8729	64	0	1	LastDelay	0.0289134	28913.4	1	1
98.8945	65	0	1	LastDelay	0.00910555	9105.56	1	1
98.9142	81	0	1	LastDelay	0	0	1	0
98.918	53	0	1	LastDelay	0	0	1	0
98.9372	82	0	1	LastDelay	0.00167481	1674.81	1	1
98.9372	91	0	1	LastDelay	0.00662048	6620.48	1	1
98.976	73	0	1	LastDelay	0.00236321	2363.21	1	1
98.9767	35	0	1	LastDelay	0	0	1	0
98.9817	31	0	1	LastDelay	0	0	1	0
99.0203	24	0	1	LastDelay	0	0	1	0
99.0633	62	0	1	LastDelay	0.000810296	810.296	1	1
99.2017	49	0	1	LastDelay	0	0	1	0
99.2397	40	0	1	LastDelay	0.00330647	3306.47	1	1
99.2397	86	0	1	LastDelay	0.000795281	795.281	1	1
99.2558	71	0	1	LastDelay	0.00508041	5080.41	1	1
99.2656	69	0	1	LastDelay	0	0	1	0
99.2867	32	0	1	LastDelay	0	0	1	0
99.2969	50	0	1	LastDelay	0.00424399	4243.99	1	1
99.3053	72	0	1	LastDelay	0	0	1	0
99.3256	95	0	1	LastDelay	0	0	1	0
99.3358	44	0	1	LastDelay	0	0	1	0
99.3462	42	0	1	LastDelay	0	0	1	0
99.3562	78	0	1	LastDelay	0	0	1	0
99.4036	89	0	1	LastDelay	0.00331967	3319.67	1	1
99.4039	92	0	1	LastDelay	0	0	1	0
99.4128	59	0	1	LastDelay	0	0	1	0
99.4179	75	0	1	LastDelay	0	0	1	0
99.4433	33	0	1	LastDelay	0.00274238	2742.38	1	1
99.4433	79	0	1	LastDelay	0.00330645	3306.45	1	1
99.4679	21	0	1	LastDelay	0.000498687	498.687	1	1
99.5158	28	0	1	LastDelay	0.00195468	1954.68	1	1
99.5513	83	0	1	LastDelay	0.00038516	385.16	1	1
99.5861	17	0	1	LastDelay	0.0637019	63701.9	1	1
99.6153	29	0	1	LastDelay	0.0119908	11990.8	1	1
99.6334	27	0	1	LastDelay	0	0	1	0
99.6355	87	0	1	LastDelay	0.00214077	2140.77	1	1
99.6416	58	0	1	LastDelay	0.00461782	4617.82	1	1
99.6492	54	0	1	LastDelay	0.0125248	12524.8	1	1
99.6525	70	0	1	LastDelay	0.000872693	872.693	1	1
99.6556	80	0	1	LastDelay	0.00642281	6422.81	1	1
99.6594	68	0	1	LastDelay	0	0	1	0
99.6682	38	0	1	LastDelay	0.0104749	10474.9	1	1
99.6768	74	0	1	LastDelay	0	0	1	0
99.6841	20	0	1	LastDelay	0	0	1	0
99.6938	88	0	1	LastDelay	0.0157611	15761.1	1	1
99.7286	23	0	1	LastDelay	0	0	1	0
99.7303	66	0	1	LastDelay	0	0	1	0
99.76	48	0	1	LastDelay	0	0	1	0
99.7605	52	0	1	LastDelay	0	0	1	0
99.7631	45	0	1	LastDelay	0	0	1	0
99.774	36	0	1	LastDelay	0	0	1	0
99.821	63	0	1	LastDelay	0	0	1	0
99.8373	84	0	1	LastDelay	0	0	1	0
99.844	64	0	1	LastDelay	0	0	1	0
99.8854	65	0	1	LastDelay	0	0	1	0
99.9305	53	0	1	LastDelay	0.0125561	12556.1	1	1
99.9306	91	0	1	LastDelay	0	0	1	0
99.9355	82	0	1	LastDelay	0	0	1	0
99.9736	73	0	1	LastDelay	0	0	1	0
99.9828	31	0	1	LastDelay	0.00103783	1037.83	1	1
99.9828	35	0	1	LastDelay	0.00603215	6032.15	1	1
