Time	Node	AppId	SeqNo	Type	DelayS	DelayUS	RetxCount	HopCount
17.8911	2	0	1	LastDelay	0.00333269	3332.69	1	1
18.8878	2	0	1	LastDelay	0	0	1	0
18.9693	3	0	1	LastDelay	0.00341041	3410.41	1	1
19.0883	1	0	1	LastDelay	0.006469	6469	1	1
19.8911	2	0	1	LastDelay	0.0033454	3345.4	1	1
19.9659	3	0	1	LastDelay	0	0	1	0
20.0818	1	0	1	LastDelay	0	0	1	0
20.3094	6	0	1	LastDelay	0.00649485	6494.85	1	1
20.8878	2	0	1	LastDelay	0	0	1	0
20.9551	7	0	1	LastDelay	0.0041101	4110.1	1	1
20.9692	3	0	1	LastDelay	0.00333213	3332.13	1	1
21.0916	1	0	1	LastDelay	0.00981899	9818.99	1	1
21.3029	6	0	1	LastDelay	0	0	1	0
21.7895	11	0	1	LastDelay	0.594489	594489	1	1
21.796	10	0	1	LastDelay	0.529679	529679	1	1
21.951	7	0	1	LastDelay	0	0	1	0
21.9659	3	0	1	LastDelay	0	0	1	0
22.0818	1	0	1	LastDelay	0	0	1	0
22.195	11	0	1	LastDelay	0	0	1	0
22.2663	10	0	1	LastDelay	0	0	1	0
22.3095	6	0	1	LastDelay	0.00650806	6508.06	1	1
22.7894	0	0	1	LastDelay	0.00331954	3319.54	1	1
22.8916	2	0	1	LastDelay	0.00378005	3780.05	1	1
22.895	4	0	1	LastDelay	0.909625	909625	1	1
22.9544	7	0	1	LastDelay	0.00334548	3345.48	1	1
22.9692	3	0	1	LastDelay	0.00331948	3319.48	1	1
22.9854	4	0	1	LastDelay	0	0	1	0
23.0883	1	0	1	LastDelay	0.00654704	6547.04	1	1
23.1223	8	0	1	LastDelay	0.00331949	3319.49	1	1
23.1984	11	0	1	LastDelay	0.0033193	3319.3	1	1
23.2729	10	0	1	LastDelay	0.00655974	6559.74	1	1
23.3029	6	0	1	LastDelay	0	0	1	0
23.3202	12	0	1	LastDelay	0.00346258	3462.58	1	1
23.7861	0	0	1	LastDelay	0	0	1	0
23.8695	5	0	1	LastDelay	0.00649479	6494.78	1	1
23.8878	2	0	1	LastDelay	0	0	1	0
23.951	7	0	1	LastDelay	0	0	1	0
23.9659	3	0	1	LastDelay	0	0	1	0
24.0818	1	0	1	LastDelay	0	0	1	0
24.119	8	0	1	LastDelay	0	0	1	0
24.195	11	0	1	LastDelay	0	0	1	0
24.2663	10	0	1	LastDelay	0	0	1	0
24.3168	12	0	1	LastDelay	0	0	1	0
24.7894	9	0	1	LastDelay	0.352132	352132	1	1
24.863	5	0	1	LastDelay	0	0	1	0
25.1987	11	0	1	LastDelay	0.00367585	3675.85	1	1
25.2697	10	0	1	LastDelay	0.00338442	3384.42	1	1
25.4373	9	0	1	LastDelay	0	0	1	0
25.8698	5	0	1	LastDelay	0.00687755	6877.55	1	1
25.9547	7	0	1	LastDelay	0.0036764	3676.4	1	1
26.0851	1	0	1	LastDelay	0.00330613	3306.13	1	1
26.195	11	0	1	LastDelay	0	0	1	0
26.2663	10	0	1	LastDelay	0	0	1	0
26.3124	6	0	1	LastDelay	0.00948794	9487.94	1	1
26.4408	9	0	1	LastDelay	0.00350165	3501.65	1	1
26.7894	0	0	1	LastDelay	0.00330624	3306.24	1	1
26.863	5	0	1	LastDelay	0	0	1	0
26.951	7	0	1	LastDelay	0	0	1	0
27.035	15	0	1	LastDelay	0.00342322	3423.22	1	1
27.0818	1	0	1	LastDelay	0	0	1	0
27.1227	8	0	1	LastDelay	0.00372772	3727.72	1	1
27.1983	12	0	1	LastDelay	0.881564	881564	1	1
27.1987	13	0	1	LastDelay	0.58297	582970	1	1
27.3029	6	0	1	LastDelay	0	0	1	0
27.3168	12	0	1	LastDelay	0	0	1	0
27.4373	9	0	1	LastDelay	0	0	1	0
27.6158	13	0	1	LastDelay	0	0	1	0
27.7861	0	0	1	LastDelay	0	0	1	0
27.9887	4	0	1	LastDelay	0.00330627	3306.27	1	1
28.0316	15	0	1	LastDelay	0	0	1	0
28.119	8	0	1	LastDelay	0	0	1	0
28.7894	0	0	1	LastDelay	0.00331907	3319.07	1	1
28.9854	4	0	1	LastDelay	0	0	1	0
29.0851	1	0	1	LastDelay	0.00333213	3332.13	1	1
29.1223	8	0	1	LastDelay	0.00334535	3345.35	1	1
29.1987	11	0	1	LastDelay	0.00370173	3701.73	1	1
29.2727	10	0	1	LastDelay	0.0064037	6403.7	1	1
29.3201	12	0	1	LastDelay	0.00333242	3332.42	1	1
29.7861	0	0	1	LastDelay	0	0	1	0
29.8663	5	0	1	LastDelay	0.00333212	3332.12	1	1
29.8736	16	0	1	LastDelay	0.729374	729374	1	1
30.0349	15	0	1	LastDelay	0.00330638	3306.38	1	1
30.067	14	0	1	LastDelay	0.00690331	6903.31	1	1
30.0818	1	0	1	LastDelay	0	0	1	0
30.1107	19	0	1	LastDelay	0.00330632	3306.32	1	1
30.119	8	0	1	LastDelay	0	0	1	0
30.1442	16	0	1	LastDelay	0	0	1	0
30.195	11	0	1	LastDelay	0	0	1	0
30.2663	10	0	1	LastDelay	0	0	1	0
30.3168	12	0	1	LastDelay	0	0	1	0
30.4406	9	0	1	LastDelay	0.00331939	3319.39	1	1
30.6222	13	0	1	LastDelay	0.00646892	6468.92	1	1
30.7894	0	0	1	LastDelay	0.0033062	3306.2	1	1
30.863	5	0	1	LastDelay	0	0	1	0
31.0316	15	0	1	LastDelay	0	0	1	0
31.0601	14	0	1	LastDelay	0	0	1	0
31.1074	19	0	1	LastDelay	0	0	1	0
31.4373	9	0	1	LastDelay	0	0	1	0
31.6158	13	0	1	LastDelay	0	0	1	0
31.7861	0	0	1	LastDelay	0	0	1	0
32.1223	8	0	1	LastDelay	0.00333216	3332.16	1	1
32.6878	20	0	1	LastDelay	0.00368903	3689.03	1	1
32.8663	5	0	1	LastDelay	0.00330626	3306.26	1	1
33.0851	1	0	1	LastDelay	0.00331913	3319.13	1	1
33.111	19	0	1	LastDelay	0.00364983	3649.83	1	1
33.119	8	0	1	LastDelay	0	0	1	0
33.3201	12	0	1	LastDelay	0.00330637	3306.37	1	1
33.6841	20	0	1	LastDelay	0	0	1	0
33.7319	23	0	1	LastDelay	0.00330669	3306.69	1	1
33.863	5	0	1	LastDelay	0	0	1	0
33.9887	4	0	1	LastDelay	0.00331915	3319.15	1	1
34.0456	27	0	1	LastDelay	0.412214	412214	1	1
34.0818	1	0	1	LastDelay	0	0	1	0
34.1074	19	0	1	LastDelay	0	0	1	0
34.3168	12	0	1	LastDelay	0	0	1	0
34.6191	13	0	1	LastDelay	0.00330627	3306.27	1	1
34.6334	27	0	1	LastDelay	0	0	1	0
34.6874	20	0	1	LastDelay	0.00330618	3306.18	1	1
34.7286	23	0	1	LastDelay	0	0	1	0
34.7894	0	0	1	LastDelay	0.00331904	3319.04	1	1
34.9854	4	0	1	LastDelay	0	0	1	0
35.0851	1	0	1	LastDelay	0.00331913	3319.13	1	1
35.107	18	0	1	LastDelay	0.00337178	3371.78	1	1
35.1138	19	0	1	LastDelay	0.00639907	6399.07	1	1
35.1199	8	0	1	LastDelay	0.00097561	975.61	1	1
35.1291	22	0	1	LastDelay	0.127231	127231	1	1
35.148	16	0	1	LastDelay	0.00372453	3724.53	1	1
35.3201	12	0	1	LastDelay	0.00330615	3306.15	1	1
35.5257	17	0	1	LastDelay	0.00330655	3306.55	1	1
35.6158	13	0	1	LastDelay	0	0	1	0
35.6841	20	0	1	LastDelay	0	0	1	0
35.7861	0	0	1	LastDelay	0	0	1	0
35.8663	5	0	1	LastDelay	0.00331964	3319.64	1	1
35.9955	21	0	1	LastDelay	0.528148	528148	1	1
36.0019	22	0	1	LastDelay	0	0	1	0
36.0818	1	0	1	LastDelay	0	0	1	0
36.1036	18	0	1	LastDelay	0	0	1	0
36.1074	19	0	1	LastDelay	0	0	1	0
36.119	8	0	1	LastDelay	0	0	1	0
36.1442	16	0	1	LastDelay	0	0	1	0
36.3168	12	0	1	LastDelay	0	0	1	0
36.4674	21	0	1	LastDelay	0	0	1	0
36.5224	17	0	1	LastDelay	0	0	1	0
36.863	5	0	1	LastDelay	0	0	1	0
37.1073	18	0	1	LastDelay	0.00371493	3714.93	1	1
37.4406	9	0	1	LastDelay	0.0033064	3306.4	1	1
37.6874	20	0	1	LastDelay	0.00330667	3306.67	1	1
37.7894	0	0	1	LastDelay	0.0033062	3306.2	1	1
38.0072	22	0	1	LastDelay	0.0053024	5302.4	1	1
38.0887	26	0	1	LastDelay	0.0708815	70881.5	1	1
38.1036	18	0	1	LastDelay	0	0	1	0
38.4373	9	0	1	LastDelay	0	0	1	0
38.4707	21	0	1	LastDelay	0.00330681	3306.81	1	1
38.5318	25	0	1	LastDelay	0.344097	344097	1	1
38.6841	20	0	1	LastDelay	0	0	1	0
38.7861	0	0	1	LastDelay	0	0	1	0
39.0019	22	0	1	LastDelay	0	0	1	0
39.0178	26	0	1	LastDelay	0	0	1	0
39.1877	25	0	1	LastDelay	0	0	1	0
39.4674	21	0	1	LastDelay	0	0	1	0
39.6194	13	0	1	LastDelay	0.00367583	3675.83	1	1
39.7319	23	0	1	LastDelay	0.00330617	3306.17	1	1
39.9887	4	0	1	LastDelay	0.00330626	3306.26	1	1
40.5206	28	0	1	LastDelay	0.00677281	6772.81	1	1
40.5247	17	0	1	LastDelay	0.00233134	2331.34	1	1
40.6158	13	0	1	LastDelay	0	0	1	0
40.7286	23	0	1	LastDelay	0	0	1	0
40.8663	5	0	1	LastDelay	0.00330618	3306.18	1	1
40.9854	4	0	1	LastDelay	0	0	1	0
41.0851	1	0	1	LastDelay	0.00330611	3306.11	1	1
41.1223	8	0	1	LastDelay	0.00330612	3306.12	1	1
41.1476	16	0	1	LastDelay	0.00333206	3332.06	1	1
41.3206	12	0	1	LastDelay	0.00379302	3793.02	1	1
41.4406	9	0	1	LastDelay	0.00331926	3319.26	1	1
41.4635	32	0	1	LastDelay	0.176806	176806	1	1
41.4707	21	0	1	LastDelay	0.00331954	3319.54	1	1
41.5138	28	0	1	LastDelay	0	0	1	0
41.5224	17	0	1	LastDelay	0	0	1	0
41.6335	27	0	1	LastDelay	0.000146752	146.752	1	1
41.7327	31	0	1	LastDelay	0.750915	750915	1	1
41.7894	0	0	1	LastDelay	0.00333202	3332.02	1	1
41.863	5	0	1	LastDelay	0	0	1	0
41.9817	31	0	1	LastDelay	0	0	1	0
42.0028	22	0	1	LastDelay	0.000855771	855.771	1	1
42.0288	24	0	1	LastDelay	0.00845081	8450.81	1	1
42.0518	26	0	1	LastDelay	0.0340431	34043.1	1	1
42.0818	1	0	1	LastDelay	0	0	1	0
42.1069	18	0	1	LastDelay	0.0033062	3306.2	1	1
42.119	8	0	1	LastDelay	0	0	1	0
42.1442	16	0	1	LastDelay	0	0	1	0
42.2867	32	0	1	LastDelay	0	0	1	0
42.3168	12	0	1	LastDelay	0	0	1	0
42.4373	9	0	1	LastDelay	0	0	1	0
42.4674	21	0	1	LastDelay	0	0	1	0
42.5243	17	0	1	LastDelay	0.00192247	1922.47	1	1
42.6334	27	0	1	LastDelay	0	0	1	0
42.7861	0	0	1	LastDelay	0	0	1	0
43.0019	22	0	1	LastDelay	0	0	1	0
43.0178	26	0	1	LastDelay	0	0	1	0
43.0203	24	0	1	LastDelay	0	0	1	0
43.1036	18	0	1	LastDelay	0	0	1	0
43.3209	12	0	1	LastDelay	0.0041125	4112.5	1	1
43.5224	17	0	1	LastDelay	0	0	1	0
44.0222	24	0	1	LastDelay	0.00184136	1841.36	1	1
44.1069	18	0	1	LastDelay	0.00330619	3306.19	1	1
44.1475	16	0	1	LastDelay	0.0033061	3306.1	1	1
44.3168	12	0	1	LastDelay	0	0	1	0
44.5175	28	0	1	LastDelay	0.00372724	3727.24	1	1
44.9892	4	0	1	LastDelay	0.00378712	3787.12	1	1
45.0203	24	0	1	LastDelay	0	0	1	0
45.1036	18	0	1	LastDelay	0	0	1	0
45.1223	8	0	1	LastDelay	0.00330606	3306.06	1	1
45.1442	16	0	1	LastDelay	0	0	1	0
45.1941	25	0	1	LastDelay	0.00640345	6403.45	1	1
45.4707	21	0	1	LastDelay	0.00331915	3319.15	1	1
45.5138	28	0	1	LastDelay	0	0	1	0
45.607	29	0	1	LastDelay	0.00370185	3701.85	1	1
45.618	13	0	1	LastDelay	0.00225738	2257.38	1	1
45.6354	27	0	1	LastDelay	0.00207907	2079.07	1	1
45.9854	4	0	1	LastDelay	0	0	1	0
46.0022	22	0	1	LastDelay	0.000255153	255.153	1	1
46.023	26	0	1	LastDelay	0.00523229	5232.29	1	1
46.023	24	0	1	LastDelay	0.00268564	2685.64	1	1
46.1058	18	0	1	LastDelay	0.00219871	2198.71	1	1
46.119	8	0	1	LastDelay	0	0	1	0
46.1877	25	0	1	LastDelay	0	0	1	0
46.4406	9	0	1	LastDelay	0.00330602	3306.02	1	1
46.444	33	0	1	LastDelay	0.00347634	3476.34	1	1
46.4674	21	0	1	LastDelay	0	0	1	0
46.5316	17	0	1	LastDelay	0.00922862	9228.62	1	1
46.6033	29	0	1	LastDelay	0	0	1	0
46.6158	13	0	1	LastDelay	0	0	1	0
46.6334	27	0	1	LastDelay	0	0	1	0
46.733	23	0	1	LastDelay	0.00443382	4433.82	1	1
46.8663	5	0	1	LastDelay	0.00330614	3306.14	1	1
46.9538	30	0	1	LastDelay	0.00330667	3306.67	1	1
46.9892	4	0	1	LastDelay	0.00380018	3800.18	1	1
47.0019	22	0	1	LastDelay	0	0	1	0
47.0178	26	0	1	LastDelay	0	0	1	0
47.0203	24	0	1	LastDelay	0	0	1	0
47.1036	18	0	1	LastDelay	0	0	1	0
47.1223	8	0	1	LastDelay	0.00330607	3306.07	1	1
47.4373	9	0	1	LastDelay	0	0	1	0
47.4405	33	0	1	LastDelay	0	0	1	0
47.5224	17	0	1	LastDelay	0	0	1	0
47.6377	27	0	1	LastDelay	0.00431967	4319.67	1	1
47.7286	23	0	1	LastDelay	0	0	1	0
47.7894	0	0	1	LastDelay	0.00331904	3319.04	1	1
47.863	5	0	1	LastDelay	0	0	1	0
47.9505	30	0	1	LastDelay	0	0	1	0
47.985	31	0	1	LastDelay	0.00330609	3306.09	1	1
47.9854	4	0	1	LastDelay	0	0	1	0
48.0205	26	0	1	LastDelay	0.00268034	2680.34	1	1
48.0205	24	0	1	LastDelay	0.000133724	133.724	1	1
48.119	8	0	1	LastDelay	0	0	1	0
48.29	32	0	1	LastDelay	0.00330609	3306.09	1	1
48.4436	9	0	1	LastDelay	0.00637769	6377.69	1	1
48.4436	33	0	1	LastDelay	0.0030943	3094.3	1	1
48.4779	21	0	1	LastDelay	0.0105078	10507.8	1	1
48.5251	17	0	1	LastDelay	0.00271576	2715.76	1	1
48.5282	37	0	1	LastDelay	0.802276	802276	1	1
48.6066	29	0	1	LastDelay	0.00330641	3306.41	1	1
48.6165	13	0	1	LastDelay	0.000780537	780.537	1	1
48.6334	27	0	1	LastDelay	0	0	1	0
48.7259	37	0	1	LastDelay	0	0	1	0
48.7319	23	0	1	LastDelay	0.00330626	3306.26	1	1
48.7861	0	0	1	LastDelay	0	0	1	0
48.8663	5	0	1	LastDelay	0.00330621	3306.21	1	1
48.9817	31	0	1	LastDelay	0	0	1	0
48.9883	4	0	1	LastDelay	0.00285971	2859.7	1	1
49.005	22	0	1	LastDelay	0.00310024	3100.24	1	1
49.0178	26	0	1	LastDelay	0	0	1	0
49.0203	24	0	1	LastDelay	0	0	1	0
49.0881	1	0	1	LastDelay	0.00636449	6364.49	1	1
49.1049	18	0	1	LastDelay	0.00134056	1340.56	1	1
49.1213	8	0	1	LastDelay	0.00238434	2384.34	1	1
49.147	16	0	1	LastDelay	0.00275495	2754.95	1	1
49.1885	25	0	1	LastDelay	0.000856692	856.692	1	1
49.2867	32	0	1	LastDelay	0	0	1	0
49.3232	12	0	1	LastDelay	0.00640327	6403.27	1	1
49.4373	9	0	1	LastDelay	0	0	1	0
49.4405	33	0	1	LastDelay	0	0	1	0
49.4674	21	0	1	LastDelay	0	0	1	0
49.5224	17	0	1	LastDelay	0	0	1	0
49.5233	28	0	1	LastDelay	0.00952649	9526.5	1	1
49.6033	29	0	1	LastDelay	0	0	1	0
49.6158	13	0	1	LastDelay	0	0	1	0
49.7286	23	0	1	LastDelay	0	0	1	0
49.7292	37	0	1	LastDelay	0.00331949	3319.49	1	1
49.7878	0	0	1	LastDelay	0.00170439	1704.39	1	1
49.863	5	0	1	LastDelay	0	0	1	0
49.9569	30	0	1	LastDelay	0.00640322	6403.22	1	1
49.9775	35	0	1	LastDelay	0.000781043	781.043	1	1
49.9854	4	0	1	LastDelay	0	0	1	0
49.9874	31	0	1	LastDelay	0.00570186	5701.86	1	1
50.0019	22	0	1	LastDelay	0	0	1	0
50.0106	40	0	1	LastDelay	0.774155	774155	1	1
50.0229	24	0	1	LastDelay	0.00255024	2550.24	1	1
50.0229	26	0	1	LastDelay	0.00509704	5097.04	1	1
50.0818	1	0	1	LastDelay	0	0	1	0
50.1036	18	0	1	LastDelay	0	0	1	0
50.119	8	0	1	LastDelay	0	0	1	0
50.1442	16	0	1	LastDelay	0	0	1	0
50.1877	25	0	1	LastDelay	0	0	1	0
50.2364	40	0	1	LastDelay	0	0	1	0
50.3168	12	0	1	LastDelay	0	0	1	0
50.4413	33	0	1	LastDelay	0.000735112	735.112	1	1
50.468	21	0	1	LastDelay	0.000646384	646.384	1	1
50.5138	28	0	1	LastDelay	0	0	1	0
50.6066	29	0	1	LastDelay	0.00330606	3306.06	1	1
50.6302	13	0	1	LastDelay	0.0144778	14477.8	1	1
50.634	27	0	1	LastDelay	0.000640901	640.901	1	1
50.7259	37	0	1	LastDelay	0	0	1	0
50.7292	23	0	1	LastDelay	0.0006473	647.3	1	1
50.7773	36	0	1	LastDelay	0.00330648	3306.48	1	1
50.7861	0	0	1	LastDelay	0	0	1	0
50.9505	30	0	1	LastDelay	0	0	1	0
50.9767	35	0	1	LastDelay	0	0	1	0
50.9817	31	0	1	LastDelay	0	0	1	0
51.0082	22	0	1	LastDelay	0.00631173	6311.73	1	1
51.0178	26	0	1	LastDelay	0	0	1	0
51.0203	24	0	1	LastDelay	0	0	1	0
51.0946	1	0	1	LastDelay	0.0128633	12863.3	1	1
51.1049	18	0	1	LastDelay	0.00128941	1289.41	1	1
51.1221	8	0	1	LastDelay	0.0031232	3123.2	1	1
51.1522	16	0	1	LastDelay	0.00795132	7951.32	1	1
51.1941	25	0	1	LastDelay	0.0063904	6390.4	1	1
51.3191	12	0	1	LastDelay	0.00231731	2317.31	1	1
51.4405	33	0	1	LastDelay	0	0	1	0
51.4674	21	0	1	LastDelay	0	0	1	0
51.5171	28	0	1	LastDelay	0.00330617	3306.17	1	1
51.5267	17	0	1	LastDelay	0.0043073	4307.3	1	1
51.6033	29	0	1	LastDelay	0	0	1	0
51.6158	13	0	1	LastDelay	0	0	1	0
51.6334	27	0	1	LastDelay	0	0	1	0
51.7254	34	0	1	LastDelay	0.00640382	6403.82	1	1
51.7286	23	0	1	LastDelay	0	0	1	0
51.7381	37	0	1	LastDelay	0.01217	12170	1	1
51.774	36	0	1	LastDelay	0	0	1	0
51.7894	0	0	1	LastDelay	0.00330613	3306.13	1	1
51.8663	5	0	1	LastDelay	0.00333225	3332.25	1	1
51.9791	35	0	1	LastDelay	0.00233431	2334.31	1	1
51.9825	31	0	1	LastDelay	0.000754614	754.614	1	1
51.9877	4	0	1	LastDelay	0.00225423	2254.24	1	1
52.0019	22	0	1	LastDelay	0	0	1	0
52.0234	26	0	1	LastDelay	0.00566034	5660.34	1	1
52.0296	24	0	1	LastDelay	0.00928216	9282.16	1	1
52.0388	41	0	1	LastDelay	0.00142814	1428.14	1	1
52.0818	1	0	1	LastDelay	0	0	1	0
52.1036	18	0	1	LastDelay	0	0	1	0
52.119	8	0	1	LastDelay	0	0	1	0
52.1442	16	0	1	LastDelay	0	0	1	0
52.1877	25	0	1	LastDelay	0	0	1	0
52.2404	40	0	1	LastDelay	0.00400612	4006.12	1	1
52.3168	12	0	1	LastDelay	0	0	1	0
52.3391	44	0	1	LastDelay	0.00333255	3332.55	1	1
52.4417	33	0	1	LastDelay	0.00113035	1130.35	1	1
52.4741	21	0	1	LastDelay	0.00673442	6734.42	1	1
52.5138	28	0	1	LastDelay	0	0	1	0
52.5224	17	0	1	LastDelay	0	0	1	0
52.6169	13	0	1	LastDelay	0.00117728	1177.28	1	1
52.6358	27	0	1	LastDelay	0.00239229	2392.29	1	1
52.719	34	0	1	LastDelay	0	0	1	0
52.7259	37	0	1	LastDelay	0	0	1	0
52.7664	45	0	1	LastDelay	0.00333243	3332.43	1	1
52.7861	0	0	1	LastDelay	0	0	1	0
52.863	5	0	1	LastDelay	0	0	1	0
52.9569	30	0	1	LastDelay	0.0064036	6403.6	1	1
52.9767	35	0	1	LastDelay	0	0	1	0
52.9817	31	0	1	LastDelay	0	0	1	0
52.9854	4	0	1	LastDelay	0	0	1	0
53.0178	26	0	1	LastDelay	0	0	1	0
53.0203	24	0	1	LastDelay	0	0	1	0
53.0374	41	0	1	LastDelay	0	0	1	0
53.1069	18	0	1	LastDelay	0.00330609	3306.09	1	1
53.1305	8	0	1	LastDelay	0.0115007	11500.7	1	1
53.1463	16	0	1	LastDelay	0.002108	2108	1	1
53.2364	40	0	1	LastDelay	0	0	1	0
53.3358	44	0	1	LastDelay	0	0	1	0
53.4405	33	0	1	LastDelay	0	0	1	0
53.4674	21	0	1	LastDelay	0	0	1	0
53.525	17	0	1	LastDelay	0.00262169	2621.69	1	1
53.6158	13	0	1	LastDelay	0	0	1	0
53.6334	27	0	1	LastDelay	0	0	1	0
53.7268	37	0	1	LastDelay	0.000875366	875.366	1	1
53.7302	23	0	1	LastDelay	0.00159869	1598.69	1	1
53.7631	45	0	1	LastDelay	0	0	1	0
53.7955	0	0	1	LastDelay	0.00940419	9404.19	1	1
53.9505	30	0	1	LastDelay	0	0	1	0
53.9839	31	0	1	LastDelay	0.00213463	2134.63	1	1
53.9869	4	0	1	LastDelay	0.00154713	1547.13	1	1
54.018	22	0	1	LastDelay	0.0161193	16119.3	1	1
54.018	26	0	1	LastDelay	0.000252515	252.515	1	1
54.0226	24	0	1	LastDelay	0.00227261	2272.61	1	1
54.0438	41	0	1	LastDelay	0.00644508	6445.09	1	1
54.1036	18	0	1	LastDelay	0	0	1	0
54.119	8	0	1	LastDelay	0	0	1	0
54.1442	16	0	1	LastDelay	0	0	1	0
54.191	25	0	1	LastDelay	0.00330605	3306.05	1	1
54.29	32	0	1	LastDelay	0.00330613	3306.13	1	1
54.3235	12	0	1	LastDelay	0.00675923	6759.23	1	1
54.34	44	0	1	LastDelay	0.00419358	4193.58	1	1
54.4433	33	0	1	LastDelay	0.00275647	2756.47	1	1
54.4686	21	0	1	LastDelay	0.00121118	1211.18	1	1
54.5144	28	0	1	LastDelay	0.000631733	631.733	1	1
54.5224	17	0	1	LastDelay	0	0	1	0
54.6066	29	0	1	LastDelay	0.00330659	3306.59	1	1
54.6361	27	0	1	LastDelay	0.00277361	2773.61	1	1
54.6392	13	0	1	LastDelay	0.0234656	23465.6	1	1
54.6708	38	0	1	LastDelay	0.0131088	13108.8	1	1
54.7223	34	0	1	LastDelay	0.00330624	3306.24	1	1
54.7259	37	0	1	LastDelay	0	0	1	0
54.7286	23	0	1	LastDelay	0	0	1	0
54.7688	45	0	1	LastDelay	0.00568059	5680.59	1	1
54.7752	36	0	1	LastDelay	0.00117997	1179.97	1	1
54.7861	0	0	1	LastDelay	0	0	1	0
54.9538	30	0	1	LastDelay	0.00330604	3306.04	1	1
54.977	35	0	1	LastDelay	0.000252638	252.638	1	1
54.9817	31	0	1	LastDelay	0	0	1	0
54.9854	4	0	1	LastDelay	0	0	1	0
55.0019	22	0	1	LastDelay	0	0	1	0
55.0178	26	0	1	LastDelay	0	0	1	0
55.0203	24	0	1	LastDelay	0	0	1	0
55.0374	41	0	1	LastDelay	0	0	1	0
55.1069	18	0	1	LastDelay	0.00330602	3306.02	1	1
55.1207	8	0	1	LastDelay	0.00176551	1765.51	1	1
55.1496	16	0	1	LastDelay	0.00540254	5402.54	1	1
55.1877	25	0	1	LastDelay	0	0	1	0
55.2801	46	0	1	LastDelay	0.00331953	3319.53	1	1
55.2867	32	0	1	LastDelay	0	0	1	0
55.3168	12	0	1	LastDelay	0	0	1	0
55.3358	44	0	1	LastDelay	0	0	1	0
55.3495	42	0	1	LastDelay	0.00331917	3319.17	1	1
55.4232	39	0	1	LastDelay	0.00364977	3649.77	1	1
55.4405	33	0	1	LastDelay	0	0	1	0
55.4674	21	0	1	LastDelay	0	0	1	0
55.5138	28	0	1	LastDelay	0	0	1	0
55.5263	43	0	1	LastDelay	0.349538	349538	1	1
55.5294	17	0	1	LastDelay	0.00697113	6971.13	1	1
55.6033	29	0	1	LastDelay	0	0	1	0
55.6158	13	0	1	LastDelay	0	0	1	0
55.6334	27	0	1	LastDelay	0	0	1	0
55.6577	38	0	1	LastDelay	0	0	1	0
55.719	34	0	1	LastDelay	0	0	1	0
55.7292	49	0	1	LastDelay	0.527555	527555	1	1
55.7326	23	0	1	LastDelay	0.00396283	3962.84	1	1
55.7631	45	0	1	LastDelay	0	0	1	0
55.774	36	0	1	LastDelay	0	0	1	0
55.9505	30	0	1	LastDelay	0	0	1	0
55.9767	35	0	1	LastDelay	0	0	1	0
55.985	31	0	1	LastDelay	0.00330604	3306.04	1	1
55.9922	4	0	1	LastDelay	0.00684548	6845.48	1	1
56.0232	26	0	1	LastDelay	0.00546311	5463.11	1	1
56.0243	24	0	1	LastDelay	0.00400012	4000.12	1	1
56.0377	41	0	1	LastDelay	0.000260917	260.917	1	1
56.1036	18	0	1	LastDelay	0	0	1	0
56.119	8	0	1	LastDelay	0	0	1	0
56.1442	16	0	1	LastDelay	0	0	1	0
56.1768	43	0	1	LastDelay	0	0	1	0
56.2017	49	0	1	LastDelay	0	0	1	0
56.2767	46	0	1	LastDelay	0	0	1	0
56.3232	12	0	1	LastDelay	0.00637734	6377.34	1	1
56.3376	44	0	1	LastDelay	0.00182308	1823.08	1	1
56.3462	42	0	1	LastDelay	0	0	1	0
56.4196	39	0	1	LastDelay	0	0	1	0
56.4406	9	0	1	LastDelay	0.00331935	3319.35	1	1
56.4439	33	0	1	LastDelay	0.00330646	3306.46	1	1
56.5224	17	0	1	LastDelay	0	0	1	0
56.6367	27	0	1	LastDelay	0.00330602	3306.02	1	1
56.7286	23	0	1	LastDelay	0	0	1	0
56.7288	37	0	1	LastDelay	0.00289122	2891.22	1	1
56.775	36	0	1	LastDelay	0.000962836	962.836	1	1
56.788	0	0	1	LastDelay	0.00187701	1877.01	1	1
56.9817	31	0	1	LastDelay	0	0	1	0
56.9839	48	0	1	LastDelay	0.223883	223883	1	1
56.9854	4	0	1	LastDelay	0	0	1	0
57.0178	26	0	1	LastDelay	0	0	1	0
57.0203	24	0	1	LastDelay	0	0	1	0
57.0374	41	0	1	LastDelay	0	0	1	0
57.1917	25	0	1	LastDelay	0.00405993	4059.93	1	1
57.29	32	0	1	LastDelay	0.00330622	3306.22	1	1
57.3168	12	0	1	LastDelay	0	0	1	0
57.3358	44	0	1	LastDelay	0	0	1	0
57.4373	9	0	1	LastDelay	0	0	1	0
57.4405	33	0	1	LastDelay	0	0	1	0
57.4707	21	0	1	LastDelay	0.00330631	3306.31	1	1
57.5246	17	0	1	LastDelay	0.00225258	2252.58	1	1
57.6334	27	0	1	LastDelay	0	0	1	0
57.6641	38	0	1	LastDelay	0.00637728	6377.28	1	1
57.7259	37	0	1	LastDelay	0	0	1	0
57.7326	23	0	1	LastDelay	0.00403589	4035.89	1	1
57.76	48	0	1	LastDelay	0	0	1	0
57.7678	45	0	1	LastDelay	0.0047117	4711.7	1	1
57.774	36	0	1	LastDelay	0	0	1	0
57.7861	0	0	1	LastDelay	0	0	1	0
57.9838	31	0	1	LastDelay	0.00208245	2082.45	1	1
57.9869	4	0	1	LastDelay	0.00149508	1495.08	1	1
58.0212	24	0	1	LastDelay	0.000867395	867.395	1	1
58.0482	41	0	1	LastDelay	0.0107994	10799.4	1	1
58.1223	8	0	1	LastDelay	0.0033061	3306.1	1	1
58.1449	16	0	1	LastDelay	0.000708275	708.275	1	1
58.1877	25	0	1	LastDelay	0	0	1	0
58.2867	32	0	1	LastDelay	0	0	1	0
58.3201	12	0	1	LastDelay	0.00331905	3319.05	1	1
58.3373	44	0	1	LastDelay	0.00157295	1572.95	1	1
58.3678	42	0	1	LastDelay	0.0216635	21663.5	1	1
58.4229	39	0	1	LastDelay	0.00330622	3306.22	1	1
58.4489	33	0	1	LastDelay	0.00834177	8341.77	1	1
58.4674	21	0	1	LastDelay	0	0	1	0
58.5202	28	0	1	LastDelay	0.00639048	6390.48	1	1
58.5224	17	0	1	LastDelay	0	0	1	0
58.6066	29	0	1	LastDelay	0.00330641	3306.41	1	1
58.6352	27	0	1	LastDelay	0.00182412	1824.12	1	1
58.6577	38	0	1	LastDelay	0	0	1	0
58.7286	23	0	1	LastDelay	0	0	1	0
58.7631	45	0	1	LastDelay	0	0	1	0
58.7671	48	0	1	LastDelay	0.00715667	7156.67	1	1
58.7753	36	0	1	LastDelay	0.00125483	1254.83	1	1
58.7879	0	0	1	LastDelay	0.00185205	1852.05	1	1
58.9817	31	0	1	LastDelay	0	0	1	0
58.9854	4	0	1	LastDelay	0	0	1	0
59.0203	24	0	1	LastDelay	0	0	1	0
59.0374	41	0	1	LastDelay	0	0	1	0
59.119	8	0	1	LastDelay	0	0	1	0
59.1442	16	0	1	LastDelay	0	0	1	0
59.1801	43	0	1	LastDelay	0.00330612	3306.12	1	1
59.1934	25	0	1	LastDelay	0.0057458	5745.8	1	1
59.2406	40	0	1	LastDelay	0.00417295	4172.95	1	1
59.2873	32	0	1	LastDelay	0.00063342	633.42	1	1
59.3168	12	0	1	LastDelay	0	0	1	0
59.3358	44	0	1	LastDelay	0	0	1	0
59.3462	42	0	1	LastDelay	0	0	1	0
59.4196	39	0	1	LastDelay	0	0	1	0
59.4405	33	0	1	LastDelay	0	0	1	0
59.4707	21	0	1	LastDelay	0.00330633	3306.33	1	1
59.5138	28	0	1	LastDelay	0	0	1	0
59.5257	17	0	1	LastDelay	0.0033063	3306.3	1	1
59.6033	29	0	1	LastDelay	0	0	1	0
59.6334	27	0	1	LastDelay	0	0	1	0
59.661	38	0	1	LastDelay	0.00330672	3306.72	1	1
59.7292	37	0	1	LastDelay	0.00330615	3306.15	1	1
59.7292	23	0	1	LastDelay	0.000615155	615.155	1	1
59.76	48	0	1	LastDelay	0	0	1	0
59.7658	45	0	1	LastDelay	0.00268617	2686.18	1	1
59.774	36	0	1	LastDelay	0	0	1	0
59.7795	52	0	1	LastDelay	0.0189744	18974.4	1	1
59.7861	0	0	1	LastDelay	0	0	1	0
59.9862	31	0	1	LastDelay	0.00445404	4454.03	1	1
59.9862	4	0	1	LastDelay	0.0007956	795.6	1	1
60.0503	24	0	1	LastDelay	0.0299432	29943.2	1	1
60.1445	16	0	1	LastDelay	0.000273856	273.856	1	1
60.1768	43	0	1	LastDelay	0	0	1	0
60.1877	25	0	1	LastDelay	0	0	1	0
60.2364	40	0	1	LastDelay	0	0	1	0
60.2867	32	0	1	LastDelay	0	0	1	0
60.2893	46	0	1	LastDelay	0.0125721	12572.1	1	1
60.3201	12	0	1	LastDelay	0.00330605	3306.05	1	1
60.34	44	0	1	LastDelay	0.00420657	4206.57	1	1
60.3464	42	0	1	LastDelay	0.000264793	264.793	1	1
60.3602	47	0	1	LastDelay	0.314834	314834	1	1
60.4229	39	0	1	LastDelay	0.00330613	3306.13	1	1
60.4415	33	0	1	LastDelay	0.000956618	956.618	1	1
60.4674	21	0	1	LastDelay	0	0	1	0
60.5224	17	0	1	LastDelay	0	0	1	0
60.6128	29	0	1	LastDelay	0.00947494	9474.94	1	1
60.6428	27	0	1	LastDelay	0.00943351	9433.51	1	1
60.6577	38	0	1	LastDelay	0	0	1	0
60.7259	37	0	1	LastDelay	0	0	1	0
60.7286	23	0	1	LastDelay	0	0	1	0
60.7605	52	0	1	LastDelay	0	0	1	0
60.7631	45	0	1	LastDelay	0	0	1	0
60.7767	36	0	1	LastDelay	0.00264604	2646.04	1	1
60.7863	0	0	1	LastDelay	0.000172312	172.312	1	1
60.9817	31	0	1	LastDelay	0	0	1	0
60.9854	4	0	1	LastDelay	0	0	1	0
61.0203	24	0	1	LastDelay	0	0	1	0
61.0453	47	0	1	LastDelay	0	0	1	0
61.1442	16	0	1	LastDelay	0	0	1	0
61.1801	43	0	1	LastDelay	0.00330617	3306.17	1	1
61.1924	25	0	1	LastDelay	0.00474264	4742.64	1	1
61.203	49	0	1	LastDelay	0.00134146	1341.46	1	1
61.2375	40	0	1	LastDelay	0.00106046	1060.46	1	1
61.2767	46	0	1	LastDelay	0	0	1	0
61.3	50	0	1	LastDelay	0.00737764	7377.64	1	1
61.3168	12	0	1	LastDelay	0	0	1	0
61.3358	44	0	1	LastDelay	0	0	1	0
61.3462	42	0	1	LastDelay	0	0	1	0
61.4196	39	0	1	LastDelay	0	0	1	0
61.4405	33	0	1	LastDelay	0	0	1	0
61.5171	28	0	1	LastDelay	0.00330613	3306.13	1	1
61.6033	29	0	1	LastDelay	0	0	1	0
61.6334	27	0	1	LastDelay	0	0	1	0
61.7292	23	0	1	LastDelay	0.000628137	628.137	1	1
61.7643	45	0	1	LastDelay	0.00121905	1219.05	1	1
61.7643	52	0	1	LastDelay	0.0038212	3821.2	1	1
61.774	36	0	1	LastDelay	0	0	1	0
61.7861	0	0	1	LastDelay	0	0	1	0
61.9839	31	0	1	LastDelay	0.00218957	2189.57	1	1
61.987	4	0	1	LastDelay	0.0016022	1602.2	1	1
62.0208	24	0	1	LastDelay	0.000488707	488.707	1	1
62.0468	47	0	1	LastDelay	0.0014898	1489.8	1	1
62.1521	16	0	1	LastDelay	0.00781425	7814.25	1	1
62.1768	43	0	1	LastDelay	0	0	1	0
62.1877	25	0	1	LastDelay	0	0	1	0
62.2017	49	0	1	LastDelay	0	0	1	0
62.2364	40	0	1	LastDelay	0	0	1	0
62.2907	32	0	1	LastDelay	0.00403543	4035.43	1	1
62.2926	50	0	1	LastDelay	0	0	1	0
62.3181	12	0	1	LastDelay	0.00134765	1347.65	1	1
62.341	44	0	1	LastDelay	0.00527938	5279.38	1	1
62.3482	42	0	1	LastDelay	0.00206317	2063.17	1	1
62.4702	21	0	1	LastDelay	0.00282957	2829.57	1	1
62.5138	28	0	1	LastDelay	0	0	1	0
62.61	29	0	1	LastDelay	0.00672044	6720.44	1	1
62.6361	27	0	1	LastDelay	0.00269479	2694.79	1	1
62.6631	38	0	1	LastDelay	0.00536812	5368.12	1	1
62.7286	23	0	1	LastDelay	0	0	1	0
62.7605	52	0	1	LastDelay	0	0	1	0
62.761	48	0	1	LastDelay	0.00102685	1026.85	1	1
62.7631	45	0	1	LastDelay	0	0	1	0
62.7809	36	0	1	LastDelay	0.00687906	6879.06	1	1
62.7974	0	0	1	LastDelay	0.0112992	11299.2	1	1
62.9213	53	0	1	LastDelay	0.0033067	3306.7	1	1
62.9801	35	0	1	LastDelay	0.00330612	3306.12	1	1
62.9817	31	0	1	LastDelay	0	0	1	0
62.9854	4	0	1	LastDelay	0	0	1	0
63.0203	24	0	1	LastDelay	0	0	1	0
63.0407	41	0	1	LastDelay	0.00330618	3306.18	1	1
63.0407	58	0	1	LastDelay	0.403684	403684	1	1
63.0453	47	0	1	LastDelay	0	0	1	0
63.1442	16	0	1	LastDelay	0	0	1	0
63.191	25	0	1	LastDelay	0.00330615	3306.15	1	1
63.2079	49	0	1	LastDelay	0.00620598	6205.98	1	1
63.2372	40	0	1	LastDelay	0.000797807	797.807	1	1
63.2792	46	0	1	LastDelay	0.00251006	2510.06	1	1
63.2867	32	0	1	LastDelay	0	0	1	0
63.3107	50	0	1	LastDelay	0.0180805	18080.5	1	1
63.3168	12	0	1	LastDelay	0	0	1	0
63.3358	44	0	1	LastDelay	0	0	1	0
63.3462	42	0	1	LastDelay	0	0	1	0
63.4439	33	0	1	LastDelay	0.0033064	3306.4	1	1
63.4674	21	0	1	LastDelay	0	0	1	0
63.5267	17	0	1	LastDelay	0.00432026	4320.26	1	1
63.6033	29	0	1	LastDelay	0	0	1	0
63.6334	27	0	1	LastDelay	0	0	1	0
63.637	58	0	1	LastDelay	0	0	1	0
63.6577	38	0	1	LastDelay	0	0	1	0
63.7292	37	0	1	LastDelay	0.00330607	3306.07	1	1
63.7323	23	0	1	LastDelay	0.00368684	3686.84	1	1
63.76	48	0	1	LastDelay	0	0	1	0
63.7669	45	0	1	LastDelay	0.00381971	3819.71	1	1
63.7669	52	0	1	LastDelay	0.00642177	6421.77	1	1
63.774	36	0	1	LastDelay	0	0	1	0
63.7861	0	0	1	LastDelay	0	0	1	0
63.918	53	0	1	LastDelay	0	0	1	0
63.9767	35	0	1	LastDelay	0	0	1	0
63.9854	4	0	1	LastDelay	4.257e-06	4.257	1	1
64.0235	24	0	1	LastDelay	0.00316158	3161.58	1	1
64.0374	41	0	1	LastDelay	0	0	1	0
64.0469	47	0	1	LastDelay	0.00158134	1581.34	1	1
64.1223	8	0	1	LastDelay	0.00330615	3306.15	1	1
64.1449	16	0	1	LastDelay	0.000642545	642.545	1	1
64.1877	25	0	1	LastDelay	0	0	1	0
64.2017	49	0	1	LastDelay	0	0	1	0
64.2364	40	0	1	LastDelay	0	0	1	0
64.2767	46	0	1	LastDelay	0	0	1	0
64.2926	50	0	1	LastDelay	0	0	1	0
64.3177	12	0	1	LastDelay	0.000962221	962.221	1	1
64.3561	42	0	1	LastDelay	0.00987989	9879.89	1	1
64.4405	33	0	1	LastDelay	0	0	1	0
64.4707	21	0	1	LastDelay	0.00330605	3306.05	1	1
64.5202	28	0	1	LastDelay	0.00637727	6377.27	1	1
64.5224	17	0	1	LastDelay	0	0	1	0
64.6176	51	0	1	LastDelay	0.340219	340219	1	1
64.6374	27	0	1	LastDelay	0.00408119	4081.19	1	1
64.6606	38	0	1	LastDelay	0.00289574	2895.74	1	1
64.7259	37	0	1	LastDelay	0	0	1	0
64.7286	23	0	1	LastDelay	0	0	1	0
64.7605	52	0	1	LastDelay	0	0	1	0
64.7631	45	0	1	LastDelay	0	0	1	0
64.7863	0	0	1	LastDelay	0.000200879	200.879	1	1
64.7863	36	0	1	LastDelay	0.0122573	12257.3	1	1
64.9835	31	0	1	LastDelay	0.00175217	1752.17	1	1
64.9854	4	0	1	LastDelay	0	0	1	0
65.0203	24	0	1	LastDelay	0	0	1	0
65.0389	41	0	1	LastDelay	0.00149235	1492.35	1	1
65.0453	47	0	1	LastDelay	0	0	1	0
65.119	8	0	1	LastDelay	0	0	1	0
65.1442	16	0	1	LastDelay	0	0	1	0
65.191	25	0	1	LastDelay	0.00330619	3306.19	1	1
65.2163	49	0	1	LastDelay	0.0146009	14600.9	1	1
65.2388	40	0	1	LastDelay	0.00232377	2323.76	1	1
65.2774	51	0	1	LastDelay	0	0	1	0
65.2848	46	0	1	LastDelay	0.00808514	8085.14	1	1
65.2891	32	0	1	LastDelay	0.00234467	2344.66	1	1
65.2935	50	0	1	LastDelay	0.000858981	858.981	1	1
65.3168	12	0	1	LastDelay	0	0	1	0
65.3391	44	0	1	LastDelay	0.00330606	3306.06	1	1
65.3462	42	0	1	LastDelay	0	0	1	0
65.4439	33	0	1	LastDelay	0.00330606	3306.06	1	1
65.4674	21	0	1	LastDelay	0	0	1	0
65.5138	28	0	1	LastDelay	0	0	1	0
65.6066	29	0	1	LastDelay	0.00330603	3306.03	1	1
65.6334	27	0	1	LastDelay	0	0	1	0
65.6391	54	0	1	LastDelay	0.00247679	2476.79	1	1
65.6434	58	0	1	LastDelay	0.00633105	6331.05	1	1
65.6577	38	0	1	LastDelay	0	0	1	0
65.7292	23	0	1	LastDelay	0.000615116	615.116	1	1
65.7388	57	0	1	LastDelay	0.956067	956067	1	1
65.7624	48	0	1	LastDelay	0.00246594	2465.94	1	1
65.7624	52	0	1	LastDelay	0.00195096	1950.96	1	1
65.7655	45	0	1	LastDelay	0.0024201	2420.09	1	1
65.774	36	0	1	LastDelay	0	0	1	0
65.7827	57	0	1	LastDelay	0	0	1	0
65.7861	0	0	1	LastDelay	0	0	1	0
65.9213	53	0	1	LastDelay	0.0033062	3306.2	1	1
65.9817	31	0	1	LastDelay	0	0	1	0
65.9865	4	0	1	LastDelay	0.00113921	1139.21	1	1
66.0234	24	0	1	LastDelay	0.00307588	3075.88	1	1
66.0374	41	0	1	LastDelay	0	0	1	0
66.0494	47	0	1	LastDelay	0.00411601	4116.01	1	1
66.1507	16	0	1	LastDelay	0.00641601	6416.01	1	1
66.1877	25	0	1	LastDelay	0	0	1	0
66.2017	49	0	1	LastDelay	0	0	1	0
66.2364	40	0	1	LastDelay	0	0	1	0
66.2767	46	0	1	LastDelay	0	0	1	0
66.2807	51	0	1	LastDelay	0.00330652	3306.52	1	1
66.2867	32	0	1	LastDelay	0	0	1	0
66.2926	50	0	1	LastDelay	0	0	1	0
66.3358	44	0	1	LastDelay	0	0	1	0
66.3528	42	0	1	LastDelay	0.00660754	6607.54	1	1
66.4405	33	0	1	LastDelay	0	0	1	0
66.5308	17	0	1	LastDelay	0.00838252	8382.52	1	1
66.6033	29	0	1	LastDelay	0	0	1	0
66.6343	27	0	1	LastDelay	0.000929013	929.013	1	1
66.6366	54	0	1	LastDelay	0	0	1	0
66.637	58	0	1	LastDelay	0	0	1	0
66.7286	23	0	1	LastDelay	0	0	1	0
66.76	48	0	1	LastDelay	0	0	1	0
66.7605	52	0	1	LastDelay	0	0	1	0
66.7631	45	0	1	LastDelay	0	0	1	0
66.7866	0	0	1	LastDelay	0.000507453	507.453	1	1
66.7866	57	0	1	LastDelay	0.0038801	3880.1	1	1
66.918	53	0	1	LastDelay	0	0	1	0
66.9801	35	0	1	LastDelay	0.00330605	3306.05	1	1
66.9842	31	0	1	LastDelay	0.00242589	2425.89	1	1
66.9854	4	0	1	LastDelay	0	0	1	0
67.0203	24	0	1	LastDelay	0	0	1	0
67.0453	47	0	1	LastDelay	0	0	1	0
67.1442	16	0	1	LastDelay	0	0	1	0
67.194	25	0	1	LastDelay	0.00639019	6390.19	1	1
67.2774	51	0	1	LastDelay	0	0	1	0
67.28	46	0	1	LastDelay	0.00330637	3306.37	1	1
67.2927	32	0	1	LastDelay	0.0059721	5972.1	1	1
67.2927	50	0	1	LastDelay	6.5566e-05	65.566	1	1
67.3249	12	0	1	LastDelay	0.00812737	8127.37	1	1
67.3386	44	0	1	LastDelay	0.00284672	2846.72	1	1
67.3462	42	0	1	LastDelay	0	0	1	0
67.447	33	0	1	LastDelay	0.00640344	6403.44	1	1
67.5171	28	0	1	LastDelay	0.00330617	3306.17	1	1
67.5224	17	0	1	LastDelay	0	0	1	0
67.6334	27	0	1	LastDelay	0	0	1	0
67.6394	54	0	1	LastDelay	0.00282013	2820.13	1	1
67.6473	58	0	1	LastDelay	0.0103281	10328.1	1	1
67.6645	38	0	1	LastDelay	0.00673997	6739.97	1	1
67.7242	55	0	1	LastDelay	0.00333244	3332.44	1	1
67.7278	37	0	1	LastDelay	0.00188007	1880.07	1	1
67.7312	23	0	1	LastDelay	0.00261616	2616.16	1	1
67.7668	45	0	1	LastDelay	0.00368369	3683.69	1	1
67.7733	48	0	1	LastDelay	0.0132994	13299.4	1	1
67.7767	36	0	1	LastDelay	0.00264753	2647.53	1	1
67.7767	52	0	1	LastDelay	0.0161988	16198.8	1	1
67.7827	57	0	1	LastDelay	0	0	1	0
67.7861	0	0	1	LastDelay	0	0	1	0
67.9213	53	0	1	LastDelay	0.00330617	3306.17	1	1
67.9767	35	0	1	LastDelay	0	0	1	0
67.9817	31	0	1	LastDelay	0	0	1	0
68.0269	24	0	1	LastDelay	0.00661621	6616.21	1	1
68.0396	41	0	1	LastDelay	0.00221574	2215.74	1	1
68.1223	8	0	1	LastDelay	0.00330655	3306.55	1	1
68.149	16	0	1	LastDelay	0.00478573	4785.73	1	1
68.1877	25	0	1	LastDelay	0	0	1	0
68.2025	49	0	1	LastDelay	0.000800709	800.709	1	1
68.2405	40	0	1	LastDelay	0.00406268	4062.68	1	1
68.2767	46	0	1	LastDelay	0	0	1	0
68.278	51	0	1	LastDelay	0.000644555	644.555	1	1
68.2867	32	0	1	LastDelay	0	0	1	0
68.2926	50	0	1	LastDelay	0	0	1	0
68.3168	12	0	1	LastDelay	0	0	1	0
68.3358	44	0	1	LastDelay	0	0	1	0
68.4405	33	0	1	LastDelay	0	0	1	0
68.4707	21	0	1	LastDelay	0.0033062	3306.2	1	1
68.5138	28	0	1	LastDelay	0	0	1	0
68.635	27	0	1	LastDelay	0.00160097	1600.97	1	1
68.6366	54	0	1	LastDelay	0	0	1	0
68.637	58	0	1	LastDelay	0	0	1	0
68.6577	38	0	1	LastDelay	0	0	1	0
68.7209	55	0	1	LastDelay	0	0	1	0
68.7259	37	0	1	LastDelay	0	0	1	0
68.7286	23	0	1	LastDelay	0	0	1	0
68.76	48	0	1	LastDelay	0	0	1	0
68.7605	52	0	1	LastDelay	0	0	1	0
68.7631	45	0	1	LastDelay	0	0	1	0
68.774	36	0	1	LastDelay	0	0	1	0
68.7932	0	0	1	LastDelay	0.00711889	7118.89	1	1
68.918	53	0	1	LastDelay	0	0	1	0
68.9835	31	0	1	LastDelay	0.00175206	1752.06	1	1
68.988	4	0	1	LastDelay	0.00261577	2615.77	1	1
69.0203	24	0	1	LastDelay	0	0	1	0
69.0374	41	0	1	LastDelay	0	0	1	0
69.119	8	0	1	LastDelay	0	0	1	0
69.1442	16	0	1	LastDelay	0	0	1	0
69.2017	49	0	1	LastDelay	0	0	1	0
69.2364	40	0	1	LastDelay	0	0	1	0
69.2774	51	0	1	LastDelay	0	0	1	0
69.293	32	0	1	LastDelay	0.00631504	6315.04	1	1
69.293	50	0	1	LastDelay	0.000408427	408.427	1	1
69.3205	12	0	1	LastDelay	0.00375133	3751.33	1	1
69.3405	44	0	1	LastDelay	0.00471496	4714.96	1	1
69.3511	42	0	1	LastDelay	0.00488732	4887.32	1	1
69.4439	33	0	1	LastDelay	0.0033064	3306.4	1	1
69.4674	21	0	1	LastDelay	0	0	1	0
69.5273	17	0	1	LastDelay	0.00486175	4861.75	1	1
69.6334	27	0	1	LastDelay	0	0	1	0
69.6399	58	0	1	LastDelay	0.0029145	2914.49	1	1
69.6399	54	0	1	LastDelay	0.00330669	3306.69	1	1
69.6604	38	0	1	LastDelay	0.0027281	2728.1	1	1
69.7283	37	0	1	LastDelay	0.00239618	2396.18	1	1
69.7318	23	0	1	LastDelay	0.0031847	3184.7	1	1
69.7646	45	0	1	LastDelay	0.00152558	1525.58	1	1
69.7646	48	0	1	LastDelay	0.00464258	4642.58	1	1
69.7646	52	0	1	LastDelay	0.00412755	4127.55	1	1
69.7773	36	0	1	LastDelay	0.00322988	3229.88	1	1
69.7861	0	0	1	LastDelay	0	0	1	0
69.7871	57	0	1	LastDelay	0.00440864	4408.64	1	1
69.9213	53	0	1	LastDelay	0.00333236	3332.36	1	1
69.9817	31	0	1	LastDelay	0	0	1	0
69.9854	4	0	1	LastDelay	0	0	1	0
70.0214	24	0	1	LastDelay	0.00106007	1060.07	1	1
70.044	41	0	1	LastDelay	0.00661411	6614.11	1	1
70.0667	56	0	1	LastDelay	0.00510153	5101.53	1	1
70.1448	16	0	1	LastDelay	0.000603761	603.761	1	1
70.193	25	0	1	LastDelay	0.00529744	5297.44	1	1
70.1995	62	0	1	LastDelay	0.136918	136918	1	1
70.2155	49	0	1	LastDelay	0.0138767	13876.7	1	1
70.2371	40	0	1	LastDelay	0.000633813	633.813	1	1
70.2816	51	0	1	LastDelay	0.00423899	4238.99	1	1
70.2847	46	0	1	LastDelay	0.00792078	7920.78	1	1
70.2867	32	0	1	LastDelay	0	0	1	0
70.2926	50	0	1	LastDelay	0	0	1	0
70.3168	12	0	1	LastDelay	0	0	1	0
70.3358	44	0	1	LastDelay	0	0	1	0
70.3462	42	0	1	LastDelay	0	0	1	0
70.4405	33	0	1	LastDelay	0	0	1	0
70.4707	21	0	1	LastDelay	0.00330615	3306.15	1	1
70.5156	28	0	1	LastDelay	0.00181568	1815.68	1	1
70.5224	17	0	1	LastDelay	0	0	1	0
70.6066	29	0	1	LastDelay	0.00330634	3306.34	1	1
70.6366	54	0	1	LastDelay	0	0	1	0
70.637	58	0	1	LastDelay	0	0	1	0
70.6439	27	0	1	LastDelay	0.010536	10536	1	1
70.6577	38	0	1	LastDelay	0	0	1	0
70.7259	37	0	1	LastDelay	0	0	1	0
70.7286	23	0	1	LastDelay	0	0	1	0
70.76	48	0	1	LastDelay	0	0	1	0
70.7605	52	0	1	LastDelay	0	0	1	0
70.7631	45	0	1	LastDelay	0	0	1	0
70.774	36	0	1	LastDelay	0	0	1	0
70.7827	57	0	1	LastDelay	0	0	1	0
70.7925	0	0	1	LastDelay	0.00636454	6364.54	1	1
70.918	53	0	1	LastDelay	0	0	1	0
70.9801	35	0	1	LastDelay	0.00330625	3306.25	1	1
70.9831	31	0	1	LastDelay	0.00138305	1383.05	1	1
70.9865	4	0	1	LastDelay	0.0011393	1139.31	1	1
71.0203	24	0	1	LastDelay	0	0	1	0
71.0374	41	0	1	LastDelay	0	0	1	0
71.0616	56	0	1	LastDelay	0	0	1	0
71.0625	62	0	1	LastDelay	0	0	1	0
71.1223	8	0	1	LastDelay	0.00331915	3319.15	1	1
71.1442	16	0	1	LastDelay	0	0	1	0
71.1877	25	0	1	LastDelay	0	0	1	0
71.2017	49	0	1	LastDelay	0	0	1	0
71.2364	40	0	1	LastDelay	0	0	1	0
71.2767	46	0	1	LastDelay	0	0	1	0
71.2774	51	0	1	LastDelay	0	0	1	0
71.3271	12	0	1	LastDelay	0.0103403	10340.3	1	1
71.3401	44	0	1	LastDelay	0.00433374	4333.74	1	1
71.3469	42	0	1	LastDelay	0.000747981	747.981	1	1
71.4473	33	0	1	LastDelay	0.00672055	6720.56	1	1
71.4674	21	0	1	LastDelay	0	0	1	0
71.5138	28	0	1	LastDelay	0	0	1	0
71.6033	29	0	1	LastDelay	0	0	1	0
71.6334	27	0	1	LastDelay	0	0	1	0
71.6384	58	0	1	LastDelay	0.00133596	1335.96	1	1
71.6384	54	0	1	LastDelay	0.0017282	1728.2	1	1
71.6632	38	0	1	LastDelay	0.00552645	5526.45	1	1
71.7242	55	0	1	LastDelay	0.00330622	3306.22	1	1
71.7273	37	0	1	LastDelay	0.00135387	1353.87	1	1
71.731	23	0	1	LastDelay	0.00243329	2433.29	1	1
71.7632	48	0	1	LastDelay	0.00326651	3266.51	1	1
71.7632	52	0	1	LastDelay	0.00275148	2751.48	1	1
71.7632	45	0	1	LastDelay	0.000149553	149.553	1	1
71.7769	36	0	1	LastDelay	0.00285905	2859.05	1	1
71.7861	0	0	1	LastDelay	0	0	1	0
71.7906	57	0	1	LastDelay	0.00793021	7930.21	1	1
71.9767	35	0	1	LastDelay	0	0	1	0
71.9817	31	0	1	LastDelay	0	0	1	0
71.9854	4	0	1	LastDelay	0	0	1	0
72.0435	41	0	1	LastDelay	0.0060909	6090.9	1	1
72.0752	56	0	1	LastDelay	0.0135957	13595.7	1	1
72.0943	62	0	1	LastDelay	0.0317824	31782.4	1	1
72.119	8	0	1	LastDelay	0	0	1	0
72.2077	49	0	1	LastDelay	0.00604755	6047.55	1	1
72.2428	40	0	1	LastDelay	0.00639058	6390.58	1	1
72.2907	32	0	1	LastDelay	0.00400771	4007.71	1	1
72.2941	50	0	1	LastDelay	0.00151523	1515.23	1	1
72.3168	12	0	1	LastDelay	0	0	1	0
72.3358	44	0	1	LastDelay	0	0	1	0
72.3462	42	0	1	LastDelay	0	0	1	0
72.4161	59	0	1	LastDelay	0.00331956	3319.56	1	1
72.4405	33	0	1	LastDelay	0	0	1	0
72.5298	17	0	1	LastDelay	0.00741746	7417.46	1	1
72.6357	27	0	1	LastDelay	0.00232555	2325.55	1	1
72.6357	61	0	1	LastDelay	0.00512487	5124.87	1	1
72.6366	54	0	1	LastDelay	0	0	1	0
72.637	58	0	1	LastDelay	0	0	1	0
72.6577	38	0	1	LastDelay	0	0	1	0
72.7209	55	0	1	LastDelay	0	0	1	0
72.7259	37	0	1	LastDelay	0	0	1	0
72.7286	23	0	1	LastDelay	0	0	1	0
72.76	48	0	1	LastDelay	0	0	1	0
72.7605	52	0	1	LastDelay	0	0	1	0
72.7631	45	0	1	LastDelay	0	0	1	0
72.774	36	0	1	LastDelay	0	0	1	0
72.7827	57	0	1	LastDelay	0	0	1	0
72.7894	0	0	1	LastDelay	0.00330619	3306.19	1	1
72.9801	35	0	1	LastDelay	0.00330602	3306.02	1	1
72.9968	31	0	1	LastDelay	0.0150926	15092.6	1	1
73.0047	4	0	1	LastDelay	0.0193317	19331.7	1	1
73.0229	24	0	1	LastDelay	0.00254163	2541.63	1	1
73.0374	41	0	1	LastDelay	0	0	1	0
73.0616	56	0	1	LastDelay	0	0	1	0
73.0625	62	0	1	LastDelay	0	0	1	0
73.1445	16	0	1	LastDelay	0.000292273	292.273	1	1
73.191	25	0	1	LastDelay	0.00330617	3306.17	1	1
73.2017	49	0	1	LastDelay	0	0	1	0
73.2364	40	0	1	LastDelay	0	0	1	0
73.2867	32	0	1	LastDelay	0	0	1	0
73.2872	60	0	1	LastDelay	0.141685	141685	1	1
73.2926	50	0	1	LastDelay	0	0	1	0
73.3201	12	0	1	LastDelay	0.00330618	3306.18	1	1
73.3462	44	0	1	LastDelay	0.0104174	10417.4	1	1
73.3571	42	0	1	LastDelay	0.0109326	10932.6	1	1
73.4128	59	0	1	LastDelay	0	0	1	0
73.4703	21	0	1	LastDelay	0.00292435	2924.35	1	1
73.5171	28	0	1	LastDelay	0.00330602	3306.02	1	1
73.5224	17	0	1	LastDelay	0	0	1	0
73.5298	64	0	1	LastDelay	0.685774	685774	1	1
73.6306	61	0	1	LastDelay	0	0	1	0
73.6334	27	0	1	LastDelay	0	0	1	0
73.637	58	0	1	LastDelay	2.9989e-05	29.989	1	1
73.637	54	0	1	LastDelay	0.000422178	422.178	1	1
73.6675	38	0	1	LastDelay	0.00978525	9785.25	1	1
73.731	37	0	1	LastDelay	0.00511152	5111.52	1	1
73.7341	23	0	1	LastDelay	0.00549164	5491.65	1	1
73.7474	66	0	1	LastDelay	0.0170752	17075.2	1	1
73.7631	45	0	1	LastDelay	3.4885e-05	34.885	1	1
73.7631	48	0	1	LastDelay	0.00315187	3151.87	1	1
73.7631	52	0	1	LastDelay	0.00263684	2636.84	1	1
73.7861	0	0	1	LastDelay	0	0	1	0
73.7919	36	0	1	LastDelay	0.0178359	17835.9	1	1
73.7919	57	0	1	LastDelay	0.00915207	9152.07	1	1
73.844	64	0	1	LastDelay	0	0	1	0
73.9203	53	0	1	LastDelay	0.00235034	2350.34	1	1
73.9767	35	0	1	LastDelay	0	0	1	0
73.9817	31	0	1	LastDelay	0	0	1	0
73.9854	4	0	1	LastDelay	0	0	1	0
74.0203	24	0	1	LastDelay	0	0	1	0
74.0407	41	0	1	LastDelay	0.00330625	3306.25	1	1
74.0728	62	0	1	LastDelay	0.0102639	10263.9	1	1
74.0728	56	0	1	LastDelay	0.0112044	11204.4	1	1
74.1305	8	0	1	LastDelay	0.0115305	11530.5	1	1
74.1442	16	0	1	LastDelay	0	0	1	0
74.1455	60	0	1	LastDelay	0	0	1	0
74.1877	25	0	1	LastDelay	0	0	1	0
74.2395	40	0	1	LastDelay	0.00304789	3047.89	1	1
74.2837	46	0	1	LastDelay	0.00699269	6992.69	1	1
74.2868	32	0	1	LastDelay	8.8671e-05	88.671	1	1
74.2967	50	0	1	LastDelay	0.00408366	4083.66	1	1
74.3168	12	0	1	LastDelay	0	0	1	0
74.3358	44	0	1	LastDelay	0	0	1	0
74.3462	42	0	1	LastDelay	0	0	1	0
74.4465	33	0	1	LastDelay	0.00594013	5940.13	1	1
74.4674	21	0	1	LastDelay	0	0	1	0
74.5138	28	0	1	LastDelay	0	0	1	0
74.635	61	0	1	LastDelay	0.00440008	4400.08	1	1
74.6366	54	0	1	LastDelay	0	0	1	0
74.637	58	0	1	LastDelay	0	0	1	0
74.6384	27	0	1	LastDelay	0.00501537	5015.37	1	1
74.6577	38	0	1	LastDelay	0	0	1	0
74.7242	55	0	1	LastDelay	0.00330618	3306.18	1	1
74.7259	37	0	1	LastDelay	0	0	1	0
74.7286	23	0	1	LastDelay	0	0	1	0
74.7303	66	0	1	LastDelay	0	0	1	0
74.76	48	0	1	LastDelay	0	0	1	0
74.7605	52	0	1	LastDelay	0	0	1	0
74.7631	45	0	1	LastDelay	0	0	1	0
74.774	36	0	1	LastDelay	0	0	1	0
74.7827	57	0	1	LastDelay	0	0	1	0
74.8887	65	0	1	LastDelay	0.00330644	3306.44	1	1
74.918	53	0	1	LastDelay	0	0	1	0
74.9838	31	0	1	LastDelay	0.00208227	2082.27	1	1
75.0283	24	0	1	LastDelay	0.00798505	7985.05	1	1
75.0374	41	0	1	LastDelay	0	0	1	0
75.0616	56	0	1	LastDelay	0	0	1	0
75.0625	62	0	1	LastDelay	0	0	1	0
75.119	8	0	1	LastDelay	0	0	1	0
75.2053	49	0	1	LastDelay	0.00367507	3675.07	1	1
75.2364	40	0	1	LastDelay	0	0	1	0
75.2767	46	0	1	LastDelay	0	0	1	0
75.2867	32	0	1	LastDelay	0	0	1	0
75.2926	50	0	1	LastDelay	0	0	1	0
75.3393	44	0	1	LastDelay	0.00356487	3564.87	1	1
75.3393	69	0	1	LastDelay	0.0736791	73679.1	1	1
75.4405	33	0	1	LastDelay	0	0	1	0
75.5374	17	0	1	LastDelay	0.0150286	15028.6	1	1
75.6306	61	0	1	LastDelay	0	0	1	0
75.6334	27	0	1	LastDelay	0	0	1	0
75.6403	58	0	1	LastDelay	0.00325739	3257.39	1	1
75.6653	38	0	1	LastDelay	0.00756811	7568.11	1	1
75.7209	55	0	1	LastDelay	0	0	1	0
75.733	23	0	1	LastDelay	0.00437278	4372.78	1	1
75.733	66	0	1	LastDelay	0.00263994	2639.94	1	1
75.7633	52	0	1	LastDelay	0.00279102	2791.02	1	1
75.7633	48	0	1	LastDelay	0.00330607	3306.07	1	1
75.7767	45	0	1	LastDelay	0.0136492	13649.2	1	1
75.8023	57	0	1	LastDelay	0.0196093	19609.3	1	1
75.8054	36	0	1	LastDelay	0.0313644	31364.4	1	1
75.8054	0	0	1	LastDelay	0.0193082	19308.2	1	1
75.8854	65	0	1	LastDelay	0	0	1	0
75.9817	31	0	1	LastDelay	0	0	1	0
75.9883	4	0	1	LastDelay	0.00285553	2855.53	1	1
76.0203	24	0	1	LastDelay	0	0	1	0
76.0629	62	0	1	LastDelay	0.000342847	342.847	1	1
76.1458	16	0	1	LastDelay	0.00160738	1607.38	1	1
76.1489	60	0	1	LastDelay	0.00337335	3373.35	1	1
76.1977	25	0	1	LastDelay	0.0100609	10060.9	1	1
76.2017	49	0	1	LastDelay	0	0	1	0
76.2397	40	0	1	LastDelay	0.0033061	3306.1	1	1
76.2656	69	0	1	LastDelay	0	0	1	0
76.2773	46	0	1	LastDelay	0.000575431	575.431	1	1
76.3006	32	0	1	LastDelay	0.0139236	13923.6	1	1
76.3006	50	0	1	LastDelay	0.00801699	8016.99	1	1
76.3358	44	0	1	LastDelay	0	0	1	0
76.3492	42	0	1	LastDelay	0.00302648	3026.48	1	1
76.4421	33	0	1	LastDelay	0.00152299	1522.99	1	1
76.5159	28	0	1	LastDelay	0.00210745	2107.45	1	1
76.5224	17	0	1	LastDelay	0	0	1	0
76.6066	29	0	1	LastDelay	0.00330626	3306.26	1	1
76.6166	67	0	1	LastDelay	0.000563225	563.225	1	1
76.6323	61	0	1	LastDelay	0.00168497	1684.96	1	1
76.637	58	0	1	LastDelay	0	0	1	0
76.6391	27	0	1	LastDelay	0.00571411	5714.11	1	1
76.6391	54	0	1	LastDelay	0.00245142	2451.42	1	1
76.6577	38	0	1	LastDelay	0	0	1	0
76.727	37	0	1	LastDelay	0.00110842	1108.42	1	1
76.727	55	0	1	LastDelay	0.00613202	6132.02	1	1
76.7286	23	0	1	LastDelay	0	0	1	0
76.7303	66	0	1	LastDelay	0	0	1	0
76.76	48	0	1	LastDelay	0	0	1	0
76.7605	52	0	1	LastDelay	0	0	1	0
76.7631	45	0	1	LastDelay	0	0	1	0
76.774	36	0	1	LastDelay	0	0	1	0
76.7827	57	0	1	LastDelay	0	0	1	0
76.7861	0	0	1	LastDelay	0	0	1	0
76.8274	63	0	1	LastDelay	0.00637768	6377.68	1	1
76.8703	64	0	1	LastDelay	0.026274	26274	1	1
76.9223	53	0	1	LastDelay	0.00429154	4291.54	1	1
76.9801	35	0	1	LastDelay	0.00330639	3306.39	1	1
76.9854	4	0	1	LastDelay	0	0	1	0
76.9893	31	0	1	LastDelay	0.00752571	7525.71	1	1
76.9954	70	0	1	LastDelay	0.343779	343779	1	1
77.0215	24	0	1	LastDelay	0.00116838	1168.38	1	1
77.0376	41	0	1	LastDelay	0.000238746	238.746	1	1
77.0625	62	0	1	LastDelay	0	0	1	0
77.1223	8	0	1	LastDelay	0.00330635	3306.35	1	1
77.1442	16	0	1	LastDelay	0	0	1	0
77.1455	60	0	1	LastDelay	0	0	1	0
77.1877	25	0	1	LastDelay	0	0	1	0
77.2364	40	0	1	LastDelay	0	0	1	0
77.254	71	0	1	LastDelay	0.00335857	3358.57	1	1
77.2767	46	0	1	LastDelay	0	0	1	0
77.2867	32	0	1	LastDelay	0	0	1	0
77.2926	50	0	1	LastDelay	0	0	1	0
77.3205	12	0	1	LastDelay	0.00367546	3675.46	1	1
77.3386	44	0	1	LastDelay	0.00283927	2839.27	1	1
77.3462	42	0	1	LastDelay	0	0	1	0
77.4405	33	0	1	LastDelay	0	0	1	0
77.4707	21	0	1	LastDelay	0.00330634	3306.34	1	1
77.5138	28	0	1	LastDelay	0	0	1	0
77.6033	29	0	1	LastDelay	0	0	1	0
77.616	67	0	1	LastDelay	0	0	1	0
77.6306	61	0	1	LastDelay	0	0	1	0
77.6334	27	0	1	LastDelay	0	0	1	0
77.6366	54	0	1	LastDelay	0	0	1	0
77.6516	70	0	1	LastDelay	0	0	1	0
77.6602	38	0	1	LastDelay	0.00249991	2499.91	1	1
77.7209	55	0	1	LastDelay	0	0	1	0
77.7259	37	0	1	LastDelay	0	0	1	0
77.7322	66	0	1	LastDelay	0.00191618	1916.18	1	1
77.761	48	0	1	LastDelay	0.00106108	1061.08	1	1
77.761	52	0	1	LastDelay	0.000546043	546.043	1	1
77.7641	45	0	1	LastDelay	0.00101546	1015.46	1	1
77.7768	36	0	1	LastDelay	0.00277378	2773.78	1	1
77.7867	57	0	1	LastDelay	0.00401604	4016.04	1	1
77.7994	0	0	1	LastDelay	0.0132723	13272.3	1	1
77.821	63	0	1	LastDelay	0	0	1	0
77.844	64	0	1	LastDelay	0	0	1	0
77.8887	65	0	1	LastDelay	0.00330607	3306.07	1	1
77.918	53	0	1	LastDelay	0	0	1	0
77.9767	35	0	1	LastDelay	0	0	1	0
77.9817	31	0	1	LastDelay	0	0	1	0
77.9887	4	0	1	LastDelay	0.00330604	3306.04	1	1
78.0203	24	0	1	LastDelay	0	0	1	0
78.0374	41	0	1	LastDelay	0	0	1	0
78.119	8	0	1	LastDelay	0	0	1	0
78.1479	60	0	1	LastDelay	0.002331	2331	1	1
78.2043	49	0	1	LastDelay	0.00265927	2659.27	1	1
78.2419	40	0	1	LastDelay	0.00550316	5503.16	1	1
78.2507	71	0	1	LastDelay	0	0	1	0
78.2843	46	0	1	LastDelay	0.00754784	7547.84	1	1
78.2843	69	0	1	LastDelay	0.0186429	18642.9	1	1
78.2969	32	0	1	LastDelay	0.0102006	10200.6	1	1
78.2969	50	0	1	LastDelay	0.0042941	4294.1	1	1
78.3168	12	0	1	LastDelay	0	0	1	0
78.3358	44	0	1	LastDelay	0	0	1	0
78.458	33	0	1	LastDelay	0.0174996	17499.6	1	1
78.4674	21	0	1	LastDelay	0	0	1	0
78.5308	17	0	1	LastDelay	0.00839453	8394.53	1	1
78.6066	29	0	1	LastDelay	0.0033061	3306.1	1	1
78.6316	61	0	1	LastDelay	0.00103714	1037.14	1	1
78.6381	54	0	1	LastDelay	0.00147379	1473.79	1	1
78.6381	67	0	1	LastDelay	0.0221132	22113.2	1	1
78.648	27	0	1	LastDelay	0.01465	14650	1	1
78.6542	70	0	1	LastDelay	0.0025129	2512.9	1	1
78.6577	38	0	1	LastDelay	0	0	1	0
78.7228	55	0	1	LastDelay	0.00187644	1876.44	1	1
78.7292	23	0	1	LastDelay	0.000647705	647.705	1	1
78.7303	66	0	1	LastDelay	0	0	1	0
78.7323	37	0	1	LastDelay	0.00642323	6423.23	1	1
78.76	48	0	1	LastDelay	0	0	1	0
78.7605	52	0	1	LastDelay	0	0	1	0
78.7631	45	0	1	LastDelay	0	0	1	0
78.774	36	0	1	LastDelay	0	0	1	0
78.7827	57	0	1	LastDelay	0	0	1	0
78.7861	0	0	1	LastDelay	0	0	1	0
78.8305	63	0	1	LastDelay	0.00946233	9462.33	1	1
78.8445	64	0	1	LastDelay	0.000529536	529.536	1	1
78.8854	65	0	1	LastDelay	0	0	1	0
78.9831	31	0	1	LastDelay	0.00138302	1383.02	1	1
78.9854	4	0	1	LastDelay	0	0	1	0
79.0214	24	0	1	LastDelay	0.00106232	1062.32	1	1
79.0448	41	0	1	LastDelay	0.00735395	7353.95	1	1
79.076	62	0	1	LastDelay	0.013425	13425	1	1
79.1272	8	0	1	LastDelay	0.00824501	8245.01	1	1
79.1455	60	0	1	LastDelay	0	0	1	0
79.1467	16	0	1	LastDelay	0.0024454	2445.4	1	1
79.1987	25	0	1	LastDelay	0.0110389	11038.9	1	1
79.2017	49	0	1	LastDelay	0	0	1	0
79.2364	40	0	1	LastDelay	0	0	1	0
79.2588	68	0	1	LastDelay	0.599414	599414	1	1
79.2619	71	0	1	LastDelay	0.0112468	11246.8	1	1
79.2656	69	0	1	LastDelay	0	0	1	0
79.2767	46	0	1	LastDelay	0	0	1	0
79.2867	32	0	1	LastDelay	0	0	1	0
79.2926	50	0	1	LastDelay	0	0	1	0
79.3232	12	0	1	LastDelay	0.00637746	6377.46	1	1
79.3385	44	0	1	LastDelay	0.00275653	2756.53	1	1
79.3492	42	0	1	LastDelay	0.00296816	2968.16	1	1
79.4405	33	0	1	LastDelay	0	0	1	0
79.4707	21	0	1	LastDelay	0.00330606	3306.06	1	1
79.5148	28	0	1	LastDelay	0.00102262	1022.62	1	1
79.5224	17	0	1	LastDelay	0	0	1	0
79.6033	29	0	1	LastDelay	0	0	1	0
79.616	67	0	1	LastDelay	0	0	1	0
79.6306	61	0	1	LastDelay	0	0	1	0
79.6334	27	0	1	LastDelay	0	0	1	0
79.6366	54	0	1	LastDelay	0	0	1	0
79.6434	58	0	1	LastDelay	0.00639036	6390.36	1	1
79.6516	70	0	1	LastDelay	0	0	1	0
79.6594	68	0	1	LastDelay	0	0	1	0
79.6755	38	0	1	LastDelay	0.017803	17803	1	1
79.7209	55	0	1	LastDelay	0	0	1	0
79.7259	37	0	1	LastDelay	0	0	1	0
79.7286	23	0	1	LastDelay	0	0	1	0
79.7398	66	0	1	LastDelay	0.00946139	9461.39	1	1
79.7654	45	0	1	LastDelay	0.00232109	2321.09	1	1
79.7781	36	0	1	LastDelay	0.00402568	4025.68	1	1
79.7815	48	0	1	LastDelay	0.0215064	21506.4	1	1
79.7815	52	0	1	LastDelay	0.0209913	20991.3	1	1
79.7845	57	0	1	LastDelay	0.00182734	1827.34	1	1
79.7939	0	0	1	LastDelay	0.00778803	7788.03	1	1
79.821	63	0	1	LastDelay	0	0	1	0
79.844	64	0	1	LastDelay	0	0	1	0
79.8887	65	0	1	LastDelay	0.00330604	3306.04	1	1
79.9208	53	0	1	LastDelay	0.00285233	2852.33	1	1
79.9817	31	0	1	LastDelay	0	0	1	0
79.9905	4	0	1	LastDelay	0.00505912	5059.12	1	1
80.0203	24	0	1	LastDelay	0	0	1	0
80.0374	41	0	1	LastDelay	0	0	1	0
80.0625	62	0	1	LastDelay	0	0	1	0
80.119	8	0	1	LastDelay	0	0	1	0
80.1442	16	0	1	LastDelay	0	0	1	0
80.1877	25	0	1	LastDelay	0	0	1	0
80.205	49	0	1	LastDelay	0.00330605	3306.05	1	1
80.2367	40	0	1	LastDelay	0.000293022	293.022	1	1
80.2507	71	0	1	LastDelay	0	0	1	0
80.2659	69	0	1	LastDelay	0.000302592	302.592	1	1
80.2789	46	0	1	LastDelay	0.0021789	2178.9	1	1
80.2888	32	0	1	LastDelay	0.00211746	2117.46	1	1
80.2984	50	0	1	LastDelay	0.00575424	5754.24	1	1
80.3168	12	0	1	LastDelay	0	0	1	0
80.3358	44	0	1	LastDelay	0	0	1	0
80.3462	42	0	1	LastDelay	0	0	1	0
80.4161	59	0	1	LastDelay	0.0033061	3306.1	1	1
80.4448	33	0	1	LastDelay	0.00421063	4210.63	1	1
80.4554	75	0	1	LastDelay	0.0374768	37476.8	1	1
80.4674	21	0	1	LastDelay	0	0	1	0
80.5138	28	0	1	LastDelay	0	0	1	0
80.5257	17	0	1	LastDelay	0.00330625	3306.25	1	1
80.6166	67	0	1	LastDelay	0.000563417	563.417	1	1
80.637	58	0	1	LastDelay	0	0	1	0
80.6387	27	0	1	LastDelay	0.00537202	5372.02	1	1
80.6387	61	0	1	LastDelay	0.00817116	8171.16	1	1
80.6418	54	0	1	LastDelay	0.00518012	5180.12	1	1
80.6532	70	0	1	LastDelay	0.00151	1510	1	1
80.6577	38	0	1	LastDelay	0	0	1	0
80.6723	68	0	1	LastDelay	0.0128994	12899.4	1	1
80.6785	74	0	1	LastDelay	0.00165294	1652.94	1	1
80.7303	66	0	1	LastDelay	0	0	1	0
80.7314	23	0	1	LastDelay	0.00277721	2777.21	1	1
80.7344	37	0	1	LastDelay	0.00853951	8539.51	1	1
80.76	48	0	1	LastDelay	0	0	1	0
80.7605	52	0	1	LastDelay	0	0	1	0
80.7631	45	0	1	LastDelay	0	0	1	0
80.774	36	0	1	LastDelay	0	0	1	0
80.7827	57	0	1	LastDelay	0	0	1	0
80.7861	0	0	1	LastDelay	0	0	1	0
80.8274	63	0	1	LastDelay	0.00637775	6377.76	1	1
80.8465	64	0	1	LastDelay	0.00253263	2532.63	1	1
80.8854	65	0	1	LastDelay	0	0	1	0
80.918	53	0	1	LastDelay	0	0	1	0
80.9771	35	0	1	LastDelay	0.000314612	314.612	1	1
80.9854	4	0	1	LastDelay	0	0	1	0
80.9866	31	0	1	LastDelay	0.00490506	4905.06	1	1
81.0218	24	0	1	LastDelay	0.00150011	1500.11	1	1
81.0376	41	0	1	LastDelay	0.000159519	159.519	1	1
81.065	62	0	1	LastDelay	0.00250273	2502.73	1	1
81.1255	8	0	1	LastDelay	0.00657548	6575.48	1	1
81.158	16	0	1	LastDelay	0.0137237	13723.7	1	1
81.158	60	0	1	LastDelay	0.0124185	12418.5	1	1
81.2017	49	0	1	LastDelay	0	0	1	0
81.2364	40	0	1	LastDelay	0	0	1	0
81.254	71	0	1	LastDelay	0.00333226	3332.26	1	1
81.2656	69	0	1	LastDelay	0	0	1	0
81.2767	46	0	1	LastDelay	0	0	1	0
81.2867	32	0	1	LastDelay	0	0	1	0
81.2926	50	0	1	LastDelay	0	0	1	0
81.3088	72	0	1	LastDelay	0.00347564	3475.64	1	1
81.3262	12	0	1	LastDelay	0.00944913	9449.13	1	1
81.3396	44	0	1	LastDelay	0.00379875	3798.75	1	1
81.3621	42	0	1	LastDelay	0.0159405	15940.5	1	1
81.4128	59	0	1	LastDelay	0	0	1	0
81.4179	75	0	1	LastDelay	0	0	1	0
81.4405	33	0	1	LastDelay	0	0	1	0
81.5086	73	0	1	LastDelay	0.534981	534981	1	1
81.5148	28	0	1	LastDelay	0.000946336	946.336	1	1
81.5224	17	0	1	LastDelay	0	0	1	0
81.6097	29	0	1	LastDelay	0.00637746	6377.46	1	1
81.616	67	0	1	LastDelay	0	0	1	0
81.6306	61	0	1	LastDelay	0	0	1	0
81.6334	27	0	1	LastDelay	0	0	1	0
81.6366	54	0	1	LastDelay	0	0	1	0
81.6387	58	0	1	LastDelay	0.00170366	1703.66	1	1
81.6516	70	0	1	LastDelay	0	0	1	0
81.6594	68	0	1	LastDelay	0	0	1	0
81.661	38	0	1	LastDelay	0.0033061	3306.1	1	1
81.6768	74	0	1	LastDelay	0	0	1	0
81.7259	37	0	1	LastDelay	0	0	1	0
81.7272	55	0	1	LastDelay	0.00636436	6364.36	1	1
81.7286	23	0	1	LastDelay	0	0	1	0
81.7368	66	0	1	LastDelay	0.00647356	6473.56	1	1
81.7604	48	0	1	LastDelay	0.000396101	396.101	1	1
81.7638	45	0	1	LastDelay	0.000682624	682.624	1	1
81.773	52	0	1	LastDelay	0.0124978	12497.8	1	1
81.7761	36	0	1	LastDelay	0.00201798	2017.98	1	1
81.789	57	0	1	LastDelay	0.0063187	6318.7	1	1
81.7952	0	0	1	LastDelay	0.00910174	9101.74	1	1
81.821	63	0	1	LastDelay	0	0	1	0
81.844	64	0	1	LastDelay	0	0	1	0
81.8904	65	0	1	LastDelay	0.00493823	4938.23	1	1
81.9197	53	0	1	LastDelay	0.00174361	1743.61	1	1
81.9736	73	0	1	LastDelay	0	0	1	0
81.9767	35	0	1	LastDelay	0	0	1	0
81.9817	31	0	1	LastDelay	0	0	1	0
82.0203	24	0	1	LastDelay	0	0	1	0
82.0374	41	0	1	LastDelay	0	0	1	0
82.0625	62	0	1	LastDelay	0	0	1	0
82.119	8	0	1	LastDelay	0	0	1	0
82.1442	16	0	1	LastDelay	0	0	1	0
82.1455	60	0	1	LastDelay	0	0	1	0
82.2104	49	0	1	LastDelay	0.0087383	8738.3	1	1
82.2445	40	0	1	LastDelay	0.00811021	8110.21	1	1
82.2507	71	0	1	LastDelay	0	0	1	0
82.2701	69	0	1	LastDelay	0.00448306	4483.06	1	1
82.2794	46	0	1	LastDelay	0.00261472	2614.72	1	1
82.2903	32	0	1	LastDelay	0.00356953	3569.53	1	1
82.3019	50	0	1	LastDelay	0.00926804	9268.04	1	1
82.3053	72	0	1	LastDelay	0	0	1	0
82.3168	12	0	1	LastDelay	0	0	1	0
82.3358	44	0	1	LastDelay	0	0	1	0
82.3462	42	0	1	LastDelay	0	0	1	0
82.4222	59	0	1	LastDelay	0.00944904	9449.04	1	1
82.4318	75	0	1	LastDelay	0.0138675	13867.5	1	1
82.4448	33	0	1	LastDelay	0.00422397	4223.97	1	1
82.5138	28	0	1	LastDelay	0	0	1	0
82.5366	17	0	1	LastDelay	0.0141905	14190.5	1	1
82.6033	29	0	1	LastDelay	0	0	1	0
82.6224	67	0	1	LastDelay	0.00637735	6377.35	1	1
82.6326	61	0	1	LastDelay	0.00205619	2056.19	1	1
82.6357	27	0	1	LastDelay	0.00232833	2328.34	1	1
82.637	58	0	1	LastDelay	0	0	1	0
82.6514	54	0	1	LastDelay	0.0148034	14803.4	1	1
82.6577	38	0	1	LastDelay	0	0	1	0
82.6583	70	0	1	LastDelay	0.00661575	6615.75	1	1
82.674	68	0	1	LastDelay	0.0145904	14590.4	1	1
82.7037	74	0	1	LastDelay	0.0269144	26914.4	1	1
82.7209	55	0	1	LastDelay	0	0	1	0
82.7292	23	0	1	LastDelay	0.000615141	615.141	1	1
82.7303	66	0	1	LastDelay	0	0	1	0
82.76	48	0	1	LastDelay	0	0	1	0
82.7605	52	0	1	LastDelay	0	0	1	0
82.7631	45	0	1	LastDelay	0	0	1	0
82.774	36	0	1	LastDelay	0	0	1	0
82.7827	57	0	1	LastDelay	0	0	1	0
82.7861	0	0	1	LastDelay	0	0	1	0
82.8243	63	0	1	LastDelay	0.0033061	3306.1	1	1
82.8489	64	0	1	LastDelay	0.00496789	4967.89	1	1
82.8854	65	0	1	LastDelay	0	0	1	0
82.918	53	0	1	LastDelay	0	0	1	0
82.9771	35	0	1	LastDelay	0.000379402	379.402	1	1
82.9868	31	0	1	LastDelay	0.00508656	5086.56	1	1
82.9868	4	0	1	LastDelay	0.00142812	1428.12	1	1
83.0223	24	0	1	LastDelay	0.00201134	2011.34	1	1
83.0459	41	0	1	LastDelay	0.00846385	8463.85	1	1
83.0646	62	0	1	LastDelay	0.00209422	2094.22	1	1
83.1253	8	0	1	LastDelay	0.00639022	6390.22	1	1
83.1472	16	0	1	LastDelay	0.00296247	2962.47	1	1
83.1636	60	0	1	LastDelay	0.0180061	18006.1	1	1
83.1919	25	0	1	LastDelay	0.00423208	4232.08	1	1
83.2017	49	0	1	LastDelay	0	0	1	0
83.2364	40	0	1	LastDelay	0	0	1	0
83.2656	69	0	1	LastDelay	0	0	1	0
83.2767	46	0	1	LastDelay	0	0	1	0
83.2867	32	0	1	LastDelay	0	0	1	0
83.2926	50	0	1	LastDelay	0	0	1	0
83.3086	72	0	1	LastDelay	0.00330658	3306.58	1	1
83.3186	12	0	1	LastDelay	0.00185579	1855.79	1	1
83.3443	44	0	1	LastDelay	0.00855773	8557.73	1	1
83.3535	42	0	1	LastDelay	0.00734435	7344.35	1	1
83.4128	59	0	1	LastDelay	0	0	1	0
83.4179	75	0	1	LastDelay	0	0	1	0
83.4405	33	0	1	LastDelay	0	0	1	0
83.5148	28	0	1	LastDelay	0.000970699	970.699	1	1
83.5216	73	0	1	LastDelay	0.548005	548005	1	1
83.5224	17	0	1	LastDelay	0	0	1	0
83.6097	29	0	1	LastDelay	0.00637739	6377.39	1	1
83.616	67	0	1	LastDelay	0	0	1	0
83.6306	61	0	1	LastDelay	0	0	1	0
83.6334	27	0	1	LastDelay	0	0	1	0
83.6366	54	0	1	LastDelay	0	0	1	0
83.6485	58	0	1	LastDelay	0.0114847	11484.7	1	1
83.6516	70	0	1	LastDelay	0	0	1	0
83.6584	38	0	1	LastDelay	0.000686279	686.279	1	1
83.6594	68	0	1	LastDelay	0	0	1	0
83.6768	74	0	1	LastDelay	0	0	1	0
83.7286	23	0	1	LastDelay	0	0	1	0
83.7307	37	0	1	LastDelay	0.00478116	4781.16	1	1
83.7307	55	0	1	LastDelay	0.00980479	9804.79	1	1
83.7307	66	0	1	LastDelay	0.000357147	357.147	1	1
83.7628	52	0	1	LastDelay	0.00230522	2305.22	1	1
83.7628	48	0	1	LastDelay	0.00282026	2820.26	1	1
83.7658	45	0	1	LastDelay	0.00276133	2761.33	1	1
83.7826	36	0	1	LastDelay	0.00855406	8554.07	1	1
83.7857	57	0	1	LastDelay	0.00294124	2941.24	1	1
83.7952	0	0	1	LastDelay	0.00910173	9101.73	1	1
83.821	63	0	1	LastDelay	0	0	1	0
83.844	64	0	1	LastDelay	0	0	1	0
83.8878	65	0	1	LastDelay	0.00235204	2352.03	1	1
83.9199	53	0	1	LastDelay	0.00188683	1886.83	1	1
83.9736	73	0	1	LastDelay	0	0	1	0
83.9767	35	0	1	LastDelay	0	0	1	0
83.9817	31	0	1	LastDelay	0	0	1	0
83.9854	4	0	1	LastDelay	0	0	1	0
84.0203	24	0	1	LastDelay	0	0	1	0
84.0374	41	0	1	LastDelay	0	0	1	0
84.0625	62	0	1	LastDelay	0	0	1	0
84.119	8	0	1	LastDelay	0	0	1	0
84.1442	16	0	1	LastDelay	0	0	1	0
84.1455	60	0	1	LastDelay	0	0	1	0
84.1877	25	0	1	LastDelay	0	0	1	0
84.2405	79	0	1	LastDelay	0.800526	800526	1	1
84.272	69	0	1	LastDelay	0.00631574	6315.74	1	1
84.2918	46	0	1	LastDelay	0.0150495	15049.5	1	1
84.2983	32	0	1	LastDelay	0.0115602	11560.2	1	1
84.2983	50	0	1	LastDelay	0.00565357	5653.57	1	1
84.3053	72	0	1	LastDelay	0	0	1	0
84.3168	12	0	1	LastDelay	0	0	1	0
84.3358	44	0	1	LastDelay	0	0	1	0
84.3462	42	0	1	LastDelay	0	0	1	0
84.3626	78	0	1	LastDelay	0.00640373	6403.73	1	1
84.4226	59	0	1	LastDelay	0.00979204	9792.04	1	1
84.4226	75	0	1	LastDelay	0.00464099	4640.99	1	1
84.44	79	0	1	LastDelay	0	0	1	0
84.4485	33	0	1	LastDelay	0.00799495	7994.95	1	1
84.4738	21	0	1	LastDelay	0.00637743	6377.44	1	1
84.5138	28	0	1	LastDelay	0	0	1	0
84.6033	29	0	1	LastDelay	0	0	1	0
84.6326	61	0	1	LastDelay	0.00205647	2056.47	1	1
84.637	58	0	1	LastDelay	0	0	1	0
84.6426	54	0	1	LastDelay	0.00599872	5998.72	1	1
84.6457	27	0	1	LastDelay	0.0123329	12332.9	1	1
84.6525	70	0	1	LastDelay	0.0008823	882.3	1	1
84.6577	38	0	1	LastDelay	0	0	1	0
84.6625	68	0	1	LastDelay	0.00308614	3086.14	1	1
84.6881	74	0	1	LastDelay	0.0112979	11297.9	1	1
84.7209	55	0	1	LastDelay	0	0	1	0
84.7259	37	0	1	LastDelay	0	0	1	0
84.7303	66	0	1	LastDelay	0	0	1	0
84.7309	23	0	1	LastDelay	0.0022842	2284.2	1	1
84.76	48	0	1	LastDelay	0	0	1	0
84.7605	52	0	1	LastDelay	0	0	1	0
84.7631	45	0	1	LastDelay	0	0	1	0
84.774	36	0	1	LastDelay	0	0	1	0
84.7827	57	0	1	LastDelay	0	0	1	0
84.7861	0	0	1	LastDelay	0	0	1	0
84.8243	63	0	1	LastDelay	0.00330615	3306.15	1	1
84.8483	64	0	1	LastDelay	0.00428669	4286.69	1	1
84.8854	65	0	1	LastDelay	0	0	1	0
84.918	53	0	1	LastDelay	0	0	1	0
84.9769	35	0	1	LastDelay	0.000184214	184.214	1	1
84.9769	73	0	1	LastDelay	0.0033065	3306.5	1	1
84.9934	4	0	1	LastDelay	0.00795803	7958.03	1	1
85.0402	24	0	1	LastDelay	0.0198542	19854.2	1	1
85.0402	41	0	1	LastDelay	0.00278684	2786.84	1	1
85.0665	62	0	1	LastDelay	0.0039321	3932.1	1	1
85.1361	8	0	1	LastDelay	0.0171027	17102.7	1	1
85.146	60	0	1	LastDelay	0.000415427	415.427	1	1
85.146	16	0	1	LastDelay	0.00172086	1720.86	1	1
85.2008	25	0	1	LastDelay	0.0130977	13097.7	1	1
85.2073	49	0	1	LastDelay	0.00559608	5596.08	1	1
85.2376	40	0	1	LastDelay	0.00121697	1216.97	1	1
85.2656	69	0	1	LastDelay	0	0	1	0
85.266	71	0	1	LastDelay	0.0153124	15312.4	1	1
85.2767	46	0	1	LastDelay	0	0	1	0
85.2867	32	0	1	LastDelay	0	0	1	0
85.2926	50	0	1	LastDelay	0	0	1	0
85.3057	72	0	1	LastDelay	0.000395127	395.127	1	1
85.3214	12	0	1	LastDelay	0.00465453	4654.53	1	1
85.3421	44	0	1	LastDelay	0.00637739	6377.39	1	1
85.3548	42	0	1	LastDelay	0.0085782	8578.2	1	1
85.3562	78	0	1	LastDelay	0	0	1	0
85.4128	59	0	1	LastDelay	0	0	1	0
85.4179	75	0	1	LastDelay	0	0	1	0
85.4405	33	0	1	LastDelay	0	0	1	0
85.4674	21	0	1	LastDelay	0	0	1	0
85.5306	17	0	1	LastDelay	0.00820806	8208.06	1	1
85.6134	29	0	1	LastDelay	0.0100945	10094.5	1	1
85.623	67	0	1	LastDelay	0.00698217	6982.17	1	1
85.6306	61	0	1	LastDelay	0	0	1	0
85.6332	76	0	1	LastDelay	0.00740485	7404.85	1	1
85.6334	27	0	1	LastDelay	0	0	1	0
85.6366	54	0	1	LastDelay	0	0	1	0
85.6435	58	0	1	LastDelay	0.00648838	6488.38	1	1
85.6516	70	0	1	LastDelay	0	0	1	0
85.6594	68	0	1	LastDelay	0	0	1	0
85.6727	38	0	1	LastDelay	0.0149498	14949.8	1	1
85.6768	74	0	1	LastDelay	0	0	1	0
85.7286	23	0	1	LastDelay	0	0	1	0
85.7309	66	0	1	LastDelay	0.000539991	539.991	1	1
85.7339	37	0	1	LastDelay	0.00803532	8035.32	1	1
85.7702	48	0	1	LastDelay	0.0102584	10258.4	1	1
85.7702	52	0	1	LastDelay	0.00974332	9743.32	1	1
85.7771	36	0	1	LastDelay	0.00302134	3021.34	1	1
85.7771	45	0	1	LastDelay	0.0139706	13970.6	1	1
85.7897	57	0	1	LastDelay	0.00694132	6941.32	1	1
85.7927	0	0	1	LastDelay	0.00664032	6640.32	1	1
85.821	63	0	1	LastDelay	0	0	1	0
85.844	64	0	1	LastDelay	0	0	1	0
85.8921	65	0	1	LastDelay	0.00666116	6661.16	1	1
85.9204	53	0	1	LastDelay	0.00241238	2412.38	1	1
85.9736	73	0	1	LastDelay	0	0	1	0
85.9767	35	0	1	LastDelay	0	0	1	0
85.9854	4	0	1	LastDelay	0	0	1	0
85.987	31	0	1	LastDelay	0.0052471	5247.1	1	1
86.0203	24	0	1	LastDelay	0	0	1	0
86.0374	41	0	1	LastDelay	0	0	1	0
86.0625	62	0	1	LastDelay	0	0	1	0
86.119	8	0	1	LastDelay	0	0	1	0
86.1442	16	0	1	LastDelay	0	0	1	0
86.1455	60	0	1	LastDelay	0	0	1	0
86.1877	25	0	1	LastDelay	0	0	1	0
86.2017	49	0	1	LastDelay	0	0	1	0
86.2364	40	0	1	LastDelay	0	0	1	0
86.2507	71	0	1	LastDelay	0	0	1	0
86.2819	46	0	1	LastDelay	0.00518212	5182.12	1	1
86.2973	32	0	1	LastDelay	0.0105758	10575.8	1	1
86.2973	50	0	1	LastDelay	0.00466917	4669.17	1	1
86.3053	72	0	1	LastDelay	0	0	1	0
86.3168	12	0	1	LastDelay	0	0	1	0
86.3358	44	0	1	LastDelay	0	0	1	0
86.3462	42	0	1	LastDelay	0	0	1	0
86.426	75	0	1	LastDelay	0.00805556	8055.56	1	1
86.4421	79	0	1	LastDelay	0.00207473	2074.73	1	1
86.4489	33	0	1	LastDelay	0.00835247	8352.47	1	1
86.4786	21	0	1	LastDelay	0.0112157	11215.7	1	1
86.5224	17	0	1	LastDelay	0	0	1	0
86.6033	29	0	1	LastDelay	0	0	1	0
86.616	67	0	1	LastDelay	0	0	1	0
86.6258	76	0	1	LastDelay	0	0	1	0
86.6369	54	0	1	LastDelay	0.000315434	315.434	1	1
86.637	58	0	1	LastDelay	0	0	1	0
86.6541	27	0	1	LastDelay	0.0207163	20716.3	1	1
86.6577	38	0	1	LastDelay	0	0	1	0
86.6643	70	0	1	LastDelay	0.0126802	12680.2	1	1
86.6674	68	0	1	LastDelay	0.00797494	7974.94	1	1
86.6944	74	0	1	LastDelay	0.0175735	17573.5	1	1
86.7236	55	0	1	LastDelay	0.00267162	2671.62	1	1
86.7259	37	0	1	LastDelay	0	0	1	0
86.7303	66	0	1	LastDelay	0	0	1	0
86.7363	23	0	1	LastDelay	0.00765198	7651.98	1	1
86.76	48	0	1	LastDelay	0	0	1	0
86.7605	52	0	1	LastDelay	0	0	1	0
86.7631	45	0	1	LastDelay	0	0	1	0
86.774	36	0	1	LastDelay	0	0	1	0
86.7827	57	0	1	LastDelay	0	0	1	0
86.7861	0	0	1	LastDelay	0	0	1	0
86.854	64	0	1	LastDelay	0.0100474	10047.4	1	1
86.8854	65	0	1	LastDelay	0	0	1	0
86.918	53	0	1	LastDelay	0	0	1	0
86.9392	82	0	1	LastDelay	0.00370186	3701.86	1	1
86.9817	31	0	1	LastDelay	0	0	1	0
86.9902	35	0	1	LastDelay	0.0134984	13498.4	1	1
86.9902	4	0	1	LastDelay	0.00484587	4845.87	1	1
87.0347	24	0	1	LastDelay	0.0144192	14419.2	1	1
87.0382	41	0	1	LastDelay	0.000779653	779.653	1	1
87.0673	62	0	1	LastDelay	0.00473305	4733.05	1	1
87.1235	8	0	1	LastDelay	0.00458177	4581.77	1	1
87.1468	60	0	1	LastDelay	0.00123454	1234.54	1	1
87.1529	16	0	1	LastDelay	0.00870828	8708.28	1	1
87.1885	25	0	1	LastDelay	0.000883436	883.436	1	1
87.2019	49	0	1	LastDelay	0.000210245	210.245	1	1
87.2369	40	0	1	LastDelay	0.000452665	452.665	1	1
87.2767	46	0	1	LastDelay	0	0	1	0
87.2774	69	0	1	LastDelay	0.0117344	11734.4	1	1
87.2867	32	0	1	LastDelay	0	0	1	0
87.2926	50	0	1	LastDelay	0	0	1	0
87.3111	72	0	1	LastDelay	0.00574837	5748.37	1	1
87.3213	12	0	1	LastDelay	0.00456247	4562.47	1	1
87.3371	44	0	1	LastDelay	0.00131028	1310.28	1	1
87.3463	42	0	1	LastDelay	9.6607e-05	96.607	1	1
87.3579	78	0	1	LastDelay	0.00179721	1797.21	1	1
87.4179	75	0	1	LastDelay	0	0	1	0
87.44	79	0	1	LastDelay	0	0	1	0
87.4405	33	0	1	LastDelay	0	0	1	0
87.4674	21	0	1	LastDelay	0	0	1	0
87.539	17	0	1	LastDelay	0.0165793	16579.3	1	1
87.6047	29	0	1	LastDelay	0.00136994	1369.94	1	1
87.6219	67	0	1	LastDelay	0.00586624	5866.24	1	1
87.6334	27	0	1	LastDelay	0	0	1	0
87.6366	54	0	1	LastDelay	0	0	1	0
87.6376	61	0	1	LastDelay	0.00701388	7013.88	1	1
87.6468	58	0	1	LastDelay	0.00978617	9786.17	1	1
87.6516	70	0	1	LastDelay	0	0	1	0
87.6529	76	0	1	LastDelay	0.0271397	27139.7	1	1
87.6594	68	0	1	LastDelay	0	0	1	0
87.6598	38	0	1	LastDelay	0.00205965	2059.65	1	1
87.6768	74	0	1	LastDelay	0	0	1	0
87.7209	55	0	1	LastDelay	0	0	1	0
87.7286	23	0	1	LastDelay	0	0	1	0
87.7342	66	0	1	LastDelay	0.00385286	3852.86	1	1
87.7342	37	0	1	LastDelay	0.00827714	8277.14	1	1
87.7625	48	0	1	LastDelay	0.00254556	2545.55	1	1
87.7625	52	0	1	LastDelay	0.00203052	2030.52	1	1
87.7656	45	0	1	LastDelay	0.00249979	2499.8	1	1
87.7748	36	0	1	LastDelay	0.000764051	764.051	1	1
87.7884	57	0	1	LastDelay	0.00572619	5726.19	1	1
87.7884	0	0	1	LastDelay	0.00235398	2353.98	1	1
87.8352	63	0	1	LastDelay	0.0142347	14234.7	1	1
87.844	64	0	1	LastDelay	0	0	1	0
87.8895	65	0	1	LastDelay	0.0041062	4106.2	1	1
87.8994	77	0	1	LastDelay	0.0423654	42365.4	1	1
87.921	53	0	1	LastDelay	0.00301891	3018.91	1	1
87.9241	81	0	1	LastDelay	0.00986368	9863.68	1	1
87.9355	82	0	1	LastDelay	0	0	1	0
87.9767	35	0	1	LastDelay	0	0	1	0
87.9843	73	0	1	LastDelay	0.0106333	10633.3	1	1
87.9854	4	0	1	LastDelay	0	0	1	0
87.9875	31	0	1	LastDelay	0.00575982	5759.82	1	1
88.0203	24	0	1	LastDelay	0	0	1	0
88.0374	41	0	1	LastDelay	0	0	1	0
88.0625	62	0	1	LastDelay	0	0	1	0
88.119	8	0	1	LastDelay	0	0	1	0
88.1442	16	0	1	LastDelay	0	0	1	0
88.1455	60	0	1	LastDelay	0	0	1	0
88.1877	25	0	1	LastDelay	0	0	1	0
88.2017	49	0	1	LastDelay	0	0	1	0
88.2364	40	0	1	LastDelay	0	0	1	0
88.2656	69	0	1	LastDelay	0	0	1	0
88.277	46	0	1	LastDelay	0.00021556	215.56	1	1
88.29	32	0	1	LastDelay	0.0033063	3306.3	1	1
88.2962	50	0	1	LastDelay	0.00354184	3541.84	1	1
88.3053	72	0	1	LastDelay	0	0	1	0
88.3168	12	0	1	LastDelay	0	0	1	0
88.3358	44	0	1	LastDelay	0	0	1	0
88.3462	42	0	1	LastDelay	0	0	1	0
88.3562	78	0	1	LastDelay	0	0	1	0
88.4222	75	0	1	LastDelay	0.00429815	4298.15	1	1
88.4428	79	0	1	LastDelay	0.0028535	2853.5	1	1
88.4428	33	0	1	LastDelay	0.00228958	2289.58	1	1
88.4695	21	0	1	LastDelay	0.0021205	2120.5	1	1
88.5222	28	0	1	LastDelay	0.0083461	8346.1	1	1
88.5224	17	0	1	LastDelay	0	0	1	0
88.5578	83	0	1	LastDelay	0.00687162	6871.62	1	1
88.6033	29	0	1	LastDelay	0	0	1	0
88.616	67	0	1	LastDelay	0	0	1	0
88.6258	76	0	1	LastDelay	0	0	1	0
88.6306	61	0	1	LastDelay	0	0	1	0
88.6367	54	0	1	LastDelay	4.3337e-05	43.337	1	1
88.6367	87	0	1	LastDelay	0.00331691	3316.91	1	1
88.637	58	0	1	LastDelay	0	0	1	0
88.6428	27	0	1	LastDelay	0.00946242	9462.42	1	1
88.6521	80	0	1	LastDelay	0.00291454	2914.54	1	1
88.6552	70	0	1	LastDelay	0.00350692	3506.92	1	1
88.6577	38	0	1	LastDelay	0	0	1	0
88.6692	68	0	1	LastDelay	0.00973232	9732.32	1	1
88.6852	74	0	1	LastDelay	0.00841231	8412.31	1	1
88.7212	55	0	1	LastDelay	0.000321801	321.801	1	1
88.7259	37	0	1	LastDelay	0	0	1	0
88.7303	66	0	1	LastDelay	0	0	1	0
88.7345	23	0	1	LastDelay	0.00594703	5947.03	1	1
88.76	48	0	1	LastDelay	0	0	1	0
88.7605	52	0	1	LastDelay	0	0	1	0
88.7631	45	0	1	LastDelay	0	0	1	0
88.774	36	0	1	LastDelay	0	0	1	0
88.7827	57	0	1	LastDelay	0	0	1	0
88.7861	0	0	1	LastDelay	0	0	1	0
88.821	63	0	1	LastDelay	0	0	1	0
88.8407	84	0	1	LastDelay	0.00334538	3345.38	1	1
88.8571	77	0	1	LastDelay	0	0	1	0
88.8854	65	0	1	LastDelay	0	0	1	0
88.9142	81	0	1	LastDelay	0	0	1	0
88.918	53	0	1	LastDelay	0	0	1	0
88.9736	73	0	1	LastDelay	0	0	1	0
88.9817	31	0	1	LastDelay	0	0	1	0
89.0214	24	0	1	LastDelay	0.00102535	1025.35	1	1
89.038	41	0	1	LastDelay	0.000650111	650.111	1	1
89.1458	60	0	1	LastDelay	0.000288933	288.933	1	1
89.1898	25	0	1	LastDelay	0.00214302	2143.02	1	1
89.205	49	0	1	LastDelay	0.00330607	3306.07	1	1
89.2408	40	0	1	LastDelay	0.00439604	4396.04	1	1
89.2535	71	0	1	LastDelay	0.00277996	2779.96	1	1
89.269	69	0	1	LastDelay	0.00339216	3392.16	1	1
89.2767	46	0	1	LastDelay	0	0	1	0
89.2867	32	0	1	LastDelay	0	0	1	0
89.2926	50	0	1	LastDelay	0	0	1	0
89.3064	72	0	1	LastDelay	0.00105115	1051.15	1	1
89.32	12	0	1	LastDelay	0.00324298	3242.98	1	1
89.3395	44	0	1	LastDelay	0.00373518	3735.18	1	1
89.3687	78	0	1	LastDelay	0.0124996	12499.6	1	1
89.3721	42	0	1	LastDelay	0.0258814	25881.4	1	1
89.4179	75	0	1	LastDelay	0	0	1	0
89.437	59	0	1	LastDelay	0.0242473	24247.3	1	1
89.44	79	0	1	LastDelay	0	0	1	0
89.4405	33	0	1	LastDelay	0	0	1	0
89.4674	21	0	1	LastDelay	0	0	1	0
89.5138	28	0	1	LastDelay	0	0	1	0
89.5288	17	0	1	LastDelay	0.00637785	6377.85	1	1
89.5509	83	0	1	LastDelay	0	0	1	0
89.6162	67	0	1	LastDelay	0.000193951	193.951	1	1
89.6299	76	0	1	LastDelay	0.00405801	4058.01	1	1
89.6334	87	0	1	LastDelay	0	0	1	0
89.6334	27	0	1	LastDelay	0	0	1	0
89.6366	54	0	1	LastDelay	0	0	1	0
89.6436	58	0	1	LastDelay	0.00654433	6544.33	1	1
89.6436	61	0	1	LastDelay	0.0129988	12998.8	1	1
89.6492	80	0	1	LastDelay	0	0	1	0
89.6516	70	0	1	LastDelay	0	0	1	0
89.6594	68	0	1	LastDelay	0	0	1	0
89.6595	38	0	1	LastDelay	0.00182445	1824.45	1	1
89.6768	74	0	1	LastDelay	0	0	1	0
89.7209	55	0	1	LastDelay	0	0	1	0
89.7286	23	0	1	LastDelay	0	0	1	0
89.7291	37	0	1	LastDelay	0.00322603	3226.03	1	1
89.7322	66	0	1	LastDelay	0.00187287	1872.87	1	1
89.7626	52	0	1	LastDelay	0.00212415	2124.15	1	1
89.7626	48	0	1	LastDelay	0.0026392	2639.2	1	1
89.769	45	0	1	LastDelay	0.00595799	5957.99	1	1
89.7752	36	0	1	LastDelay	0.00115097	1150.97	1	1
89.794	0	0	1	LastDelay	0.00787845	7878.45	1	1
89.8083	57	0	1	LastDelay	0.0255959	25595.9	1	1
89.8217	63	0	1	LastDelay	0.00070274	702.74	1	1
89.8373	84	0	1	LastDelay	0	0	1	0
89.845	64	0	1	LastDelay	0.00103717	1037.16	1	1
89.8576	77	0	1	LastDelay	0.000558329	558.329	1	1
89.886	65	0	1	LastDelay	0.000552458	552.458	1	1
89.9181	53	0	1	LastDelay	7.293e-05	72.93	1	1
89.9211	81	0	1	LastDelay	0.00690482	6904.82	1	1
89.9807	73	0	1	LastDelay	0.00710061	7100.61	1	1
89.9807	35	0	1	LastDelay	0.00397846	3978.46	1	1
89.9838	31	0	1	LastDelay	0.00205543	2055.43	1	1
89.9869	4	0	1	LastDelay	0.00148144	1481.44	1	1
90.0203	24	0	1	LastDelay	0	0	1	0
90.0374	41	0	1	LastDelay	0	0	1	0
90.0658	62	0	1	LastDelay	0.00329237	3292.37	1	1
90.1455	60	0	1	LastDelay	0	0	1	0
90.1698	16	0	1	LastDelay	0.0255294	25529.4	1	1
90.1877	25	0	1	LastDelay	0	0	1	0
90.2017	49	0	1	LastDelay	0	0	1	0
90.2364	40	0	1	LastDelay	0	0	1	0
90.2507	71	0	1	LastDelay	0	0	1	0
90.2656	69	0	1	LastDelay	0	0	1	0
90.2893	32	0	1	LastDelay	0.00257089	2570.89	1	1
90.2927	50	0	1	LastDelay	0.000104945	104.945	1	1
90.3053	72	0	1	LastDelay	0	0	1	0
90.3168	12	0	1	LastDelay	0	0	1	0
90.3358	44	0	1	LastDelay	0	0	1	0
90.3462	42	0	1	LastDelay	0	0	1	0
90.3562	78	0	1	LastDelay	0	0	1	0
90.4128	59	0	1	LastDelay	0	0	1	0
90.4243	75	0	1	LastDelay	0.00637785	6377.85	1	1
90.4561	33	0	1	LastDelay	0.0155967	15596.7	1	1
90.4561	79	0	1	LastDelay	0.0161608	16160.8	1	1
90.4736	21	0	1	LastDelay	0.00616121	6161.21	1	1
90.5171	28	0	1	LastDelay	0.00330615	3306.15	1	1
90.5224	17	0	1	LastDelay	0	0	1	0
90.5584	83	0	1	LastDelay	0.00753761	7537.61	1	1
90.6062	29	0	1	LastDelay	0.00288824	2888.24	1	1
90.616	67	0	1	LastDelay	0	0	1	0
90.6258	76	0	1	LastDelay	0	0	1	0
90.6306	61	0	1	LastDelay	0	0	1	0
90.637	58	0	1	LastDelay	0	0	1	0
90.6383	27	0	1	LastDelay	0.00498261	4982.61	1	1
90.6452	54	0	1	LastDelay	0.00854848	8548.49	1	1
90.6551	70	0	1	LastDelay	0.00344436	3444.36	1	1
90.6577	38	0	1	LastDelay	0	0	1	0
90.6612	68	0	1	LastDelay	0.00181044	1810.44	1	1
90.6667	80	0	1	LastDelay	0.0175158	17515.8	1	1
90.6893	74	0	1	LastDelay	0.0124958	12495.8	1	1
90.7235	55	0	1	LastDelay	0.00259881	2598.81	1	1
90.7259	37	0	1	LastDelay	0	0	1	0
90.7303	66	0	1	LastDelay	0	0	1	0
90.7338	23	0	1	LastDelay	0.00518174	5181.74	1	1
90.76	48	0	1	LastDelay	0	0	1	0
90.7605	52	0	1	LastDelay	0	0	1	0
90.7631	45	0	1	LastDelay	0	0	1	0
90.774	36	0	1	LastDelay	0	0	1	0
90.7827	57	0	1	LastDelay	0	0	1	0
90.7861	0	0	1	LastDelay	0	0	1	0
90.821	63	0	1	LastDelay	0	0	1	0
90.8406	84	0	1	LastDelay	0.00330627	3306.27	1	1
90.844	64	0	1	LastDelay	0	0	1	0
90.8571	77	0	1	LastDelay	0	0	1	0
90.8854	65	0	1	LastDelay	0	0	1	0
90.9142	81	0	1	LastDelay	0	0	1	0
90.918	53	0	1	LastDelay	0	0	1	0
90.9388	82	0	1	LastDelay	0.00330656	3306.56	1	1
90.9736	73	0	1	LastDelay	0	0	1	0
90.9767	35	0	1	LastDelay	0	0	1	0
90.9817	31	0	1	LastDelay	0	0	1	0
90.9854	4	0	1	LastDelay	0	0	1	0
91.0397	41	0	1	LastDelay	0.00228161	2281.61	1	1
91.0625	62	0	1	LastDelay	0	0	1	0
91.1442	16	0	1	LastDelay	0	0	1	0
91.1486	60	0	1	LastDelay	0.00305596	3055.96	1	1
91.2374	40	0	1	LastDelay	0.000983199	983.199	1	1
91.2535	71	0	1	LastDelay	0.00279425	2794.25	1	1
91.2716	86	0	1	LastDelay	0.0326706	32670.6	1	1
91.2808	69	0	1	LastDelay	0.0151793	15179.3	1	1
91.2808	46	0	1	LastDelay	0.00408454	4084.54	1	1
91.2867	32	0	1	LastDelay	0	0	1	0
91.2926	50	0	1	LastDelay	0	0	1	0
91.3173	72	0	1	LastDelay	0.011974	11974	1	1
91.3203	12	0	1	LastDelay	0.00356426	3564.26	1	1
91.3457	44	0	1	LastDelay	0.00996285	9962.85	1	1
91.3556	42	0	1	LastDelay	0.00946206	9462.06	1	1
91.3587	78	0	1	LastDelay	0.00256607	2566.07	1	1
91.4179	75	0	1	LastDelay	0	0	1	0
91.44	79	0	1	LastDelay	0	0	1	0
91.4405	33	0	1	LastDelay	0	0	1	0
91.4674	21	0	1	LastDelay	0	0	1	0
91.5138	28	0	1	LastDelay	0	0	1	0
91.5509	83	0	1	LastDelay	0	0	1	0
91.6033	29	0	1	LastDelay	0	0	1	0
91.6302	76	0	1	LastDelay	0.00441576	4415.76	1	1
91.6334	27	0	1	LastDelay	0	0	1	0
91.6364	61	0	1	LastDelay	0.00582732	5827.32	1	1
91.6366	54	0	1	LastDelay	0	0	1	0
91.6425	58	0	1	LastDelay	0.00552876	5528.77	1	1
91.6492	80	0	1	LastDelay	0	0	1	0
91.6516	70	0	1	LastDelay	0	0	1	0
91.6586	38	0	1	LastDelay	0.000872673	872.673	1	1
91.6594	68	0	1	LastDelay	0	0	1	0
91.6768	74	0	1	LastDelay	0	0	1	0
91.7209	55	0	1	LastDelay	0	0	1	0
91.7286	23	0	1	LastDelay	0	0	1	0
91.76	48	0	1	LastDelay	5.7428e-05	57.428	1	1
91.7696	52	0	1	LastDelay	0.00909908	9099.08	1	1
91.7802	36	0	1	LastDelay	0.00616055	6160.55	1	1
91.7802	45	0	1	LastDelay	0.0171098	17109.8	1	1
91.787	57	0	1	LastDelay	0.00428141	4281.41	1	1
91.787	0	0	1	LastDelay	0.000909601	909.601	1	1
91.8321	63	0	1	LastDelay	0.0110527	11052.7	1	1
91.8373	84	0	1	LastDelay	0	0	1	0
91.8481	64	0	1	LastDelay	0.00414918	4149.18	1	1
91.8654	77	0	1	LastDelay	0.00836609	8366.09	1	1
91.8879	65	0	1	LastDelay	0.00251019	2510.19	1	1
91.9197	53	0	1	LastDelay	0.00176732	1767.32	1	1
91.9197	81	0	1	LastDelay	0.00552769	5527.69	1	1
91.9355	82	0	1	LastDelay	0	0	1	0
91.9762	73	0	1	LastDelay	0.00259283	2592.83	1	1
91.9861	31	0	1	LastDelay	0.00435234	4352.34	1	1
91.9861	35	0	1	LastDelay	0.00934666	9346.66	1	1
92.0374	41	0	1	LastDelay	0	0	1	0
92.0689	62	0	1	LastDelay	0.00633716	6337.16	1	1
92.1455	60	0	1	LastDelay	0	0	1	0
92.1558	8	0	1	LastDelay	0.036828	36828	1	1
92.2364	40	0	1	LastDelay	0	0	1	0
92.2389	86	0	1	LastDelay	0	0	1	0
92.2453	92	0	1	LastDelay	0.841402	841402	1	1
92.2507	71	0	1	LastDelay	0	0	1	0
92.2656	69	0	1	LastDelay	0	0	1	0
92.2767	46	0	1	LastDelay	0	0	1	0
92.29	32	0	1	LastDelay	0.0033061	3306.1	1	1
92.2962	50	0	1	LastDelay	0.00354183	3541.83	1	1
92.3053	72	0	1	LastDelay	0	0	1	0
92.3168	12	0	1	LastDelay	0	0	1	0
92.3358	44	0	1	LastDelay	0	0	1	0
92.3462	42	0	1	LastDelay	0	0	1	0
92.3562	78	0	1	LastDelay	0	0	1	0
92.4039	92	0	1	LastDelay	0	0	1	0
92.4191	75	0	1	LastDelay	0.00122651	1226.51	1	1
92.4253	59	0	1	LastDelay	0.012546	12546	1	1
92.4424	33	0	1	LastDelay	0.0018665	1866.5	1	1
92.4777	21	0	1	LastDelay	0.0103314	10331.4	1	1
92.5157	28	0	1	LastDelay	0.00186674	1866.74	1	1
92.528	17	0	1	LastDelay	0.00559576	5595.76	1	1
92.6055	29	0	1	LastDelay	0.00221131	2211.31	1	1
92.6186	67	0	1	LastDelay	0.00262292	2622.92	1	1
92.6258	76	0	1	LastDelay	0	0	1	0
92.6306	61	0	1	LastDelay	0	0	1	0
92.6347	27	0	1	LastDelay	0.00131521	1315.21	1	1
92.637	58	0	1	LastDelay	0	0	1	0
92.6378	54	0	1	LastDelay	0.00112362	1123.62	1	1
92.6577	38	0	1	LastDelay	0	0	1	0
92.6599	68	0	1	LastDelay	0.000515697	515.697	1	1
92.6599	80	0	1	LastDelay	0.0107713	10771.3	1	1
92.663	70	0	1	LastDelay	0.0113638	11363.8	1	1
92.6722	87	0	1	LastDelay	0.0388675	38867.5	1	1
92.6852	74	0	1	LastDelay	0.00841019	8410.18	1	1
92.7225	55	0	1	LastDelay	0.00164458	1644.58	1	1
92.7317	23	0	1	LastDelay	0.00314372	3143.72	1	1
92.7352	66	0	1	LastDelay	0.00482503	4825.03	1	1
92.76	48	0	1	LastDelay	0	0	1	0
92.7605	52	0	1	LastDelay	0	0	1	0
92.7631	45	0	1	LastDelay	0	0	1	0
92.774	36	0	1	LastDelay	0	0	1	0
92.7827	57	0	1	LastDelay	0	0	1	0
92.7861	0	0	1	LastDelay	0	0	1	0
92.821	63	0	1	LastDelay	0	0	1	0
92.844	64	0	1	LastDelay	0	0	1	0
92.8571	77	0	1	LastDelay	0	0	1	0
92.8854	65	0	1	LastDelay	0	0	1	0
92.9142	81	0	1	LastDelay	0	0	1	0
92.918	53	0	1	LastDelay	0	0	1	0
92.9736	73	0	1	LastDelay	0	0	1	0
92.9767	35	0	1	LastDelay	0	0	1	0
92.9817	31	0	1	LastDelay	0	0	1	0
93.0236	24	0	1	LastDelay	0.00330602	3306.02	1	1
93.0493	41	0	1	LastDelay	0.0118905	11890.5	1	1
93.0625	62	0	1	LastDelay	0	0	1	0
93.119	8	0	1	LastDelay	0	0	1	0
93.1524	60	0	1	LastDelay	0.00684246	6842.46	1	1
93.1925	25	0	1	LastDelay	0.00488206	4882.06	1	1
93.205	49	0	1	LastDelay	0.00330615	3306.15	1	1
93.2523	71	0	1	LastDelay	0.00159821	1598.21	1	1
93.2807	86	0	1	LastDelay	0.0417573	41757.3	1	1
93.2867	32	0	1	LastDelay	0	0	1	0
93.2926	50	0	1	LastDelay	0	0	1	0
93.2964	46	0	1	LastDelay	0.01967	19670	1	1
93.3178	12	0	1	LastDelay	0.00103877	1038.77	1	1
93.3441	44	0	1	LastDelay	0.00836009	8360.09	1	1
93.3441	91	0	1	LastDelay	0.413543	413543	1	1
93.3503	42	0	1	LastDelay	0.00407521	4075.21	1	1
93.3602	78	0	1	LastDelay	0.00404651	4046.51	1	1
93.4128	59	0	1	LastDelay	0	0	1	0
93.4179	75	0	1	LastDelay	0	0	1	0
93.4405	33	0	1	LastDelay	0	0	1	0
93.4433	79	0	1	LastDelay	0.00330631	3306.31	1	1
93.4674	21	0	1	LastDelay	0	0	1	0
93.5138	28	0	1	LastDelay	0	0	1	0
93.5224	17	0	1	LastDelay	0	0	1	0
93.5542	83	0	1	LastDelay	0.00330623	3306.23	1	1
93.6033	29	0	1	LastDelay	0	0	1	0
93.616	67	0	1	LastDelay	0	0	1	0
93.6334	87	0	1	LastDelay	0	0	1	0
93.6334	27	0	1	LastDelay	0	0	1	0
93.6366	54	0	1	LastDelay	0	0	1	0
93.639	58	0	1	LastDelay	0.00199627	1996.27	1	1
93.6492	80	0	1	LastDelay	0	0	1	0
93.6516	70	0	1	LastDelay	0	0	1	0
93.6594	68	0	1	LastDelay	0	0	1	0
93.6612	38	0	1	LastDelay	0.0034839	3483.9	1	1
93.6768	74	0	1	LastDelay	0	0	1	0
93.6807	61	0	1	LastDelay	0.050119	50119	1	1
93.7209	55	0	1	LastDelay	0	0	1	0
93.7286	23	0	1	LastDelay	0	0	1	0
93.7303	66	0	1	LastDelay	0	0	1	0
93.7315	37	0	1	LastDelay	0.00563513	5635.13	1	1
93.7637	52	0	1	LastDelay	0.00317385	3173.86	1	1
93.7637	45	0	1	LastDelay	0.000572096	572.096	1	1
93.7814	36	0	1	LastDelay	0.00737016	7370.16	1	1
93.7906	0	0	1	LastDelay	0.00454103	4541.03	1	1
93.8091	57	0	1	LastDelay	0.0263403	26340.3	1	1
93.8265	63	0	1	LastDelay	0.0054824	5482.4	1	1
93.8474	64	0	1	LastDelay	0.00347309	3473.09	1	1
93.855	84	0	1	LastDelay	0.0176465	17646.5	1	1
93.8581	77	0	1	LastDelay	0.000967947	967.947	1	1
93.9004	65	0	1	LastDelay	0.0150029	15002.9	1	1
93.9175	81	0	1	LastDelay	0.00330618	3306.18	1	1
93.9213	53	0	1	LastDelay	0.00329057	3290.57	1	1
93.9306	91	0	1	LastDelay	0	0	1	0
93.9469	82	0	1	LastDelay	0.0113893	11389.2	1	1
93.98	73	0	1	LastDelay	0.00637779	6377.78	1	1
93.9865	35	0	1	LastDelay	0.00974137	9741.37	1	1
93.9995	31	0	1	LastDelay	0.0177312	17731.2	1	1
94.0203	24	0	1	LastDelay	0	0	1	0
94.0374	41	0	1	LastDelay	0	0	1	0
94.0659	62	0	1	LastDelay	0.00334744	3347.44	1	1
94.1455	60	0	1	LastDelay	0	0	1	0
94.1877	25	0	1	LastDelay	0	0	1	0
94.2017	49	0	1	LastDelay	0	0	1	0
94.2389	86	0	1	LastDelay	0	0	1	0
94.2428	40	0	1	LastDelay	0.00637781	6377.81	1	1
94.2507	71	0	1	LastDelay	0	0	1	0
94.273	69	0	1	LastDelay	0.00737748	7377.48	1	1
94.2767	46	0	1	LastDelay	0	0	1	0
94.2919	32	0	1	LastDelay	0.00522592	5225.92	1	1
94.3143	50	0	1	LastDelay	0.0216769	21676.9	1	1
94.3168	12	0	1	LastDelay	0	0	1	0
94.3277	72	0	1	LastDelay	0.0223384	22338.4	1	1
94.3358	44	0	1	LastDelay	0	0	1	0
94.3462	42	0	1	LastDelay	0	0	1	0
94.3562	78	0	1	LastDelay	0	0	1	0
94.4233	75	0	1	LastDelay	0.00540529	5405.29	1	1
94.44	79	0	1	LastDelay	0	0	1	0
94.4487	33	0	1	LastDelay	0.00812629	8126.29	1	1
94.4693	21	0	1	LastDelay	0.00185076	1850.76	1	1
94.517	28	0	1	LastDelay	0.00322332	3223.32	1	1
94.5274	17	0	1	LastDelay	0.00496482	4964.82	1	1
94.5509	83	0	1	LastDelay	0	0	1	0
94.6128	29	0	1	LastDelay	0.00944862	9448.62	1	1
94.6189	67	0	1	LastDelay	0.00292256	2922.56	1	1
94.6281	76	0	1	LastDelay	0.00231589	2315.89	1	1
94.6306	61	0	1	LastDelay	0	0	1	0
94.6343	87	0	1	LastDelay	0.000912227	912.227	1	1
94.637	58	0	1	LastDelay	0	0	1	0
94.6373	27	0	1	LastDelay	0.00397337	3973.37	1	1
94.6373	54	0	1	LastDelay	0.000710514	710.514	1	1
94.6561	70	0	1	LastDelay	0.00443859	4438.59	1	1
94.6577	38	0	1	LastDelay	0	0	1	0
94.6622	68	0	1	LastDelay	0.00280433	2804.33	1	1
94.6718	85	0	1	LastDelay	0.02439	24390	1	1
94.6776	74	0	1	LastDelay	0.000771767	771.767	1	1
94.6871	80	0	1	LastDelay	0.0379594	37959.4	1	1
94.7259	37	0	1	LastDelay	0	0	1	0
94.7292	23	0	1	LastDelay	0.000643737	643.737	1	1
94.7323	66	0	1	LastDelay	0.00199479	1994.79	1	1
94.755	55	0	1	LastDelay	0.0340746	34074.6	1	1
94.7605	52	0	1	LastDelay	0	0	1	0
94.7627	48	0	1	LastDelay	0.00270601	2706.01	1	1
94.7631	45	0	1	LastDelay	0	0	1	0
94.774	36	0	1	LastDelay	0	0	1	0
94.7827	57	0	1	LastDelay	0	0	1	0
94.7861	0	0	1	LastDelay	0	0	1	0
94.821	63	0	1	LastDelay	0	0	1	0
94.8373	84	0	1	LastDelay	0	0	1	0
94.844	64	0	1	LastDelay	0	0	1	0
94.8571	77	0	1	LastDelay	0	0	1	0
94.8854	65	0	1	LastDelay	0	0	1	0
94.9142	81	0	1	LastDelay	0	0	1	0
94.918	53	0	1	LastDelay	0	0	1	0
94.9355	82	0	1	LastDelay	0	0	1	0
94.9736	73	0	1	LastDelay	0	0	1	0
94.9767	35	0	1	LastDelay	0	0	1	0
94.9817	31	0	1	LastDelay	0	0	1	0
95.0236	24	0	1	LastDelay	0.0033061	3306.1	1	1
95.0393	41	0	1	LastDelay	0.0019518	1951.8	1	1
95.0625	62	0	1	LastDelay	0	0	1	0
95.1264	8	0	1	LastDelay	0.00741928	7419.28	1	1
95.2364	40	0	1	LastDelay	0	0	1	0
95.2422	86	0	1	LastDelay	0.00325871	3258.71	1	1
95.2518	71	0	1	LastDelay	0.00106931	1069.31	1	1
95.2656	69	0	1	LastDelay	0	0	1	0
95.2867	32	0	1	LastDelay	0	0	1	0
95.2926	50	0	1	LastDelay	0	0	1	0
95.3053	72	0	1	LastDelay	0	0	1	0
95.3201	12	0	1	LastDelay	0.0033061	3306.1	1	1
95.3403	44	0	1	LastDelay	0.00453775	4537.75	1	1
95.3529	42	0	1	LastDelay	0.00673885	6738.85	1	1
95.3656	78	0	1	LastDelay	0.00939945	9399.45	1	1
95.4102	92	0	1	LastDelay	0.00639053	6390.53	1	1
95.417	59	0	1	LastDelay	0.0042539	4253.9	1	1
95.4179	75	0	1	LastDelay	0	0	1	0
95.4405	33	0	1	LastDelay	0	0	1	0
95.4674	21	0	1	LastDelay	0	0	1	0
95.5138	28	0	1	LastDelay	0	0	1	0
95.5224	17	0	1	LastDelay	0	0	1	0
95.6033	29	0	1	LastDelay	0	0	1	0
95.616	67	0	1	LastDelay	0	0	1	0
95.6258	76	0	1	LastDelay	0	0	1	0
95.6334	87	0	1	LastDelay	0	0	1	0
95.6334	27	0	1	LastDelay	0	0	1	0
95.6339	61	0	1	LastDelay	0.00330602	3306.02	1	1
95.6366	54	0	1	LastDelay	0	0	1	0
95.6373	58	0	1	LastDelay	0.000279501	279.501	1	1
95.6474	85	0	1	LastDelay	0	0	1	0
95.6492	80	0	1	LastDelay	0	0	1	0
95.6516	70	0	1	LastDelay	0	0	1	0
95.6594	68	0	1	LastDelay	0	0	1	0
95.6677	38	0	1	LastDelay	0.00997035	9970.35	1	1
95.6768	74	0	1	LastDelay	0	0	1	0
95.6834	88	0	1	LastDelay	0.00536928	5369.28	1	1
95.7209	55	0	1	LastDelay	0	0	1	0
95.7286	23	0	1	LastDelay	0	0	1	0
95.7303	66	0	1	LastDelay	0	0	1	0
95.76	48	0	1	LastDelay	0	0	1	0
95.7764	45	0	1	LastDelay	0.0133452	13345.2	1	1
95.7764	36	0	1	LastDelay	0.00239596	2395.96	1	1
95.7905	57	0	1	LastDelay	0.0078167	7816.7	1	1
95.8407	84	0	1	LastDelay	0.00341019	3410.19	1	1
95.8407	63	0	1	LastDelay	0.0197264	19726.4	1	1
95.8503	64	0	1	LastDelay	0.00631067	6310.67	1	1
95.8588	77	0	1	LastDelay	0.00176408	1764.08	1	1
95.8903	65	0	1	LastDelay	0.00492619	4926.19	1	1
95.9204	81	0	1	LastDelay	0.00617974	6179.74	1	1
95.9204	53	0	1	LastDelay	0.00241946	2419.46	1	1
95.9402	82	0	1	LastDelay	0.00471829	4718.29	1	1
95.9433	91	0	1	LastDelay	0.0127352	12735.2	1	1
95.9796	35	0	1	LastDelay	0.00285346	2853.46	1	1
95.9796	73	0	1	LastDelay	0.0059757	5975.7	1	1
95.9875	31	0	1	LastDelay	0.00573016	5730.16	1	1
96.0203	24	0	1	LastDelay	0	0	1	0
96.0374	41	0	1	LastDelay	0	0	1	0
96.0658	62	0	1	LastDelay	0.00330602	3306.02	1	1
96.119	8	0	1	LastDelay	0	0	1	0
96.205	49	0	1	LastDelay	0.0033061	3306.1	1	1
96.2368	40	0	1	LastDelay	0.000358567	358.567	1	1
96.2389	86	0	1	LastDelay	0	0	1	0
96.2507	71	0	1	LastDelay	0	0	1	0
96.2681	69	0	1	LastDelay	0.00250543	2505.43	1	1
96.2873	32	0	1	LastDelay	0.000562478	562.478	1	1
96.3019	50	0	1	LastDelay	0.00929366	9293.66	1	1
96.3168	12	0	1	LastDelay	0	0	1	0
96.3272	72	0	1	LastDelay	0.0218975	21897.5	1	1
96.3277	95	0	1	LastDelay	0.00212905	2129.05	1	1
96.3358	44	0	1	LastDelay	0	0	1	0
96.3462	42	0	1	LastDelay	0	0	1	0
96.3562	78	0	1	LastDelay	0	0	1	0
96.4036	89	0	1	LastDelay	0.00333251	3332.51	1	1
96.4039	92	0	1	LastDelay	0	0	1	0
96.4128	59	0	1	LastDelay	0	0	1	0
96.4738	33	0	1	LastDelay	0.0332916	33291.6	1	1
96.4738	21	0	1	LastDelay	0.00643906	6439.06	1	1
96.5149	28	0	1	LastDelay	0.00111502	1115.02	1	1
96.5371	17	0	1	LastDelay	0.0147189	14718.9	1	1
96.562	83	0	1	LastDelay	0.0111195	11119.5	1	1
96.6034	29	0	1	LastDelay	3.5051e-05	35.051	1	1
96.629	76	0	1	LastDelay	0.0031843	3184.3	1	1
96.6306	61	0	1	LastDelay	0	0	1	0
96.6351	27	0	1	LastDelay	0.00177055	1770.55	1	1
96.6351	87	0	1	LastDelay	0.00178079	1780.79	1	1
96.637	58	0	1	LastDelay	0	0	1	0
96.6413	54	0	1	LastDelay	0.00465034	4650.34	1	1
96.657	70	0	1	LastDelay	0.00533259	5332.59	1	1
96.6577	38	0	1	LastDelay	0	0	1	0
96.6604	68	0	1	LastDelay	0.000970418	970.418	1	1
96.6604	85	0	1	LastDelay	0.0129577	12957.7	1	1
96.6635	80	0	1	LastDelay	0.0142969	14296.9	1	1
96.678	88	0	1	LastDelay	0	0	1	0
96.6795	74	0	1	LastDelay	0.00269667	2696.67	1	1
96.7329	23	0	1	LastDelay	0.00425805	4258.05	1	1
96.737	66	0	1	LastDelay	0.00669998	6699.98	1	1
96.7631	45	0	1	LastDelay	0	0	1	0
96.7657	48	0	1	LastDelay	0.00573853	5738.53	1	1
96.7657	52	0	1	LastDelay	0.00522349	5223.49	1	1
96.774	36	0	1	LastDelay	0	0	1	0
96.7827	57	0	1	LastDelay	0	0	1	0
96.821	63	0	1	LastDelay	0	0	1	0
96.8373	84	0	1	LastDelay	0	0	1	0
96.844	64	0	1	LastDelay	0	0	1	0
96.8571	77	0	1	LastDelay	0	0	1	0
96.8854	65	0	1	LastDelay	0	0	1	0
96.9142	81	0	1	LastDelay	0	0	1	0
96.918	53	0	1	LastDelay	0	0	1	0
96.9306	91	0	1	LastDelay	0	0	1	0
96.9355	82	0	1	LastDelay	0	0	1	0
96.9736	73	0	1	LastDelay	0	0	1	0
96.9767	35	0	1	LastDelay	0	0	1	0
96.9817	31	0	1	LastDelay	0	0	1	0
97.0397	41	0	1	LastDelay	0.00230793	2307.93	1	1
97.0625	62	0	1	LastDelay	0	0	1	0
97.155	60	0	1	LastDelay	0.00946165	9461.65	1	1
97.2017	49	0	1	LastDelay	0	0	1	0
97.214	99	0	1	LastDelay	0.00330658	3306.58	1	1
97.2364	40	0	1	LastDelay	0	0	1	0
97.2656	69	0	1	LastDelay	0	0	1	0
97.2778	71	0	1	LastDelay	0.0270848	27084.8	1	1
97.2867	32	0	1	LastDelay	0	0	1	0
97.2926	50	0	1	LastDelay	0	0	1	0
97.3053	72	0	1	LastDelay	0	0	1	0
97.3256	95	0	1	LastDelay	0	0	1	0
97.3716	78	0	1	LastDelay	0.0154303	15430.3	1	1
97.4003	89	0	1	LastDelay	0	0	1	0
97.4136	92	0	1	LastDelay	0.00976736	9767.35	1	1
97.4167	59	0	1	LastDelay	0.00392369	3923.69	1	1
97.4228	75	0	1	LastDelay	0.00491502	4915.02	1	1
97.4405	33	0	1	LastDelay	0	0	1	0
97.4491	79	0	1	LastDelay	0.00916272	9162.72	1	1
97.4674	21	0	1	LastDelay	0	0	1	0
97.5138	28	0	1	LastDelay	0	0	1	0
97.5224	17	0	1	LastDelay	0	0	1	0
97.5509	83	0	1	LastDelay	0	0	1	0
97.6033	29	0	1	LastDelay	0	0	1	0
97.6193	67	0	1	LastDelay	0.00330662	3306.62	1	1
97.6258	76	0	1	LastDelay	0	0	1	0
97.6334	87	0	1	LastDelay	0	0	1	0
97.6334	27	0	1	LastDelay	0	0	1	0
97.6339	61	0	1	LastDelay	0.0033061	3306.1	1	1
97.6366	54	0	1	LastDelay	0	0	1	0
97.6474	85	0	1	LastDelay	0	0	1	0
97.6475	58	0	1	LastDelay	0.0105237	10523.7	1	1
97.6492	80	0	1	LastDelay	0	0	1	0
97.6516	70	0	1	LastDelay	0	0	1	0
97.6594	68	0	1	LastDelay	0	0	1	0
97.6695	38	0	1	LastDelay	0.0117451	11745.1	1	1
97.6768	74	0	1	LastDelay	0	0	1	0
97.6804	88	0	1	LastDelay	0.00237323	2373.23	1	1
97.7286	23	0	1	LastDelay	0	0	1	0
97.7303	66	0	1	LastDelay	0	0	1	0
97.76	48	0	1	LastDelay	0	0	1	0
97.7605	52	0	1	LastDelay	0	0	1	0
97.7743	36	0	1	LastDelay	0.000229143	229.143	1	1
97.8167	108	0	1	LastDelay	0.00330669	3306.69	1	1
97.8403	84	0	1	LastDelay	0.00295181	2951.82	1	1
97.8612	64	0	1	LastDelay	0.0171787	17178.7	1	1
97.8612	77	0	1	LastDelay	0.00407224	4072.24	1	1
97.8912	65	0	1	LastDelay	0.0057716	5771.6	1	1
97.9271	53	0	1	LastDelay	0.00912259	9122.59	1	1
97.9332	91	0	1	LastDelay	0.00267022	2670.22	1	1
97.9368	82	0	1	LastDelay	0.00127227	1272.27	1	1
97.9473	112	0	1	LastDelay	0.00331977	3319.77	1	1
97.9581	7	0	1	LastDelay	0.00707144	7071.44	1	1
97.982	73	0	1	LastDelay	0.0084127	8412.7	1	1
97.9916	31	0	1	LastDelay	0.00985276	9852.76	1	1
97.9916	35	0	1	LastDelay	0.0148471	14847.1	1	1
98.0289	24	0	1	LastDelay	0.00860144	8601.44	1	1
98.0374	41	0	1	LastDelay	0	0	1	0
98.0693	62	0	1	LastDelay	0.00674669	6746.69	1	1
98.1455	60	0	1	LastDelay	0	0	1	0
98.205	49	0	1	LastDelay	0.00330619	3306.19	1	1
98.2107	99	0	1	LastDelay	0	0	1	0
98.2371	40	0	1	LastDelay	0.000650826	650.826	1	1
98.2405	86	0	1	LastDelay	0.00155452	1554.52	1	1
98.2507	71	0	1	LastDelay	0	0	1	0
98.2695	69	0	1	LastDelay	0.0038889	3888.9	1	1
98.2952	32	0	1	LastDelay	0.00848229	8482.29	1	1
98.2952	50	0	1	LastDelay	0.00257559	2575.59	1	1
98.3147	72	0	1	LastDelay	0.00936829	9368.29	1	1
98.3423	44	0	1	LastDelay	0.00656296	6562.96	1	1
98.3529	42	0	1	LastDelay	0.00674846	6748.46	1	1
98.3562	78	0	1	LastDelay	0	0	1	0
98.4039	92	0	1	LastDelay	0	0	1	0
98.4128	59	0	1	LastDelay	0	0	1	0
98.4179	75	0	1	LastDelay	0	0	1	0
98.44	79	0	1	LastDelay	0	0	1	0
98.5171	28	0	1	LastDelay	0.00330602	3306.02	1	1
98.556	83	0	1	LastDelay	0.0051261	5126.1	1	1
98.5591	17	0	1	LastDelay	0.0367097	36709.7	1	1
98.6036	29	0	1	LastDelay	0.000291193	291.193	1	1
98.616	67	0	1	LastDelay	0	0	1	0
98.6288	76	0	1	LastDelay	0.00296929	2969.29	1	1
98.6306	61	0	1	LastDelay	0	0	1	0
98.637	58	0	1	LastDelay	0	0	1	0
98.6392	87	0	1	LastDelay	0.00583562	5835.62	1	1
98.6453	27	0	1	LastDelay	0.011968	11968	1	1
98.6453	54	0	1	LastDelay	0.00870505	8705.05	1	1
98.6494	80	0	1	LastDelay	0.000230695	230.695	1	1
98.6525	70	0	1	LastDelay	0.000810381	810.381	1	1
98.6525	85	0	1	LastDelay	0.00502115	5021.15	1	1
98.6577	38	0	1	LastDelay	0	0	1	0
98.6654	68	0	1	LastDelay	0.0060058	6005.8	1	1
98.6777	74	0	1	LastDelay	0.000889393	889.393	1	1
98.678	88	0	1	LastDelay	0	0	1	0
98.7371	23	0	1	LastDelay	0.00854623	8546.23	1	1
98.7402	66	0	1	LastDelay	0.00988426	9884.26	1	1
98.7624	52	0	1	LastDelay	0.00196034	1960.34	1	1
98.7624	48	0	1	LastDelay	0.00247539	2475.39	1	1
98.7655	45	0	1	LastDelay	0.00242982	2429.82	1	1
98.774	36	0	1	LastDelay	0	0	1	0
98.7879	57	0	1	LastDelay	0.0051638	5163.81	1	1
98.8134	108	0	1	LastDelay	0	0	1	0
98.8373	84	0	1	LastDelay	0	0	1	0
98.844	64	0	1	LastDelay	0	0	1	0
98.8571	77	0	1	LastDelay	0	0	1	0
98.8854	65	0	1	LastDelay	0	0	1	0
98.9175	81	0	1	LastDelay	0.00330627	3306.27	1	1
98.918	53	0	1	LastDelay	0	0	1	0
98.9306	91	0	1	LastDelay	0	0	1	0
98.9355	82	0	1	LastDelay	0	0	1	0
98.944	112	0	1	LastDelay	0	0	1	0
98.951	7	0	1	LastDelay	0	0	1	0
98.9554	90	0	1	LastDelay	0.0112392	11239.2	1	1
98.9736	73	0	1	LastDelay	0	0	1	0
98.9767	35	0	1	LastDelay	0	0	1	0
98.9817	31	0	1	LastDelay	0	0	1	0
99.0203	24	0	1	LastDelay	0	0	1	0
99.0407	41	0	1	LastDelay	0.00331955	3319.55	1	1
99.0625	62	0	1	LastDelay	0	0	1	0
99.1519	60	0	1	LastDelay	0.0063772	6377.2	1	1
99.1646	96	0	1	LastDelay	0.00379044	3790.44	1	1
99.2017	49	0	1	LastDelay	0	0	1	0
99.2364	40	0	1	LastDelay	0	0	1	0
99.2389	86	0	1	LastDelay	0	0	1	0
99.2656	69	0	1	LastDelay	0	0	1	0
99.2867	32	0	1	LastDelay	0	0	1	0
99.2926	50	0	1	LastDelay	0	0	1	0
99.3053	72	0	1	LastDelay	0	0	1	0
99.3205	12	0	1	LastDelay	0.00371473	3714.74	1	1
99.3358	44	0	1	LastDelay	0	0	1	0
99.3462	42	0	1	LastDelay	0	0	1	0
99.3595	78	0	1	LastDelay	0.0033061	3306.1	1	1
99.4043	92	0	1	LastDelay	0.0004494	449.4	1	1
99.4199	59	0	1	LastDelay	0.00708284	7082.84	1	1
99.4298	75	0	1	LastDelay	0.0118451	11845.1	1	1
99.4421	33	0	1	LastDelay	0.00150253	1502.53	1	1
99.4735	21	0	1	LastDelay	0.00608292	6082.92	1	1
99.4735	79	0	1	LastDelay	0.0334995	33499.5	1	1
99.5138	28	0	1	LastDelay	0	0	1	0
99.5224	17	0	1	LastDelay	0	0	1	0
99.5509	83	0	1	LastDelay	0	0	1	0
99.6033	29	0	1	LastDelay	0	0	1	0
99.6258	76	0	1	LastDelay	0	0	1	0
99.6334	87	0	1	LastDelay	0	0	1	0
99.6334	27	0	1	LastDelay	0	0	1	0
99.6339	61	0	1	LastDelay	0.00330626	3306.26	1	1
99.6366	54	0	1	LastDelay	0	0	1	0
99.64	58	0	1	LastDelay	0.00299455	2994.55	1	1
99.6474	85	0	1	LastDelay	0	0	1	0
99.6492	80	0	1	LastDelay	0	0	1	0
99.6516	70	0	1	LastDelay	0	0	1	0
99.6594	68	0	1	LastDelay	0	0	1	0
99.6656	38	0	1	LastDelay	0.00789693	7896.93	1	1
99.6768	74	0	1	LastDelay	0	0	1	0
99.6813	88	0	1	LastDelay	0.00329471	3294.71	1	1
99.7286	23	0	1	LastDelay	0	0	1	0
99.7303	66	0	1	LastDelay	0	0	1	0
99.76	48	0	1	LastDelay	0	0	1	0
99.7605	52	0	1	LastDelay	0	0	1	0
99.7631	45	0	1	LastDelay	0	0	1	0
99.7827	57	0	1	LastDelay	0	0	1	0
99.9142	81	0	1	LastDelay	0	0	1	0
99.9196	53	0	1	LastDelay	0.00159342	1593.42	1	1
99.9309	91	0	1	LastDelay	0.000312716	312.716	1	1
99.9313	93	0	1	LastDelay	0.00458025	4580.25	1	1
99.9377	82	0	1	LastDelay	0.00219568	2195.68	1	1
99.9442	90	0	1	LastDelay	0	0	1	0
99.9868	35	0	1	LastDelay	0.0100969	10096.9	1	1
