Time	Node	AppId	SeqNo	Type	DelayS	DelayUS	RetxCount	HopCount
15.249	3	0	1	LastDelay	0	0	1	1
16.2527	3	0	1	LastDelay	0.00362105	3621.05	1	1
16.2527	2	0	1	LastDelay	0.0391094	39109.4	1	1
17.2136	2	0	1	LastDelay	0	0	1	0
17.249	3	0	1	LastDelay	0	0	1	0
17.2895	1	0	1	LastDelay	0.00351324	3513.24	1	1
18.2169	2	0	1	LastDelay	0.00335723	3357.23	1	1
18.2556	3	0	1	LastDelay	0.00650426	6504.26	1	1
18.2859	1	0	1	LastDelay	0	0	1	0
19.2136	2	0	1	LastDelay	0	0	1	0
19.2396	0	0	1	LastDelay	0	0	1	1
19.249	3	0	1	LastDelay	0	0	1	0
19.3283	10	0	1	LastDelay	0	0	1	3
19.4143	22	0	1	LastDelay	0	0	1	3
19.4237	35	0	1	LastDelay	0	0	1	3
19.4318	29	0	1	LastDelay	0	0	1	3
19.4979	41	0	1	LastDelay	0	0	1	3
19.5432	34	0	1	LastDelay	0	0	1	3
19.5929	24	0	1	LastDelay	0	0	1	3
19.6283	30	0	1	LastDelay	0	0	1	3
19.8827	5	0	1	LastDelay	0	0	1	2
19.9196	18	0	1	LastDelay	0	0	1	3
19.9897	36	0	1	LastDelay	0	0	1	3
20.0423	40	0	1	LastDelay	0	0	1	3
20.0676	16	0	1	LastDelay	0	0	1	3
20.0682	11	0	1	LastDelay	0	0	1	3
20.1422	46	0	1	LastDelay	0	0	1	3
20.1612	4	0	1	LastDelay	0	0	1	2
20.1954	6	0	1	LastDelay	0	0	1	3
20.2431	0	0	1	LastDelay	0.00340903	3409.03	1	1
20.2485	12	0	1	LastDelay	0	0	1	3
20.2524	3	0	1	LastDelay	0.0033561	3356.1	1	1
20.2815	42	0	1	LastDelay	0	0	1	3
20.2893	1	0	1	LastDelay	0.0033306	3330.6	1	1
20.2952	23	0	1	LastDelay	0	0	1	3
21.1677	4	0	1	LastDelay	0.00650442	6504.42	1	1
21.2169	2	0	1	LastDelay	0.00333007	3330.07	1	1
21.2396	0	0	1	LastDelay	0	0	1	0
21.249	3	0	1	LastDelay	0	0	1	0
21.2859	1	0	1	LastDelay	0	0	1	0
22.1612	4	0	1	LastDelay	0	0	1	0
22.2136	2	0	1	LastDelay	0	0	1	0
23.2893	1	0	1	LastDelay	0.00336923	3369.23	1	1
24.1646	4	0	1	LastDelay	0.00333076	3330.76	1	1
24.2169	2	0	1	LastDelay	0.0033308	3330.8	1	1
24.2859	1	0	1	LastDelay	0	0	1	0
25.1612	4	0	1	LastDelay	0	0	1	0
25.2136	2	0	1	LastDelay	0	0	1	0
27.2926	21	0	1	LastDelay	0	0	1	2
27.2928	1	0	1	LastDelay	0.00689274	6892.74	1	1
27.3302	15	0	1	LastDelay	0	0	1	3
27.3675	9	0	1	LastDelay	0	0	1	1
27.5023	33	0	1	LastDelay	0	0	1	2
27.5338	45	0	1	LastDelay	0	0	1	2
27.8474	8	0	1	LastDelay	0	0	1	1
27.8892	5	0	1	LastDelay	0.00649634	6496.34	1	1
27.8926	39	0	1	LastDelay	0	0	1	3
28.0205	27	0	1	LastDelay	0	0	1	3
28.1646	4	0	1	LastDelay	0.00336932	3369.32	1	1
28.2859	1	0	1	LastDelay	0	0	1	0
28.3739	9	0	1	LastDelay	0.00645215	6452.15	1	1
28.8508	8	0	1	LastDelay	0.00340872	3408.72	1	1
28.8827	5	0	1	LastDelay	0	0	1	0
29.1612	4	0	1	LastDelay	0	0	1	0
29.243	0	0	1	LastDelay	0.0033561	3356.1	1	1
29.3675	9	0	1	LastDelay	0	0	1	0
29.8474	8	0	1	LastDelay	0	0	1	0
29.8868	7	0	1	LastDelay	0.636763	636763	1	1
30.2396	0	0	1	LastDelay	0	0	1	0
30.25	7	0	1	LastDelay	0	0	1	0
31.2534	7	0	1	LastDelay	0.00337003	3370.03	1	1
31.3708	9	0	1	LastDelay	0.00333109	3331.09	1	1
32.1646	4	0	1	LastDelay	0.00333093	3330.93	1	1
32.243	0	0	1	LastDelay	0.0033431	3343.1	1	1
32.25	7	0	1	LastDelay	0	0	1	0
32.3675	9	0	1	LastDelay	0	0	1	0
33.1612	4	0	1	LastDelay	0	0	1	0
33.2396	0	0	1	LastDelay	0	0	1	0
33.3713	9	0	1	LastDelay	0.0037903	3790.3	1	1
34.1987	6	0	1	LastDelay	0.00333057	3330.57	1	1
34.243	0	0	1	LastDelay	0.0033301	3330.1	1	1
34.2893	1	0	1	LastDelay	0.00338266	3382.66	1	1
34.3675	9	0	1	LastDelay	0	0	1	0
34.8577	8	0	1	LastDelay	0.0102866	10286.6	1	1
34.886	5	0	1	LastDelay	0.00334305	3343.05	1	1
35.1742	11	0	1	LastDelay	0.106049	106049	1	1
35.1954	6	0	1	LastDelay	0	0	1	0
35.2396	0	0	1	LastDelay	0	0	1	0
35.2552	7	0	1	LastDelay	0.00518781	5187.81	1	1
35.2859	1	0	1	LastDelay	0	0	1	0
35.8474	8	0	1	LastDelay	0	0	1	0
35.8827	5	0	1	LastDelay	0	0	1	0
36.0682	11	0	1	LastDelay	0	0	1	0
36.25	7	0	1	LastDelay	0	0	1	0
39.1987	6	0	1	LastDelay	0.0033302	3330.2	1	1
39.3316	10	0	1	LastDelay	0.00335609	3356.09	1	1
40.1954	6	0	1	LastDelay	0	0	1	0
40.199	32	0	1	LastDelay	0	0	1	2
40.2443	44	0	1	LastDelay	0	0	1	3
40.2895	1	0	1	LastDelay	0.00354653	3546.53	1	1
40.3283	10	0	1	LastDelay	0	0	1	0
40.3681	20	0	1	LastDelay	0	0	1	2
40.9429	14	0	1	LastDelay	0	0	1	1
40.9782	38	0	1	LastDelay	0	0	1	3
41.1646	4	0	1	LastDelay	0.00333019	3330.19	1	1
41.173	26	0	1	LastDelay	0	0	1	3
41.1987	6	0	1	LastDelay	0.00334311	3343.11	1	1
41.2503	7	0	1	LastDelay	0.000258882	258.882	1	1
41.2859	1	0	1	LastDelay	0	0	1	0
41.3316	10	0	1	LastDelay	0.00334317	3343.17	1	1
41.3316	15	0	1	LastDelay	0.00146015	1460.15	1	1
41.9494	14	0	1	LastDelay	0.00645193	6451.94	1	1
42.0719	11	0	1	LastDelay	0.00375766	3757.66	1	1
42.1612	4	0	1	LastDelay	0	0	1	0
42.1954	6	0	1	LastDelay	0	0	1	0
42.243	0	0	1	LastDelay	0.00333082	3330.82	1	1
42.25	7	0	1	LastDelay	0	0	1	0
42.253	12	0	1	LastDelay	0.00458679	4586.79	1	1
42.2893	1	0	1	LastDelay	0.00335675	3356.75	1	1
42.3283	10	0	1	LastDelay	0	0	1	0
42.3302	15	0	1	LastDelay	0	0	1	0
42.886	5	0	1	LastDelay	0.00334415	3344.15	1	1
42.8902	13	0	1	LastDelay	0.696347	696347	1	1
42.9429	14	0	1	LastDelay	0	0	1	0
43.0682	11	0	1	LastDelay	0	0	1	0
43.1712	17	0	1	LastDelay	0.098347	98347	1	1
43.1939	13	0	1	LastDelay	0	0	1	0
43.2396	0	0	1	LastDelay	0	0	1	0
43.2485	12	0	1	LastDelay	0	0	1	0
43.2859	1	0	1	LastDelay	0	0	1	0
43.3369	15	0	1	LastDelay	0.00669264	6692.64	1	1
43.8827	5	0	1	LastDelay	0	0	1	0
44.0721	16	0	1	LastDelay	0.00446723	4467.23	1	1
44.0728	17	0	1	LastDelay	0	0	1	0
44.2007	6	0	1	LastDelay	0.00530934	5309.34	1	1
44.2509	7	0	1	LastDelay	0.00091915	919.15	1	1
44.2509	12	0	1	LastDelay	0.00249046	2490.46	1	1
44.2893	1	0	1	LastDelay	0.0033434	3343.4	1	1
44.3302	15	0	1	LastDelay	0	0	1	0
44.9494	14	0	1	LastDelay	0.00645151	6451.51	1	1
45.0676	16	0	1	LastDelay	0	0	1	0
45.0715	11	0	1	LastDelay	0.0033301	3330.1	1	1
45.0746	17	0	1	LastDelay	0.00176786	1767.86	1	1
45.1646	4	0	1	LastDelay	0.00334311	3343.11	1	1
45.1954	6	0	1	LastDelay	0	0	1	0
45.1972	13	0	1	LastDelay	0.0033309	3330.9	1	1
45.243	0	0	1	LastDelay	0.00333011	3330.11	1	1
45.2485	12	0	1	LastDelay	0	0	1	0
45.25	7	0	1	LastDelay	0	0	1	0
45.2859	1	0	1	LastDelay	0	0	1	0
45.3347	10	0	1	LastDelay	0.00646479	6464.79	1	1
45.3347	15	0	1	LastDelay	0.00458153	4581.53	1	1
45.886	5	0	1	LastDelay	0.00334306	3343.06	1	1
45.9429	14	0	1	LastDelay	0	0	1	0
46.0682	11	0	1	LastDelay	0	0	1	0
46.0709	16	0	1	LastDelay	0.00334423	3344.23	1	1
46.0728	17	0	1	LastDelay	0	0	1	0
46.1612	4	0	1	LastDelay	0	0	1	0
46.1939	13	0	1	LastDelay	0	0	1	0
46.2396	0	0	1	LastDelay	0	0	1	0
46.2522	7	0	1	LastDelay	0.00212862	2128.62	1	1
46.3283	10	0	1	LastDelay	0	0	1	0
46.3302	15	0	1	LastDelay	0	0	1	0
46.8827	5	0	1	LastDelay	0	0	1	0
47.0676	16	0	1	LastDelay	0	0	1	0
47.2021	6	0	1	LastDelay	0.00670746	6707.46	1	1
47.243	0	0	1	LastDelay	0.0033431	3343.1	1	1
47.25	7	0	1	LastDelay	0	0	1	0
47.2506	12	0	1	LastDelay	0.00218434	2184.34	1	1
47.2893	1	0	1	LastDelay	0.00335619	3356.19	1	1
47.3354	15	0	1	LastDelay	0.00526725	5267.25	1	1
47.886	5	0	1	LastDelay	0.00333015	3330.15	1	1
47.9463	14	0	1	LastDelay	0.00333024	3330.24	1	1
48.0748	11	0	1	LastDelay	0.00658428	6584.28	1	1
48.084	17	0	1	LastDelay	0.0112121	11212.1	1	1
48.1646	4	0	1	LastDelay	0.00333004	3330.04	1	1
48.1954	6	0	1	LastDelay	0	0	1	0
48.1972	13	0	1	LastDelay	0.00333007	3330.07	1	1
48.2396	0	0	1	LastDelay	0	0	1	0
48.2485	12	0	1	LastDelay	0	0	1	0
48.2535	7	0	1	LastDelay	0.00351651	3516.51	1	1
48.2859	1	0	1	LastDelay	0	0	1	0
48.3302	15	0	1	LastDelay	0	0	1	0
48.3316	10	0	1	LastDelay	0.00334302	3343.02	1	1
48.8827	5	0	1	LastDelay	0	0	1	0
48.9233	18	0	1	LastDelay	0.00370091	3700.91	1	1
48.9429	14	0	1	LastDelay	0	0	1	0
49.0682	11	0	1	LastDelay	0	0	1	0
49.0728	17	0	1	LastDelay	0	0	1	0
49.1612	4	0	1	LastDelay	0	0	1	0
49.1939	13	0	1	LastDelay	0	0	1	0
49.25	7	0	1	LastDelay	0	0	1	0
49.2511	12	0	1	LastDelay	0.00259683	2596.83	1	1
49.3283	10	0	1	LastDelay	0	0	1	0
49.4355	29	0	1	LastDelay	0.003765	3765	1	1
49.5963	24	0	1	LastDelay	0.003343	3343	1	1
49.9196	18	0	1	LastDelay	0	0	1	0
50.0716	11	0	1	LastDelay	0.00345014	3450.14	1	1
50.0832	17	0	1	LastDelay	0.0103285	10328.5	1	1
50.1979	6	0	1	LastDelay	0.00250466	2504.66	1	1
50.243	0	0	1	LastDelay	0.00333015	3330.15	1	1
50.2485	12	0	1	LastDelay	0	0	1	0
50.2502	7	0	1	LastDelay	0.000180535	180.535	1	1
50.3316	10	0	1	LastDelay	0.00333002	3330.02	1	1
50.3316	15	0	1	LastDelay	0.00144665	1446.65	1	1
50.4318	29	0	1	LastDelay	0	0	1	0
50.5012	41	0	1	LastDelay	0.003356	3356	1	1
50.5465	34	0	1	LastDelay	0.00333	3330	1	1
50.5929	24	0	1	LastDelay	0	0	1	0
50.8884	28	0	1	LastDelay	0.003793	3793	1	1
50.9309	18	0	1	LastDelay	0.0112503	11250.3	1	1
50.9463	14	0	1	LastDelay	0.00333008	3330.08	1	1
51.0682	11	0	1	LastDelay	0	0	1	0
51.0709	16	0	1	LastDelay	0.00333053	3330.53	1	1
51.0728	17	0	1	LastDelay	0	0	1	0
51.1677	4	0	1	LastDelay	0.00645122	6451.23	1	1
51.1954	6	0	1	LastDelay	0	0	1	0
51.1972	13	0	1	LastDelay	0.00333006	3330.06	1	1
51.2396	0	0	1	LastDelay	0	0	1	0
51.25	7	0	1	LastDelay	0	0	1	0
51.2518	12	0	1	LastDelay	0.0033438	3343.8	1	1
51.2884	1	0	1	LastDelay	0.00242893	2428.93	1	1
51.3283	10	0	1	LastDelay	0	0	1	0
51.3302	15	0	1	LastDelay	0	0	1	0
51.4331	29	0	1	LastDelay	0.0013911	1391.1	1	1
51.4979	41	0	1	LastDelay	0	0	1	0
51.5432	34	0	1	LastDelay	0	0	1	0
51.8846	28	0	1	LastDelay	0	0	1	0
51.9196	18	0	1	LastDelay	0	0	1	0
51.9429	14	0	1	LastDelay	0	0	1	0
52.0456	40	0	1	LastDelay	0.00333	3330	1	1
52.0676	16	0	1	LastDelay	0	0	1	0
52.0719	21	0	1	LastDelay	0.779284	779284	1	1
52.0781	17	0	1	LastDelay	0.00527134	5271.34	1	1
52.1612	4	0	1	LastDelay	0	0	1	0
52.1939	13	0	1	LastDelay	0	0	1	0
52.2485	12	0	1	LastDelay	0	0	1	0
52.2508	7	0	1	LastDelay	0.000748685	748.685	1	1
52.2859	1	0	1	LastDelay	0	0	1	0
52.2926	21	0	1	LastDelay	0	0	1	0
52.339	15	0	1	LastDelay	0.00887748	8877.49	1	1
52.4318	29	0	1	LastDelay	0	0	1	0
52.9463	14	0	1	LastDelay	0.00334421	3344.21	1	1
53.0423	40	0	1	LastDelay	0	0	1	0
53.0728	17	0	1	LastDelay	0	0	1	0
53.0744	11	0	1	LastDelay	0.00621666	6216.66	1	1
53.0744	16	0	1	LastDelay	0.00680945	6809.45	1	1
53.25	7	0	1	LastDelay	0	0	1	0
53.2506	12	0	1	LastDelay	0.00212048	2120.48	1	1
53.2974	21	0	1	LastDelay	0.00476565	4765.65	1	1
53.3302	15	0	1	LastDelay	0	0	1	0
53.3316	10	0	1	LastDelay	0.0033432	3343.2	1	1
53.3777	20	0	1	LastDelay	0.00954727	9547.27	1	1
53.886	5	0	1	LastDelay	0.0033301	3330.1	1	1
53.9429	14	0	1	LastDelay	0	0	1	0
54.0676	16	0	1	LastDelay	0	0	1	0
54.0682	11	0	1	LastDelay	0	0	1	0
54.0762	17	0	1	LastDelay	0.00333021	3330.21	1	1
54.1987	6	0	1	LastDelay	0.00333083	3330.83	1	1
54.2485	12	0	1	LastDelay	0	0	1	0
54.2568	7	0	1	LastDelay	0.00676775	6767.74	1	1
54.2926	21	0	1	LastDelay	0	0	1	0
54.3283	10	0	1	LastDelay	0	0	1	0
54.3335	15	0	1	LastDelay	0.00333015	3330.15	1	1
54.3681	20	0	1	LastDelay	0	0	1	0
54.8827	5	0	1	LastDelay	0	0	1	0
55.0728	17	0	1	LastDelay	0	0	1	0
55.0747	11	0	1	LastDelay	0.00654451	6544.51	1	1
55.1954	6	0	1	LastDelay	0	0	1	0
55.1972	13	0	1	LastDelay	0.00333055	3330.55	1	1
55.243	0	0	1	LastDelay	0.00336915	3369.15	1	1
55.2499	12	0	1	LastDelay	0.00143301	1433.01	1	1
55.25	7	0	1	LastDelay	0	0	1	0
55.2866	1	0	1	LastDelay	0.000624588	624.588	1	1
55.2929	21	0	1	LastDelay	0.000273119	273.119	1	1
55.3302	15	0	1	LastDelay	0	0	1	0
55.3317	10	0	1	LastDelay	0.00338202	3382.02	1	1
56.0386	19	0	1	LastDelay	0	0	1	1
56.0682	11	0	1	LastDelay	0	0	1	0
56.0754	17	0	1	LastDelay	0.00261279	2612.79	1	1
56.1939	13	0	1	LastDelay	0	0	1	0
56.1987	6	0	1	LastDelay	0.00334317	3343.17	1	1
56.2396	0	0	1	LastDelay	0	0	1	0
56.2485	12	0	1	LastDelay	0	0	1	0
56.2859	1	0	1	LastDelay	0	0	1	0
56.2926	21	0	1	LastDelay	0	0	1	0
56.3283	10	0	1	LastDelay	0	0	1	0
56.886	5	0	1	LastDelay	0.0033432	3343.2	1	1
57.042	19	0	1	LastDelay	0.00333128	3331.28	1	1
57.0713	11	0	1	LastDelay	0.00309337	3093.37	1	1
57.0728	17	0	1	LastDelay	0	0	1	0
57.1954	6	0	1	LastDelay	0	0	1	0
57.25	12	0	1	LastDelay	0.0015511	1551.1	1	1
57.3355	15	0	1	LastDelay	0.00537197	5371.97	1	1
57.8827	5	0	1	LastDelay	0	0	1	0
58.0386	19	0	1	LastDelay	0	0	1	0
58.0682	11	0	1	LastDelay	0	0	1	0
58.0744	17	0	1	LastDelay	0.00153034	1530.34	1	1
58.2485	12	0	1	LastDelay	0	0	1	0
58.3302	15	0	1	LastDelay	0	0	1	0
58.3316	10	0	1	LastDelay	0.00336925	3369.25	1	1
58.886	5	0	1	LastDelay	0.00333006	3330.06	1	1
58.9239	18	0	1	LastDelay	0.00422505	4225.05	1	1
59.0709	16	0	1	LastDelay	0.00333015	3330.15	1	1
59.0709	11	0	1	LastDelay	0.00273742	2737.42	1	1
59.0728	17	0	1	LastDelay	0	0	1	0
59.243	0	0	1	LastDelay	0.00334302	3343.02	1	1
59.2499	12	0	1	LastDelay	0.00143321	1433.21	1	1
59.296	21	0	1	LastDelay	0.0033692	3369.2	1	1
59.3283	10	0	1	LastDelay	0	0	1	0
59.3717	20	0	1	LastDelay	0.00357308	3573.08	1	1
59.4177	22	0	1	LastDelay	0.00335697	3356.97	1	1
59.8827	5	0	1	LastDelay	0	0	1	0
59.9196	18	0	1	LastDelay	0	0	1	0
59.9463	14	0	1	LastDelay	0.00334337	3343.37	1	1
60.0676	16	0	1	LastDelay	0	0	1	0
60.0682	11	0	1	LastDelay	0	0	1	0
60.1646	4	0	1	LastDelay	0.00334304	3343.04	1	1
60.1987	6	0	1	LastDelay	0.0033301	3330.1	1	1
60.2396	0	0	1	LastDelay	0	0	1	0
60.2485	12	0	1	LastDelay	0	0	1	0
60.2926	21	0	1	LastDelay	0	0	1	0
60.2985	23	0	1	LastDelay	0.0033307	3330.7	1	1
60.3316	10	0	1	LastDelay	0.0033301	3330.1	1	1
60.3316	15	0	1	LastDelay	0.00144673	1446.73	1	1
60.3681	20	0	1	LastDelay	0	0	1	0
60.4143	22	0	1	LastDelay	0	0	1	0
60.9429	14	0	1	LastDelay	0	0	1	0
61.0719	11	0	1	LastDelay	0.0037671	3767.1	1	1
61.0757	17	0	1	LastDelay	0.00289211	2892.11	1	1
61.1612	4	0	1	LastDelay	0	0	1	0
61.1954	6	0	1	LastDelay	0	0	1	0
61.2506	12	0	1	LastDelay	0.00214634	2146.34	1	1
61.2952	23	0	1	LastDelay	0	0	1	0
61.3283	10	0	1	LastDelay	0	0	1	0
61.3302	15	0	1	LastDelay	0	0	1	0
61.418	22	0	1	LastDelay	0.00369959	3699.59	1	1
62.0682	11	0	1	LastDelay	0	0	1	0
62.0728	17	0	1	LastDelay	0	0	1	0
62.1987	6	0	1	LastDelay	0.0033301	3330.1	1	1
62.2485	12	0	1	LastDelay	0	0	1	0
62.2963	23	0	1	LastDelay	0.00114426	1144.26	1	1
62.333	15	0	1	LastDelay	0.00288446	2884.46	1	1
62.3719	20	0	1	LastDelay	0.00379978	3799.78	1	1
62.4143	22	0	1	LastDelay	0	0	1	0
63.0747	11	0	1	LastDelay	0.00653166	6531.66	1	1
63.0747	17	0	1	LastDelay	0.00187352	1873.52	1	1
63.1954	6	0	1	LastDelay	0	0	1	0
63.2502	12	0	1	LastDelay	0.00177595	1775.95	1	1
63.2952	23	0	1	LastDelay	0	0	1	0
63.3302	15	0	1	LastDelay	0	0	1	0
63.3681	20	0	1	LastDelay	0	0	1	0
63.4177	22	0	1	LastDelay	0.0033305	3330.5	1	1
64.0424	19	0	1	LastDelay	0.0037262	3726.2	1	1
64.0682	11	0	1	LastDelay	0	0	1	0
64.0728	17	0	1	LastDelay	0	0	1	0
64.2485	12	0	1	LastDelay	0	0	1	0
64.2959	21	0	1	LastDelay	0.00333014	3330.14	1	1
64.2959	23	0	1	LastDelay	0.000761936	761.936	1	1
64.3316	10	0	1	LastDelay	0.00335669	3356.69	1	1
64.3316	15	0	1	LastDelay	0.0014733	1473.3	1	1
64.4143	22	0	1	LastDelay	0	0	1	0
65.0386	19	0	1	LastDelay	0	0	1	0
65.0713	11	0	1	LastDelay	0.00308172	3081.72	1	1
65.075	17	0	1	LastDelay	0.00220598	2205.98	1	1
65.2545	12	0	1	LastDelay	0.00604591	6045.91	1	1
65.2926	21	0	1	LastDelay	0	0	1	0
65.2952	23	0	1	LastDelay	0	0	1	0
65.3283	10	0	1	LastDelay	0	0	1	0
65.3302	15	0	1	LastDelay	0	0	1	0
65.4177	22	0	1	LastDelay	0.00333006	3330.06	1	1
65.9261	18	0	1	LastDelay	0.0064384	6438.4	1	1
65.9463	14	0	1	LastDelay	0.00334333	3343.33	1	1
66.0682	11	0	1	LastDelay	0	0	1	0
66.0728	17	0	1	LastDelay	0	0	1	0
66.1646	4	0	1	LastDelay	0.00333031	3330.31	1	1
66.1796	26	0	1	LastDelay	0.0065441	6544.1	1	1
66.198	6	0	1	LastDelay	0.00256385	2563.85	1	1
66.2485	12	0	1	LastDelay	0	0	1	0
66.2959	21	0	1	LastDelay	0.00333017	3330.17	1	1
66.2959	23	0	1	LastDelay	0.000761866	761.866	1	1
66.3361	15	0	1	LastDelay	0.00591497	5914.97	1	1
66.3715	20	0	1	LastDelay	0.00334314	3343.14	1	1
66.4143	22	0	1	LastDelay	0	0	1	0
66.9196	18	0	1	LastDelay	0	0	1	0
66.9429	14	0	1	LastDelay	0	0	1	0
67.0238	27	0	1	LastDelay	0.00334372	3343.72	1	1
67.0747	17	0	1	LastDelay	0.00188656	1886.56	1	1
67.0747	11	0	1	LastDelay	0.0065448	6544.8	1	1
67.1612	4	0	1	LastDelay	0	0	1	0
67.173	26	0	1	LastDelay	0	0	1	0
67.1954	6	0	1	LastDelay	0	0	1	0
67.243	0	0	1	LastDelay	0.0033301	3330.1	1	1
67.2536	12	0	1	LastDelay	0.00519066	5190.66	1	1
67.2926	21	0	1	LastDelay	0	0	1	0
67.2952	23	0	1	LastDelay	0	0	1	0
67.3302	15	0	1	LastDelay	0	0	1	0
67.3681	20	0	1	LastDelay	0	0	1	0
67.923	18	0	1	LastDelay	0.0033303	3330.3	1	1
67.9501	25	0	1	LastDelay	0.0460744	46074.4	1	1
68.0205	27	0	1	LastDelay	0	0	1	0
68.0682	11	0	1	LastDelay	0	0	1	0
68.0728	17	0	1	LastDelay	0	0	1	0
68.1764	26	0	1	LastDelay	0.00340592	3405.92	1	1
68.2396	0	0	1	LastDelay	0	0	1	0
68.2485	12	0	1	LastDelay	0	0	1	0
68.2959	23	0	1	LastDelay	0.000761771	761.771	1	1
68.3364	15	0	1	LastDelay	0.00628454	6284.54	1	1
68.3715	20	0	1	LastDelay	0.00335607	3356.07	1	1
68.904	25	0	1	LastDelay	0	0	1	0
68.9196	18	0	1	LastDelay	0	0	1	0
68.9495	14	0	1	LastDelay	0.00654608	6546.08	1	1
69.0238	27	0	1	LastDelay	0.00333038	3330.38	1	1
69.0744	11	0	1	LastDelay	0.0062288	6228.8	1	1
69.0744	17	0	1	LastDelay	0.00157066	1570.66	1	1
69.1677	4	0	1	LastDelay	0.00642526	6425.26	1	1
69.173	26	0	1	LastDelay	0	0	1	0
69.1987	6	0	1	LastDelay	0.0033302	3330.2	1	1
69.243	0	0	1	LastDelay	0.0033431	3343.1	1	1
69.2499	12	0	1	LastDelay	0.00148471	1484.71	1	1
69.2952	23	0	1	LastDelay	0	0	1	0
69.296	21	0	1	LastDelay	0.00336921	3369.21	1	1
69.3302	15	0	1	LastDelay	0	0	1	0
69.3681	20	0	1	LastDelay	0	0	1	0
69.5966	24	0	1	LastDelay	0.00371313	3713.13	1	1
69.8896	28	0	1	LastDelay	0.00503467	5034.67	1	1
69.9083	25	0	1	LastDelay	0.00425856	4258.56	1	1
69.923	18	0	1	LastDelay	0.00333015	3330.15	1	1
69.9429	14	0	1	LastDelay	0	0	1	0
70.0205	27	0	1	LastDelay	0	0	1	0
70.0682	11	0	1	LastDelay	0	0	1	0
70.0728	17	0	1	LastDelay	0	0	1	0
70.1612	4	0	1	LastDelay	0	0	1	0
70.1764	26	0	1	LastDelay	0.00334355	3343.55	1	1
70.1954	6	0	1	LastDelay	0	0	1	0
70.2396	0	0	1	LastDelay	0	0	1	0
70.2485	12	0	1	LastDelay	0	0	1	0
70.2926	21	0	1	LastDelay	0	0	1	0
70.3016	23	0	1	LastDelay	0.00645249	6452.49	1	1
70.3431	15	0	1	LastDelay	0.0129646	12964.6	1	1
70.3687	20	0	1	LastDelay	0.000617295	617.295	1	1
70.4338	29	0	1	LastDelay	0.00206333	2063.34	1	1
70.5929	24	0	1	LastDelay	0	0	1	0
70.8846	28	0	1	LastDelay	0	0	1	0
70.904	25	0	1	LastDelay	0	0	1	0
70.9196	18	0	1	LastDelay	0	0	1	0
71.0709	11	0	1	LastDelay	0.00276347	2763.47	1	1
71.0709	16	0	1	LastDelay	0.0033563	3356.3	1	1
71.0823	17	0	1	LastDelay	0.00945246	9452.46	1	1
71.1646	4	0	1	LastDelay	0.00333026	3330.26	1	1
71.173	26	0	1	LastDelay	0	0	1	0
71.2505	12	0	1	LastDelay	0.00208124	2081.24	1	1
71.2952	23	0	1	LastDelay	0	0	1	0
71.2959	21	0	1	LastDelay	0.00334317	3343.17	1	1
71.3302	15	0	1	LastDelay	0	0	1	0
71.3316	10	0	1	LastDelay	0.00334315	3343.15	1	1
71.3681	20	0	1	LastDelay	0	0	1	0
71.4318	29	0	1	LastDelay	0	0	1	0
71.886	5	0	1	LastDelay	0.00333006	3330.06	1	1
71.8941	28	0	1	LastDelay	0.00949226	9492.26	1	1
71.9102	25	0	1	LastDelay	0.00620487	6204.87	1	1
71.9199	18	0	1	LastDelay	0.000225871	225.871	1	1
71.9471	14	0	1	LastDelay	0.00413934	4139.34	1	1
72.0238	27	0	1	LastDelay	0.00333034	3330.34	1	1
72.0676	16	0	1	LastDelay	0	0	1	0
72.0682	11	0	1	LastDelay	0	0	1	0
72.0728	17	0	1	LastDelay	0	0	1	0
72.1612	4	0	1	LastDelay	0	0	1	0
72.2032	6	0	1	LastDelay	0.00776558	7765.58	1	1
72.243	0	0	1	LastDelay	0.0033301	3330.1	1	1
72.2485	12	0	1	LastDelay	0	0	1	0
72.2926	21	0	1	LastDelay	0	0	1	0
72.3283	10	0	1	LastDelay	0	0	1	0
72.8827	5	0	1	LastDelay	0	0	1	0
72.8846	28	0	1	LastDelay	0	0	1	0
72.904	25	0	1	LastDelay	0	0	1	0
72.9196	18	0	1	LastDelay	0	0	1	0
72.9429	14	0	1	LastDelay	0	0	1	0
73.0205	27	0	1	LastDelay	0	0	1	0
73.0713	11	0	1	LastDelay	0.00310641	3106.41	1	1
73.0747	17	0	1	LastDelay	0.00189961	1899.61	1	1
73.1756	26	0	1	LastDelay	0.00256402	2564.02	1	1
73.1954	6	0	1	LastDelay	0	0	1	0
73.2396	0	0	1	LastDelay	0	0	1	0
73.2518	12	0	1	LastDelay	0.00333005	3330.05	1	1
73.2994	23	0	1	LastDelay	0.00420024	4200.23	1	1
73.3721	20	0	1	LastDelay	0.00401842	4018.41	1	1
73.4378	29	0	1	LastDelay	0.00602207	6022.07	1	1
73.886	5	0	1	LastDelay	0.00333015	3330.15	1	1
73.886	28	0	1	LastDelay	0.00141327	1413.27	1	1
73.9106	25	0	1	LastDelay	0.006555	6555	1	1
73.9206	18	0	1	LastDelay	0.000934171	934.171	1	1
73.9464	14	0	1	LastDelay	0.00345095	3450.95	1	1
74.0682	11	0	1	LastDelay	0	0	1	0
74.0728	17	0	1	LastDelay	0	0	1	0
74.173	26	0	1	LastDelay	0	0	1	0
74.1987	6	0	1	LastDelay	0.00333025	3330.25	1	1
74.2485	12	0	1	LastDelay	0	0	1	0
74.2952	23	0	1	LastDelay	0	0	1	0
74.2959	21	0	1	LastDelay	0.00333039	3330.39	1	1
74.3316	10	0	1	LastDelay	0.00333006	3330.06	1	1
74.3316	15	0	1	LastDelay	0.00144667	1446.67	1	1
74.3681	20	0	1	LastDelay	0	0	1	0
74.4318	29	0	1	LastDelay	0	0	1	0
74.8827	5	0	1	LastDelay	0	0	1	0
74.8846	28	0	1	LastDelay	0	0	1	0
74.904	25	0	1	LastDelay	0	0	1	0
74.9196	18	0	1	LastDelay	0	0	1	0
74.9429	14	0	1	LastDelay	0	0	1	0
75.0713	11	0	1	LastDelay	0.00309385	3093.85	1	1
75.0751	17	0	1	LastDelay	0.00221711	2217.11	1	1
75.178	26	0	1	LastDelay	0.00498526	4985.26	1	1
75.1954	6	0	1	LastDelay	0	0	1	0
75.243	0	0	1	LastDelay	0.00333012	3330.12	1	1
75.2502	12	0	1	LastDelay	0.0017777	1777.7	1	1
75.2926	21	0	1	LastDelay	0	0	1	0
75.2985	23	0	1	LastDelay	0.00333015	3330.15	1	1
75.3283	10	0	1	LastDelay	0	0	1	0
75.3302	15	0	1	LastDelay	0	0	1	0
75.4322	29	0	1	LastDelay	0.000410591	410.591	1	1
75.8901	28	0	1	LastDelay	0.005565	5565	1	1
75.9077	25	0	1	LastDelay	0.00364924	3649.24	1	1
75.9204	18	0	1	LastDelay	0.000804737	804.737	1	1
76.0238	27	0	1	LastDelay	0.00333031	3330.31	1	1
76.0682	11	0	1	LastDelay	0	0	1	0
76.0728	17	0	1	LastDelay	0	0	1	0
76.173	26	0	1	LastDelay	0	0	1	0
76.199	6	0	1	LastDelay	0.00362913	3629.13	1	1
76.2396	0	0	1	LastDelay	0	0	1	0
76.2485	12	0	1	LastDelay	0	0	1	0
76.2952	23	0	1	LastDelay	0	0	1	0
76.3316	10	0	1	LastDelay	0.0033309	3330.9	1	1
76.3316	15	0	1	LastDelay	0.0014475	1447.5	1	1
76.3714	20	0	1	LastDelay	0.00333021	3330.21	1	1
76.4318	29	0	1	LastDelay	0	0	1	0
76.8846	28	0	1	LastDelay	0	0	1	0
76.904	25	0	1	LastDelay	0	0	1	0
76.9196	18	0	1	LastDelay	0	0	1	0
76.9463	14	0	1	LastDelay	0.00333027	3330.27	1	1
77.0205	27	0	1	LastDelay	0	0	1	0
77.0716	11	0	1	LastDelay	0.00345074	3450.74	1	1
77.0854	17	0	1	LastDelay	0.0125719	12571.9	1	1
77.1787	26	0	1	LastDelay	0.00562257	5622.57	1	1
77.1954	6	0	1	LastDelay	0	0	1	0
77.2507	12	0	1	LastDelay	0.00225293	2252.93	1	1
77.2959	21	0	1	LastDelay	0.00333014	3330.14	1	1
77.2959	23	0	1	LastDelay	0.00076177	761.77	1	1
77.3283	10	0	1	LastDelay	0	0	1	0
77.3302	15	0	1	LastDelay	0	0	1	0
77.3681	20	0	1	LastDelay	0	0	1	0
77.4323	29	0	1	LastDelay	0.000501974	501.974	1	1
77.886	28	0	1	LastDelay	0.00142607	1426.07	1	1
77.9167	25	0	1	LastDelay	0.0126832	12683.2	1	1
77.9198	18	0	1	LastDelay	0.000170397	170.397	1	1
77.9429	14	0	1	LastDelay	0	0	1	0
78.0238	27	0	1	LastDelay	0.00333026	3330.26	1	1
78.0682	11	0	1	LastDelay	0	0	1	0
78.0728	17	0	1	LastDelay	0	0	1	0
78.1646	4	0	1	LastDelay	0.00333012	3330.12	1	1
78.173	26	0	1	LastDelay	0	0	1	0
78.2055	6	0	1	LastDelay	0.0100626	10062.6	1	1
78.2086	32	0	1	LastDelay	0.00951417	9514.17	1	1
78.2485	12	0	1	LastDelay	0	0	1	0
78.2926	21	0	1	LastDelay	0	0	1	0
78.2952	23	0	1	LastDelay	0	0	1	0
78.3358	15	0	1	LastDelay	0.00563621	5636.21	1	1
78.3676	9	0	1	LastDelay	0.000108903	108.903	1	1
78.3724	20	0	1	LastDelay	0.00424203	4242.03	1	1
78.4318	29	0	1	LastDelay	0	0	1	0
78.8846	28	0	1	LastDelay	0	0	1	0
78.904	25	0	1	LastDelay	0	0	1	0
78.9196	18	0	1	LastDelay	0	0	1	0
78.9463	14	0	1	LastDelay	0.00333008	3330.08	1	1
78.9815	38	0	1	LastDelay	0.00333019	3330.19	1	1
79.0205	27	0	1	LastDelay	0	0	1	0
79.073	11	0	1	LastDelay	0.00479738	4797.38	1	1
79.073	17	0	1	LastDelay	0.000139245	139.245	1	1
79.1612	4	0	1	LastDelay	0	0	1	0
79.1954	6	0	1	LastDelay	0	0	1	0
79.199	32	0	1	LastDelay	0	0	1	0
79.243	0	0	1	LastDelay	0.00335615	3356.15	1	1
79.25	3	0	1	LastDelay	0.000930514	930.514	1	1
79.2565	12	0	1	LastDelay	0.00806662	8066.62	1	1
79.2959	21	0	1	LastDelay	0.00333002	3330.02	1	1
79.2959	23	0	1	LastDelay	0.000761763	761.763	1	1
79.3302	15	0	1	LastDelay	0	0	1	0
79.331	10	0	1	LastDelay	0.00274537	2745.37	1	1
79.3675	9	0	1	LastDelay	0	0	1	0
79.3681	20	0	1	LastDelay	0	0	1	0
79.4377	29	0	1	LastDelay	0.00592671	5926.71	1	1
79.5993	24	0	1	LastDelay	0.00643851	6438.51	1	1
79.8895	28	0	1	LastDelay	0.00492959	4929.59	1	1
79.922	18	0	1	LastDelay	0.00233928	2339.28	1	1
79.9429	14	0	1	LastDelay	0	0	1	0
79.9782	38	0	1	LastDelay	0	0	1	0
80.0238	27	0	1	LastDelay	0.00333002	3330.02	1	1
80.0682	11	0	1	LastDelay	0	0	1	0
80.0728	17	0	1	LastDelay	0	0	1	0
80.1646	4	0	1	LastDelay	0.00333002	3330.02	1	1
80.1746	26	0	1	LastDelay	0.00153448	1534.48	1	1
80.1972	6	0	1	LastDelay	0.00183559	1835.59	1	1
80.2007	32	0	1	LastDelay	0.00162992	1629.92	1	1
80.2396	0	0	1	LastDelay	0	0	1	0
80.2485	12	0	1	LastDelay	0	0	1	0
80.249	3	0	1	LastDelay	0	0	1	0
80.2926	21	0	1	LastDelay	0	0	1	0
80.2952	23	0	1	LastDelay	0	0	1	0
80.3283	10	0	1	LastDelay	0	0	1	0
80.3714	20	0	1	LastDelay	0.00333025	3330.25	1	1
80.4177	22	0	1	LastDelay	0.00333027	3330.27	1	1
80.4318	29	0	1	LastDelay	0	0	1	0
80.5929	24	0	1	LastDelay	0	0	1	0
80.8846	28	0	1	LastDelay	0	0	1	0
80.886	5	0	1	LastDelay	0.00333011	3330.11	1	1
80.9196	18	0	1	LastDelay	0	0	1	0
81.0205	27	0	1	LastDelay	0	0	1	0
81.0709	16	0	1	LastDelay	0.00335602	3356.02	1	1
81.0709	11	0	1	LastDelay	0.0027633	2763.3	1	1
81.0741	17	0	1	LastDelay	0.00122631	1226.31	1	1
81.127	31	0	1	LastDelay	0.864961	864961	1	1
81.1612	4	0	1	LastDelay	0	0	1	0
81.173	26	0	1	LastDelay	0	0	1	0
81.1954	6	0	1	LastDelay	0	0	1	0
81.199	32	0	1	LastDelay	0	0	1	0
81.2502	12	0	1	LastDelay	0.00178927	1789.27	1	1
81.262	31	0	1	LastDelay	0	0	1	0
81.2959	21	0	1	LastDelay	0.00334313	3343.13	1	1
81.2959	23	0	1	LastDelay	0.000774766	774.766	1	1
81.3323	15	0	1	LastDelay	0.00217273	2172.73	1	1
81.3681	20	0	1	LastDelay	0	0	1	0
81.4143	22	0	1	LastDelay	0	0	1	0
81.4351	29	0	1	LastDelay	0.00336955	3369.55	1	1
81.6316	30	0	1	LastDelay	0.00333091	3330.91	1	1
81.8827	5	0	1	LastDelay	0	0	1	0
81.923	18	0	1	LastDelay	0.0033301	3330.1	1	1
81.9439	14	0	1	LastDelay	0.000974124	974.124	1	1
82.0271	27	0	1	LastDelay	0.00663415	6634.15	1	1
82.0676	16	0	1	LastDelay	0	0	1	0
82.0682	11	0	1	LastDelay	0	0	1	0
82.0728	17	0	1	LastDelay	0	0	1	0
82.1646	4	0	1	LastDelay	0.00333005	3330.05	1	1
82.185	26	0	1	LastDelay	0.0119923	11992.3	1	1
82.2001	32	0	1	LastDelay	0.00107199	1071.99	1	1
82.2454	0	0	1	LastDelay	0.00571384	5713.84	1	1
82.2485	12	0	1	LastDelay	0	0	1	0
82.2658	31	0	1	LastDelay	0.00380887	3808.87	1	1
82.2926	21	0	1	LastDelay	0	0	1	0
82.2952	23	0	1	LastDelay	0	0	1	0
82.3302	15	0	1	LastDelay	0	0	1	0
82.4318	29	0	1	LastDelay	0	0	1	0
82.5091	33	0	1	LastDelay	0.00678252	6782.52	1	1
82.5962	24	0	1	LastDelay	0.00333056	3330.56	1	1
82.6283	30	0	1	LastDelay	0	0	1	0
82.886	5	0	1	LastDelay	0.00334314	3343.14	1	1
82.8929	28	0	1	LastDelay	0.00830362	8303.62	1	1
82.9196	18	0	1	LastDelay	0	0	1	0
82.9429	14	0	1	LastDelay	0	0	1	0
83.0205	27	0	1	LastDelay	0	0	1	0
83.0709	11	0	1	LastDelay	0.00273732	2737.32	1	1
83.0809	17	0	1	LastDelay	0.008064	8064	1	1
83.1612	4	0	1	LastDelay	0	0	1	0
83.173	26	0	1	LastDelay	0	0	1	0
83.1987	6	0	1	LastDelay	0.00333009	3330.09	1	1
83.199	32	0	1	LastDelay	0	0	1	0
83.2396	0	0	1	LastDelay	0	0	1	0
83.2518	12	0	1	LastDelay	0.00333029	3330.29	1	1
83.262	31	0	1	LastDelay	0	0	1	0
83.2959	21	0	1	LastDelay	0.00334309	3343.09	1	1
83.2995	23	0	1	LastDelay	0.00427915	4279.15	1	1
83.3332	15	0	1	LastDelay	0.00307242	3072.42	1	1
83.3332	10	0	1	LastDelay	0.00495591	4955.91	1	1
83.3761	20	0	1	LastDelay	0.00799095	7990.95	1	1
83.4177	22	0	1	LastDelay	0.00334303	3343.03	1	1
83.4339	29	0	1	LastDelay	0.00218418	2184.18	1	1
83.5023	33	0	1	LastDelay	0	0	1	0
83.5929	24	0	1	LastDelay	0	0	1	0
83.6316	30	0	1	LastDelay	0.00333035	3330.35	1	1
83.8827	5	0	1	LastDelay	0	0	1	0
83.8846	28	0	1	LastDelay	0	0	1	0
83.923	18	0	1	LastDelay	0.00333005	3330.05	1	1
83.943	14	0	1	LastDelay	4.9707e-05	49.707	1	1
84.0238	27	0	1	LastDelay	0.00334304	3343.04	1	1
84.0682	11	0	1	LastDelay	0	0	1	0
84.0709	16	0	1	LastDelay	0.00333007	3330.07	1	1
84.0728	17	0	1	LastDelay	0	0	1	0
84.1739	26	0	1	LastDelay	0.000822101	822.101	1	1
84.1954	6	0	1	LastDelay	0	0	1	0
84.2001	32	0	1	LastDelay	0.00111053	1110.53	1	1
84.2398	0	0	1	LastDelay	0.000168378	168.378	1	1
84.2485	12	0	1	LastDelay	0	0	1	0
84.2649	31	0	1	LastDelay	0.00293252	2932.52	1	1
84.2926	21	0	1	LastDelay	0	0	1	0
84.2952	23	0	1	LastDelay	0	0	1	0
84.3283	10	0	1	LastDelay	0	0	1	0
84.3302	15	0	1	LastDelay	0	0	1	0
84.3681	20	0	1	LastDelay	0	0	1	0
84.4143	22	0	1	LastDelay	0	0	1	0
84.4318	29	0	1	LastDelay	0	0	1	0
84.5465	34	0	1	LastDelay	0.00333077	3330.77	1	1
84.5962	24	0	1	LastDelay	0.0033305	3330.5	1	1
84.6283	30	0	1	LastDelay	0	0	1	0
84.886	28	0	1	LastDelay	0.00141307	1413.07	1	1
84.886	5	0	1	LastDelay	0.00333019	3330.19	1	1
84.9196	18	0	1	LastDelay	0	0	1	0
84.9429	14	0	1	LastDelay	0	0	1	0
85.0205	27	0	1	LastDelay	0	0	1	0
85.0676	16	0	1	LastDelay	0	0	1	0
85.0715	11	0	1	LastDelay	0.00334326	3343.26	1	1
85.0753	17	0	1	LastDelay	0.00246693	2466.93	1	1
85.173	26	0	1	LastDelay	0	0	1	0
85.1987	6	0	1	LastDelay	0.00334309	3343.09	1	1
85.199	32	0	1	LastDelay	0	0	1	0
85.2396	0	0	1	LastDelay	0	0	1	0
85.262	31	0	1	LastDelay	0	0	1	0
85.2963	23	0	1	LastDelay	0.00111792	1117.92	1	1
85.3384	15	0	1	LastDelay	0.00822487	8224.87	1	1
85.3384	10	0	1	LastDelay	0.0101085	10108.5	1	1
85.3701	20	0	1	LastDelay	0.00197614	1976.14	1	1
85.4308	35	0	1	LastDelay	0.00706191	7061.91	1	1
85.4338	29	0	1	LastDelay	0.00209379	2093.79	1	1
85.5072	33	0	1	LastDelay	0.00491585	4915.85	1	1
85.5432	34	0	1	LastDelay	0	0	1	0
85.5929	24	0	1	LastDelay	0	0	1	0
85.6316	30	0	1	LastDelay	0.00333061	3330.61	1	1
85.8827	5	0	1	LastDelay	0	0	1	0
85.8846	28	0	1	LastDelay	0	0	1	0
85.923	18	0	1	LastDelay	0.0033303	3330.3	1	1
85.9457	14	0	1	LastDelay	0.00280176	2801.76	1	1
86.0238	27	0	1	LastDelay	0.00333012	3330.12	1	1
86.0682	11	0	1	LastDelay	0	0	1	0
86.0728	17	0	1	LastDelay	0	0	1	0
86.1773	26	0	1	LastDelay	0.00424697	4246.97	1	1
86.1954	6	0	1	LastDelay	0	0	1	0
86.2057	32	0	1	LastDelay	0.00666364	6663.64	1	1
86.2499	0	0	1	LastDelay	0.0102709	10270.9	1	1
86.2499	12	0	1	LastDelay	0.00145828	1458.28	1	1
86.2723	31	0	1	LastDelay	0.0102831	10283.1	1	1
86.2952	23	0	1	LastDelay	0	0	1	0
86.3283	10	0	1	LastDelay	0	0	1	0
86.3302	15	0	1	LastDelay	0	0	1	0
86.3681	20	0	1	LastDelay	0	0	1	0
86.4237	35	0	1	LastDelay	0	0	1	0
86.4318	29	0	1	LastDelay	0	0	1	0
86.5023	33	0	1	LastDelay	0	0	1	0
86.5465	34	0	1	LastDelay	0.0033309	3330.9	1	1
86.5962	24	0	1	LastDelay	0.0033305	3330.5	1	1
86.6283	30	0	1	LastDelay	0	0	1	0
86.886	5	0	1	LastDelay	0.00334316	3343.16	1	1
86.8894	28	0	1	LastDelay	0.00486419	4864.19	1	1
86.9196	18	0	1	LastDelay	0	0	1	0
86.9429	14	0	1	LastDelay	0	0	1	0
87.0205	27	0	1	LastDelay	0	0	1	0
87.0709	16	0	1	LastDelay	0.00333009	3330.09	1	1
87.0744	11	0	1	LastDelay	0.00617601	6176.01	1	1
87.0744	17	0	1	LastDelay	0.00151791	1517.91	1	1
87.173	26	0	1	LastDelay	0	0	1	0
87.1987	6	0	1	LastDelay	0.00333026	3330.26	1	1
87.199	32	0	1	LastDelay	0	0	1	0
87.2396	0	0	1	LastDelay	0	0	1	0
87.2485	12	0	1	LastDelay	0	0	1	0
87.262	31	0	1	LastDelay	0	0	1	0
87.2963	23	0	1	LastDelay	0.00110477	1104.77	1	1
87.3297	10	0	1	LastDelay	0.0014502	1450.2	1	1
87.3328	15	0	1	LastDelay	0.00266153	2661.53	1	1
87.3735	20	0	1	LastDelay	0.00535632	5356.32	1	1
87.4177	22	0	1	LastDelay	0.00333023	3330.23	1	1
87.4242	35	0	1	LastDelay	0.000515345	515.345	1	1
87.437	29	0	1	LastDelay	0.0052413	5241.31	1	1
87.5432	34	0	1	LastDelay	0	0	1	0
87.5929	24	0	1	LastDelay	0	0	1	0
87.6316	30	0	1	LastDelay	0.00333018	3330.18	1	1
87.8827	5	0	1	LastDelay	0	0	1	0
87.8846	28	0	1	LastDelay	0	0	1	0
87.923	18	0	1	LastDelay	0.00333018	3330.18	1	1
87.9462	14	0	1	LastDelay	0.00324905	3249.05	1	1
88.0238	27	0	1	LastDelay	0.0033306	3330.6	1	1
88.0676	16	0	1	LastDelay	0	0	1	0
88.0682	11	0	1	LastDelay	0	0	1	0
88.0728	17	0	1	LastDelay	0	0	1	0
88.1787	26	0	1	LastDelay	0.00564895	5648.95	1	1
88.1954	6	0	1	LastDelay	0	0	1	0
88.2004	32	0	1	LastDelay	0.00132523	1325.23	1	1
88.2427	0	0	1	LastDelay	0.00308419	3084.19	1	1
88.2672	31	0	1	LastDelay	0.00515823	5158.23	1	1
88.2952	23	0	1	LastDelay	0	0	1	0
88.2959	21	0	1	LastDelay	0.00334332	3343.32	1	1
88.3283	10	0	1	LastDelay	0	0	1	0
88.3302	15	0	1	LastDelay	0	0	1	0
88.3681	20	0	1	LastDelay	0	0	1	0
88.4143	22	0	1	LastDelay	0	0	1	0
88.4237	35	0	1	LastDelay	0	0	1	0
88.4318	29	0	1	LastDelay	0	0	1	0
88.6283	30	0	1	LastDelay	0	0	1	0
88.8863	28	0	1	LastDelay	0.00175654	1756.54	1	1
88.8863	5	0	1	LastDelay	0.00367374	3673.74	1	1
88.9123	39	0	1	LastDelay	0.019697	19697	1	1
88.9196	18	0	1	LastDelay	0	0	1	0
88.9429	14	0	1	LastDelay	0	0	1	0
89.0205	27	0	1	LastDelay	0	0	1	0
89.0744	11	0	1	LastDelay	0.00617603	6176.03	1	1
89.0816	17	0	1	LastDelay	0.00876408	8764.08	1	1
89.1646	4	0	1	LastDelay	0.00333048	3330.48	1	1
89.173	26	0	1	LastDelay	0	0	1	0
89.1987	6	0	1	LastDelay	0.00333025	3330.25	1	1
89.199	32	0	1	LastDelay	0	0	1	0
89.2396	0	0	1	LastDelay	0	0	1	0
89.2549	12	0	1	LastDelay	0.00642538	6425.38	1	1
89.262	31	0	1	LastDelay	0	0	1	0
89.2926	21	0	1	LastDelay	0	0	1	0
89.3354	15	0	1	LastDelay	0.00524197	5241.97	1	1
89.3775	20	0	1	LastDelay	0.00940415	9404.15	1	1
89.4273	35	0	1	LastDelay	0.0036239	3623.9	1	1
89.4366	29	0	1	LastDelay	0.00485899	4858.99	1	1
89.4463	37	0	1	LastDelay	0.694363	694363	1	1
89.5056	33	0	1	LastDelay	0.00333026	3330.26	1	1
89.5363	45	0	1	LastDelay	0.00256451	2564.51	1	1
89.5465	34	0	1	LastDelay	0.0033304	3330.4	1	1
89.6288	30	0	1	LastDelay	0.000483726	483.726	1	1
89.752	37	0	1	LastDelay	0	0	1	0
89.8509	8	0	1	LastDelay	0.00347423	3474.23	1	1
89.8827	5	0	1	LastDelay	0	0	1	0
89.8846	28	0	1	LastDelay	0	0	1	0
89.8926	39	0	1	LastDelay	0	0	1	0
89.9442	14	0	1	LastDelay	0.0012662	1266.2	1	1
90.0682	11	0	1	LastDelay	0	0	1	0
90.0728	17	0	1	LastDelay	0	0	1	0
90.1612	4	0	1	LastDelay	0	0	1	0
90.1764	26	0	1	LastDelay	0.00333046	3330.46	1	1
90.1954	6	0	1	LastDelay	0	0	1	0
90.1998	32	0	1	LastDelay	0.000748665	748.665	1	1
90.2169	2	0	1	LastDelay	0.00334321	3343.21	1	1
90.2485	12	0	1	LastDelay	0	0	1	0
90.3023	23	0	1	LastDelay	0.00710453	7104.53	1	1
90.3023	21	0	1	LastDelay	0.00967316	9673.16	1	1
90.3302	15	0	1	LastDelay	0	0	1	0
90.335	43	0	1	LastDelay	0.959759	959759	1	1
90.3681	20	0	1	LastDelay	0	0	1	0
90.3753	43	0	1	LastDelay	0	0	1	0
90.4237	35	0	1	LastDelay	0	0	1	0
90.4318	29	0	1	LastDelay	0	0	1	0
90.5023	33	0	1	LastDelay	0	0	1	0
90.5338	45	0	1	LastDelay	0	0	1	0
90.5432	34	0	1	LastDelay	0	0	1	0
90.6283	30	0	1	LastDelay	0	0	1	0
90.8474	8	0	1	LastDelay	0	0	1	0
90.8891	28	0	1	LastDelay	0.00450861	4508.61	1	1
90.8891	5	0	1	LastDelay	0.00642582	6425.82	1	1
90.8979	39	0	1	LastDelay	0.00526703	5267.03	1	1
90.9208	18	0	1	LastDelay	0.00112147	1121.47	1	1
90.9429	14	0	1	LastDelay	0	0	1	0
91.072	11	0	1	LastDelay	0.00381941	3819.41	1	1
91.0751	17	0	1	LastDelay	0.0022693	2269.3	1	1
91.1677	4	0	1	LastDelay	0.00642638	6426.38	1	1
91.173	26	0	1	LastDelay	0	0	1	0
91.199	32	0	1	LastDelay	0	0	1	0
91.2136	2	0	1	LastDelay	0	0	1	0
91.2498	12	0	1	LastDelay	0.00139448	1394.48	1	1
91.2636	31	0	1	LastDelay	0.00161962	1619.62	1	1
91.2926	21	0	1	LastDelay	0	0	1	0
91.2952	23	0	1	LastDelay	0	0	1	0
91.3323	15	0	1	LastDelay	0.00214796	2147.96	1	1
91.3731	20	0	1	LastDelay	0.00494872	4948.72	1	1
91.4374	29	0	1	LastDelay	0.00559804	5598.04	1	1
91.4374	35	0	1	LastDelay	0.0136612	13661.2	1	1
91.5056	33	0	1	LastDelay	0.00334351	3343.51	1	1
91.5962	24	0	1	LastDelay	0.00333094	3330.94	1	1
91.8827	5	0	1	LastDelay	0	0	1	0
91.8846	28	0	1	LastDelay	0	0	1	0
91.8926	39	0	1	LastDelay	0	0	1	0
91.9196	18	0	1	LastDelay	0	0	1	0
91.9463	14	0	1	LastDelay	0.00333016	3330.16	1	1
91.9792	38	0	1	LastDelay	0.000957087	957.087	1	1
92.0238	27	0	1	LastDelay	0.00333005	3330.05	1	1
92.0682	11	0	1	LastDelay	0	0	1	0
92.0728	17	0	1	LastDelay	0	0	1	0
92.1612	4	0	1	LastDelay	0	0	1	0
92.1764	26	0	1	LastDelay	0.00333018	3330.18	1	1
92.196	6	0	1	LastDelay	0.000651131	651.131	1	1
92.1995	32	0	1	LastDelay	0.000471249	471.249	1	1
92.2418	0	0	1	LastDelay	0.00213717	2137.17	1	1
92.2485	12	0	1	LastDelay	0	0	1	0
92.262	31	0	1	LastDelay	0	0	1	0
92.2959	23	0	1	LastDelay	0.000762089	762.089	1	1
92.2959	21	0	1	LastDelay	0.00333068	3330.68	1	1
92.3302	15	0	1	LastDelay	0	0	1	0
92.3681	20	0	1	LastDelay	0	0	1	0
92.4237	35	0	1	LastDelay	0	0	1	0
92.4312	10	0	1	LastDelay	0.102924	102924	1	1
92.4318	29	0	1	LastDelay	0	0	1	0
92.5023	33	0	1	LastDelay	0	0	1	0
92.5465	34	0	1	LastDelay	0.0033302	3330.2	1	1
92.5929	24	0	1	LastDelay	0	0	1	0
92.6316	30	0	1	LastDelay	0.00333055	3330.55	1	1
92.8891	5	0	1	LastDelay	0.0064782	6478.2	1	1
92.8926	28	0	1	LastDelay	0.00799937	7999.37	1	1
92.8995	39	0	1	LastDelay	0.00691994	6919.94	1	1
92.9235	18	0	1	LastDelay	0.00387381	3873.81	1	1
92.9429	14	0	1	LastDelay	0	0	1	0
92.9782	38	0	1	LastDelay	0	0	1	0
92.9916	36	0	1	LastDelay	0.00192975	1929.75	1	1
93.0205	27	0	1	LastDelay	0	0	1	0
93.074	17	0	1	LastDelay	0.00117473	1174.73	1	1
93.074	11	0	1	LastDelay	0.00583305	5833.05	1	1
93.173	26	0	1	LastDelay	0	0	1	0
93.1954	6	0	1	LastDelay	0	0	1	0
93.199	32	0	1	LastDelay	0	0	1	0
93.2396	0	0	1	LastDelay	0	0	1	0
93.2629	31	0	1	LastDelay	0.000937857	937.857	1	1
93.2926	21	0	1	LastDelay	0	0	1	0
93.2952	23	0	1	LastDelay	0	0	1	0
93.3283	10	0	1	LastDelay	0	0	1	0
93.4256	35	0	1	LastDelay	0.00194119	1941.19	1	1
93.4356	29	0	1	LastDelay	0.00385112	3851.12	1	1
93.5057	33	0	1	LastDelay	0.00340069	3400.69	1	1
93.5432	34	0	1	LastDelay	0	0	1	0
93.6283	30	0	1	LastDelay	0	0	1	0
93.8827	5	0	1	LastDelay	0	0	1	0
93.8846	28	0	1	LastDelay	0	0	1	0
93.8926	39	0	1	LastDelay	0	0	1	0
93.9196	18	0	1	LastDelay	0	0	1	0
93.9463	14	0	1	LastDelay	0.00333016	3330.16	1	1
93.9848	38	0	1	LastDelay	0.0065954	6595.4	1	1
93.9897	36	0	1	LastDelay	0	0	1	0
94.0682	11	0	1	LastDelay	0	0	1	0
94.0728	17	0	1	LastDelay	0	0	1	0
94.1987	6	0	1	LastDelay	0.00333078	3330.78	1	1
94.2059	32	0	1	LastDelay	0.00690606	6906.06	1	1
94.2499	12	0	1	LastDelay	0.0014595	1459.5	1	1
94.262	31	0	1	LastDelay	0	0	1	0
94.2959	23	0	1	LastDelay	0.00076218	762.18	1	1
94.2959	21	0	1	LastDelay	0.00333066	3330.66	1	1
94.3304	15	0	1	LastDelay	0.000208167	208.167	1	1
94.4237	35	0	1	LastDelay	0	0	1	0
94.4318	29	0	1	LastDelay	0	0	1	0
94.5023	33	0	1	LastDelay	0	0	1	0
94.5994	24	0	1	LastDelay	0.00652928	6529.28	1	1
94.6316	30	0	1	LastDelay	0.00333049	3330.49	1	1
94.8973	39	0	1	LastDelay	0.00474015	4740.15	1	1
94.923	18	0	1	LastDelay	0.00333068	3330.68	1	1
94.9429	14	0	1	LastDelay	0	0	1	0
94.9782	38	0	1	LastDelay	0	0	1	0
95.0232	27	0	1	LastDelay	0.00270543	2705.43	1	1
95.0445	40	0	1	LastDelay	0.00216527	2165.27	1	1
95.0733	11	0	1	LastDelay	0.00509702	5097.02	1	1
95.0733	17	0	1	LastDelay	0.000439018	439.018	1	1
95.1954	6	0	1	LastDelay	0	0	1	0
95.199	32	0	1	LastDelay	0	0	1	0
95.2485	12	0	1	LastDelay	0	0	1	0
95.2653	31	0	1	LastDelay	0.00333016	3330.16	1	1
95.2926	21	0	1	LastDelay	0	0	1	0
95.2952	23	0	1	LastDelay	0	0	1	0
95.3302	15	0	1	LastDelay	0	0	1	0
95.3714	20	0	1	LastDelay	0.00333007	3330.07	1	1
95.4367	29	0	1	LastDelay	0.0049099	4909.9	1	1
95.5465	34	0	1	LastDelay	0.00333047	3330.47	1	1
95.5929	24	0	1	LastDelay	0	0	1	0
95.6283	30	0	1	LastDelay	0	0	1	0
95.8891	5	0	1	LastDelay	0.00646523	6465.23	1	1
95.8926	39	0	1	LastDelay	0	0	1	0
95.9196	18	0	1	LastDelay	0	0	1	0
96.0026	36	0	1	LastDelay	0.0128818	12881.8	1	1
96.0205	27	0	1	LastDelay	0	0	1	0
96.0423	40	0	1	LastDelay	0	0	1	0
96.0682	11	0	1	LastDelay	0	0	1	0
96.0728	17	0	1	LastDelay	0	0	1	0
96.1989	6	0	1	LastDelay	0.00353862	3538.62	1	1
96.202	32	0	1	LastDelay	0.00298905	2989.05	1	1
96.262	31	0	1	LastDelay	0	0	1	0
96.3063	23	0	1	LastDelay	0.0111168	11116.8	1	1
96.3681	20	0	1	LastDelay	0	0	1	0
96.4275	35	0	1	LastDelay	0.00379158	3791.57	1	1
96.4318	29	0	1	LastDelay	0	0	1	0
96.5056	33	0	1	LastDelay	0.00328967	3289.67	1	1
96.5432	34	0	1	LastDelay	0	0	1	0
96.8827	5	0	1	LastDelay	0	0	1	0
96.9463	14	0	1	LastDelay	0.00334326	3343.26	1	1
96.9897	36	0	1	LastDelay	0	0	1	0
97.0753	17	0	1	LastDelay	0.00250649	2506.49	1	1
97.1954	6	0	1	LastDelay	0	0	1	0
97.199	32	0	1	LastDelay	0	0	1	0
97.2518	12	0	1	LastDelay	0.00333046	3330.46	1	1
97.2646	31	0	1	LastDelay	0.00258738	2587.38	1	1
97.2952	23	0	1	LastDelay	0	0	1	0
97.3335	15	0	1	LastDelay	0.00334309	3343.09	1	1
97.4237	35	0	1	LastDelay	0	0	1	0
97.4351	29	0	1	LastDelay	0.00333012	3330.12	1	1
97.5019	41	0	1	LastDelay	0.00404351	4043.51	1	1
97.5023	33	0	1	LastDelay	0	0	1	0
97.632	30	0	1	LastDelay	0.00368666	3686.66	1	1
97.8959	39	0	1	LastDelay	0.00333027	3330.27	1	1
97.9206	18	0	1	LastDelay	0.000980971	980.971	1	1
97.9429	14	0	1	LastDelay	0	0	1	0
97.9961	36	0	1	LastDelay	0.0063619	6361.9	1	1
98.0226	27	0	1	LastDelay	0.00208798	2087.98	1	1
98.0691	11	0	1	LastDelay	0.000890951	890.951	1	1
98.0728	17	0	1	LastDelay	0	0	1	0
98.1764	26	0	1	LastDelay	0.0033304	3330.4	1	1
98.1996	6	0	1	LastDelay	0.00419614	4196.14	1	1
98.2131	32	0	1	LastDelay	0.0140813	14081.3	1	1
98.2485	12	0	1	LastDelay	0	0	1	0
98.262	31	0	1	LastDelay	0	0	1	0
98.2994	23	0	1	LastDelay	0.00420024	4200.24	1	1
98.3302	15	0	1	LastDelay	0	0	1	0
98.4318	29	0	1	LastDelay	0	0	1	0
98.4979	41	0	1	LastDelay	0	0	1	0
98.5056	33	0	1	LastDelay	0.00333022	3330.22	1	1
98.5465	34	0	1	LastDelay	0.00333074	3330.74	1	1
98.6283	30	0	1	LastDelay	0	0	1	0
98.7584	37	0	1	LastDelay	0.00642543	6425.43	1	1
98.886	5	0	1	LastDelay	0.00337029	3370.29	1	1
98.8926	39	0	1	LastDelay	0	0	1	0
98.9196	18	0	1	LastDelay	0	0	1	0
98.9897	36	0	1	LastDelay	0	0	1	0
99.0205	27	0	1	LastDelay	0	0	1	0
99.0682	11	0	1	LastDelay	0	0	1	0
99.173	26	0	1	LastDelay	0	0	1	0
99.1954	6	0	1	LastDelay	0	0	1	0
99.199	32	0	1	LastDelay	0	0	1	0
99.2952	23	0	1	LastDelay	0	0	1	0
99.2959	21	0	1	LastDelay	0.00333005	3330.05	1	1
99.4353	29	0	1	LastDelay	0.00355596	3555.97	1	1
99.5023	33	0	1	LastDelay	0	0	1	0
99.5432	34	0	1	LastDelay	0	0	1	0
99.5993	24	0	1	LastDelay	0.00643826	6438.26	1	1
99.6316	30	0	1	LastDelay	0.00333009	3330.09	1	1
99.752	37	0	1	LastDelay	0	0	1	0
99.8507	8	0	1	LastDelay	0.00333007	3330.07	1	1
99.8827	5	0	1	LastDelay	0	0	1	0
99.9912	36	0	1	LastDelay	0.00151806	1518.06	1	1
