Time	Node	AppId	SeqNo	Type	DelayS	DelayUS	RetxCount	HopCount
14.2173	2	0	1	LastDelay	0.0037036	3703.6	1	1
14.3715	20	0	1	LastDelay	0.00333318	3333.18	1	1
14.8507	8	0	1	LastDelay	0.00331903	3319.03	1	1
15.2024	32	0	1	LastDelay	0.00331904	3319.04	1	1
15.2136	2	0	1	LastDelay	0	0	1	0
15.2476	44	0	1	LastDelay	0.003332	3332	1	1
15.3681	20	0	1	LastDelay	0	0	1	0
15.8474	8	0	1	LastDelay	0	0	1	0
15.9815	38	0	1	LastDelay	0.003319	3319	1	1
16.1763	26	0	1	LastDelay	0.003306	3306	1	1
16.199	32	0	1	LastDelay	0	0	1	0
16.2204	2	0	1	LastDelay	0.00678957	6789.57	1	1
16.2443	44	0	1	LastDelay	0	0	1	0
16.8507	8	0	1	LastDelay	0.00333211	3332.11	1	1
16.9782	38	0	1	LastDelay	0	0	1	0
17.173	26	0	1	LastDelay	0	0	1	0
17.2136	2	0	1	LastDelay	0	0	1	0
17.2555	3	0	1	LastDelay	0.00643613	6436.13	1	1
17.2893	1	0	1	LastDelay	0.00336577	3365.77	1	1
17.3719	20	0	1	LastDelay	0.00380814	3808.14	1	1
17.8474	8	0	1	LastDelay	0	0	1	0
18.249	3	0	1	LastDelay	0	0	1	0
18.2859	1	0	1	LastDelay	0	0	1	0
18.3681	20	0	1	LastDelay	0	0	1	0
19.2532	3	0	1	LastDelay	0.00418137	4181.37	1	1
20.2169	2	0	1	LastDelay	0.00330621	3306.21	1	1
20.2429	0	0	1	LastDelay	0.00330698	3306.98	1	1
20.249	3	0	1	LastDelay	0	0	1	0
21.2136	2	0	1	LastDelay	0	0	1	0
21.2396	0	0	1	LastDelay	0	0	1	0
25.243	0	0	1	LastDelay	0.00331923	3319.23	1	1
25.2897	1	0	1	LastDelay	0.00376224	3762.24	1	1
26.1646	4	0	1	LastDelay	0.00335826	3358.26	1	1
26.2396	0	0	1	LastDelay	0	0	1	0
26.2859	1	0	1	LastDelay	0	0	1	0
26.886	5	0	1	LastDelay	0.0033323	3332.3	1	1
27.1612	4	0	1	LastDelay	0	0	1	0
27.8827	5	0	1	LastDelay	0	0	1	0
28.2893	1	0	1	LastDelay	0.00339713	3397.13	1	1
29.2859	1	0	1	LastDelay	0	0	1	0
30.8507	8	0	1	LastDelay	0.00330623	3306.23	1	1
31.243	0	0	1	LastDelay	0.0033321	3332.1	1	1
31.2895	1	0	1	LastDelay	0.00358952	3589.52	1	1
31.3708	9	0	1	LastDelay	0.00330634	3306.34	1	1
31.8474	8	0	1	LastDelay	0	0	1	0
32.2396	0	0	1	LastDelay	0	0	1	0
32.2859	1	0	1	LastDelay	0	0	1	0
32.3675	9	0	1	LastDelay	0	0	1	0
33.1987	6	0	1	LastDelay	0.00334573	3345.73	1	1
33.2566	7	0	1	LastDelay	0.00660093	6600.93	1	1
33.2892	1	0	1	LastDelay	0.00330613	3306.13	1	1
33.3316	10	0	1	LastDelay	0.00331947	3319.47	1	1
33.886	5	0	1	LastDelay	0.0033069	3306.9	1	1
34.073	11	0	1	LastDelay	0.00480057	4800.57	1	1
34.1645	4	0	1	LastDelay	0.00330656	3306.56	1	1
34.1954	6	0	1	LastDelay	0	0	1	0
34.243	0	0	1	LastDelay	0.0033191	3319.1	1	1
34.25	7	0	1	LastDelay	0	0	1	0
34.2859	1	0	1	LastDelay	0	0	1	0
34.3283	10	0	1	LastDelay	0	0	1	0
34.8827	5	0	1	LastDelay	0	0	1	0
35.0682	11	0	1	LastDelay	0	0	1	0
35.0748	17	0	1	LastDelay	0.00200641	2006.4	1	1
35.1612	4	0	1	LastDelay	0	0	1	0
35.2396	0	0	1	LastDelay	0	0	1	0
35.3316	10	0	1	LastDelay	0.00330677	3306.77	1	1
36.0728	17	0	1	LastDelay	0	0	1	0
36.3283	10	0	1	LastDelay	0	0	1	0
36.3335	15	0	1	LastDelay	0.00332089	3320.89	1	1
37.3302	15	0	1	LastDelay	0	0	1	0
37.886	5	0	1	LastDelay	0.00330615	3306.15	1	1
38.243	0	0	1	LastDelay	0.0033191	3319.1	1	1
38.3334	15	0	1	LastDelay	0.00328819	3288.19	1	1
38.8827	5	0	1	LastDelay	0	0	1	0
38.896	39	0	1	LastDelay	0.00335918	3359.18	1	1
38.9463	14	0	1	LastDelay	0.00330747	3307.47	1	1
39.0238	27	0	1	LastDelay	0.0033202	3320.2	1	1
39.1764	26	0	1	LastDelay	0.0033462	3346.2	1	1
39.2024	32	0	1	LastDelay	0.003345	3345	1	1
39.2169	2	0	1	LastDelay	0.00331923	3319.23	1	1
39.2396	0	0	1	LastDelay	0	0	1	0
39.2476	44	0	1	LastDelay	0.003332	3332	1	1
39.251	3	0	1	LastDelay	0.00198041	1980.41	1	1
39.2553	7	0	1	LastDelay	0.00527689	5276.89	1	1
39.2893	1	0	1	LastDelay	0.00333213	3332.13	1	1
39.293	21	0	1	LastDelay	0.000435413	435.413	1	1
39.3302	15	0	1	LastDelay	0	0	1	0
39.3316	10	0	1	LastDelay	0.00330635	3306.35	1	1
39.3712	20	0	1	LastDelay	0.00303382	3033.82	1	1
39.5056	33	0	1	LastDelay	0.003345	3345	1	1
39.8539	8	0	1	LastDelay	0.00645517	6455.17	1	1
39.886	5	0	1	LastDelay	0.00332031	3320.31	1	1
39.8926	39	0	1	LastDelay	0	0	1	0
39.9429	14	0	1	LastDelay	0	0	1	0
39.9815	38	0	1	LastDelay	0.003306	3306	1	1
40.0205	27	0	1	LastDelay	0	0	1	0
40.1646	4	0	1	LastDelay	0.00334518	3345.18	1	1
40.173	26	0	1	LastDelay	0	0	1	0
40.1973	6	0	1	LastDelay	0.00186018	1860.18	1	1
40.199	32	0	1	LastDelay	0	0	1	0
40.2136	2	0	1	LastDelay	0	0	1	0
40.2443	44	0	1	LastDelay	0	0	1	0
40.249	3	0	1	LastDelay	0	0	1	0
40.25	7	0	1	LastDelay	0	0	1	0
40.2525	12	0	1	LastDelay	0.0040906	4090.6	1	1
40.2859	1	0	1	LastDelay	0	0	1	0
40.2926	21	0	1	LastDelay	0	0	1	0
40.3283	10	0	1	LastDelay	0	0	1	0
40.3681	20	0	1	LastDelay	0	0	1	0
40.5023	33	0	1	LastDelay	0	0	1	0
40.5371	45	0	1	LastDelay	0.00335813	3358.13	1	1
40.6316	30	0	1	LastDelay	0.00333345	3333.45	1	1
40.8474	8	0	1	LastDelay	0	0	1	0
40.8827	5	0	1	LastDelay	0	0	1	0
40.9782	38	0	1	LastDelay	0	0	1	0
40.9935	36	0	1	LastDelay	0.00380952	3809.52	1	1
41.0238	27	0	1	LastDelay	0.003306	3306	1	1
41.1612	4	0	1	LastDelay	0	0	1	0
41.1954	6	0	1	LastDelay	0	0	1	0
41.2454	13	0	1	LastDelay	0.0515765	51576.5	1	1
41.2485	12	0	1	LastDelay	0	0	1	0
41.2925	1	0	1	LastDelay	0.00656376	6563.76	1	1
41.297	21	0	1	LastDelay	0.0043554	4355.4	1	1
41.3327	15	0	1	LastDelay	0.00256955	2569.55	1	1
41.5025	29	0	1	LastDelay	0.0706992	70699.2	1	1
41.5057	33	0	1	LastDelay	0.00335967	3359.67	1	1
41.5338	45	0	1	LastDelay	0	0	1	0
41.6283	30	0	1	LastDelay	0	0	1	0
41.8994	39	0	1	LastDelay	0.0067864	6786.4	1	1
41.9897	36	0	1	LastDelay	0	0	1	0
42.0205	27	0	1	LastDelay	0	0	1	0
42.1939	13	0	1	LastDelay	0	0	1	0
42.1987	6	0	1	LastDelay	0.00330623	3306.23	1	1
42.2169	2	0	1	LastDelay	0.00331913	3319.13	1	1
42.2429	0	0	1	LastDelay	0.0033061	3306.1	1	1
42.2602	7	0	1	LastDelay	0.0101323	10132.3	1	1
42.2859	1	0	1	LastDelay	0	0	1	0
42.2926	21	0	1	LastDelay	0	0	1	0
42.3302	15	0	1	LastDelay	0	0	1	0
42.3316	10	0	1	LastDelay	0.0033061	3306.1	1	1
42.4318	29	0	1	LastDelay	0	0	1	0
42.5023	33	0	1	LastDelay	0	0	1	0
42.886	5	0	1	LastDelay	0.00330605	3306.05	1	1
42.8926	39	0	1	LastDelay	0	0	1	0
43.0709	11	0	1	LastDelay	0.00276632	2766.32	1	1
43.1645	4	0	1	LastDelay	0.00330602	3306.02	1	1
43.1954	6	0	1	LastDelay	0	0	1	0
43.2006	13	0	1	LastDelay	0.00676089	6760.89	1	1
43.2136	2	0	1	LastDelay	0	0	1	0
43.2396	0	0	1	LastDelay	0	0	1	0
43.25	7	0	1	LastDelay	0	0	1	0
43.2518	12	0	1	LastDelay	0.00330721	3307.21	1	1
43.2872	1	0	1	LastDelay	0.00127965	1279.64	1	1
43.3283	10	0	1	LastDelay	0	0	1	0
43.3335	15	0	1	LastDelay	0.00330666	3306.66	1	1
43.8827	5	0	1	LastDelay	0	0	1	0
44.0682	11	0	1	LastDelay	0	0	1	0
44.0832	16	0	1	LastDelay	0.0156052	15605.2	1	1
44.0863	17	0	1	LastDelay	0.0134255	13425.5	1	1
44.1612	4	0	1	LastDelay	0	0	1	0
44.1939	13	0	1	LastDelay	0	0	1	0
44.2485	12	0	1	LastDelay	0	0	1	0
44.2513	7	0	1	LastDelay	0.00122478	1224.78	1	1
44.2859	1	0	1	LastDelay	0	0	1	0
44.3302	15	0	1	LastDelay	0	0	1	0
44.424	35	0	1	LastDelay	0.000288812	288.812	1	1
44.4324	29	0	1	LastDelay	0.000631635	631.635	1	1
44.886	5	0	1	LastDelay	0.00330756	3307.56	1	1
44.886	28	0	1	LastDelay	0.0013905	1390.51	1	1
44.9463	14	0	1	LastDelay	0.00332079	3320.79	1	1
45.0456	40	0	1	LastDelay	0.003319	3319	1	1
45.0676	16	0	1	LastDelay	0	0	1	0
45.0715	11	0	1	LastDelay	0.00330626	3306.26	1	1
45.0728	17	0	1	LastDelay	0	0	1	0
45.1972	6	0	1	LastDelay	0.00178162	1781.62	1	1
45.1972	13	0	1	LastDelay	0.00330683	3306.83	1	1
45.243	0	0	1	LastDelay	0.0033192	3319.2	1	1
45.2498	12	0	1	LastDelay	0.001362	1362	1	1
45.25	7	0	1	LastDelay	0	0	1	0
45.2848	42	0	1	LastDelay	0.003306	3306	1	1
45.292	1	0	1	LastDelay	0.00611138	6111.38	1	1
45.2983	23	0	1	LastDelay	0.00316429	3164.29	1	1
45.3351	15	0	1	LastDelay	0.00496687	4966.87	1	1
45.4176	22	0	1	LastDelay	0.00331912	3319.12	1	1
45.4237	35	0	1	LastDelay	0	0	1	0
45.4318	29	0	1	LastDelay	0	0	1	0
45.5012	41	0	1	LastDelay	0.003319	3319	1	1
45.6316	30	0	1	LastDelay	0.00330615	3306.15	1	1
45.8827	5	0	1	LastDelay	0	0	1	0
45.8846	28	0	1	LastDelay	0	0	1	0
45.923	18	0	1	LastDelay	0.0033193	3319.3	1	1
45.9429	14	0	1	LastDelay	0	0	1	0
45.9931	36	0	1	LastDelay	0.00334548	3345.48	1	1
46.0423	40	0	1	LastDelay	0	0	1	0
46.0682	11	0	1	LastDelay	0	0	1	0
46.0709	16	0	1	LastDelay	0.00334621	3346.21	1	1
46.0929	17	0	1	LastDelay	0.020016	20016	1	1
46.1486	46	0	1	LastDelay	0.006403	6403	1	1
46.1939	13	0	1	LastDelay	0	0	1	0
46.1954	6	0	1	LastDelay	0	0	1	0
46.2396	0	0	1	LastDelay	0	0	1	0
46.2485	12	0	1	LastDelay	0	0	1	0
46.2549	7	0	1	LastDelay	0.00489222	4892.22	1	1
46.2815	42	0	1	LastDelay	0	0	1	0
46.2859	1	0	1	LastDelay	0	0	1	0
46.2952	23	0	1	LastDelay	0	0	1	0
46.3302	15	0	1	LastDelay	0	0	1	0
46.3316	10	0	1	LastDelay	0.00331932	3319.32	1	1
46.4143	22	0	1	LastDelay	0	0	1	0
46.4332	29	0	1	LastDelay	0.00139936	1399.36	1	1
46.4979	41	0	1	LastDelay	0	0	1	0
46.5465	34	0	1	LastDelay	0.00330654	3306.54	1	1
46.5962	24	0	1	LastDelay	0.00332045	3320.45	1	1
46.6283	30	0	1	LastDelay	0	0	1	0
46.8879	28	0	1	LastDelay	0.003306	3306	1	1
46.9196	18	0	1	LastDelay	0	0	1	0
46.9463	14	0	1	LastDelay	0.00333385	3333.85	1	1
46.9897	36	0	1	LastDelay	0	0	1	0
47.0456	40	0	1	LastDelay	0.003306	3306	1	1
47.0676	16	0	1	LastDelay	0	0	1	0
47.0715	11	0	1	LastDelay	0.00333351	3333.51	1	1
47.0728	17	0	1	LastDelay	0	0	1	0
47.1422	46	0	1	LastDelay	0	0	1	0
47.1645	4	0	1	LastDelay	0.00330619	3306.19	1	1
47.2003	6	0	1	LastDelay	0.00489178	4891.77	1	1
47.2429	0	0	1	LastDelay	0.00330604	3306.04	1	1
47.2491	12	0	1	LastDelay	0.000661908	661.908	1	1
47.25	7	0	1	LastDelay	0	0	1	0
47.2879	1	0	1	LastDelay	0.00191833	1918.34	1	1
47.2985	23	0	1	LastDelay	0.00329495	3294.95	1	1
47.3283	10	0	1	LastDelay	0	0	1	0
47.3335	15	0	1	LastDelay	0.00330633	3306.33	1	1
47.3727	20	0	1	LastDelay	0.00454359	4543.59	1	1
47.4317	35	0	1	LastDelay	0.00801587	8015.87	1	1
47.4318	29	0	1	LastDelay	0	0	1	0
47.5432	34	0	1	LastDelay	0	0	1	0
47.5929	24	0	1	LastDelay	0	0	1	0
47.8846	28	0	1	LastDelay	0	0	1	0
47.9233	18	0	1	LastDelay	0.00366414	3664.14	1	1
47.9429	14	0	1	LastDelay	0	0	1	0
48.0423	40	0	1	LastDelay	0	0	1	0
48.0682	11	0	1	LastDelay	0	0	1	0
48.0743	17	0	1	LastDelay	0.00147025	1470.24	1	1
48.1612	4	0	1	LastDelay	0	0	1	0
48.1954	6	0	1	LastDelay	0	0	1	0
48.2037	32	0	1	LastDelay	0.00466381	4663.81	1	1
48.2396	0	0	1	LastDelay	0	0	1	0
48.2476	44	0	1	LastDelay	0.003306	3306	1	1
48.2485	12	0	1	LastDelay	0	0	1	0
48.2507	3	0	1	LastDelay	0.00165059	1650.6	1	1
48.2859	1	0	1	LastDelay	0	0	1	0
48.2952	23	0	1	LastDelay	0	0	1	0
48.3302	15	0	1	LastDelay	0	0	1	0
48.3681	20	0	1	LastDelay	0	0	1	0
48.3708	9	0	1	LastDelay	0.00330627	3306.27	1	1
48.4237	35	0	1	LastDelay	0	0	1	0
48.9196	18	0	1	LastDelay	0	0	1	0
48.9815	38	0	1	LastDelay	0.00330627	3306.27	1	1
49.0709	16	0	1	LastDelay	0.00330651	3306.51	1	1
49.0728	17	0	1	LastDelay	0	0	1	0
49.0771	11	0	1	LastDelay	0.00891536	8915.36	1	1
49.1645	4	0	1	LastDelay	0.00330616	3306.16	1	1
49.1768	26	0	1	LastDelay	0.00372226	3722.26	1	1
49.1982	6	0	1	LastDelay	0.00283743	2837.43	1	1
49.199	32	0	1	LastDelay	0	0	1	0
49.2443	44	0	1	LastDelay	0	0	1	0
49.249	3	0	1	LastDelay	0	0	1	0
49.2521	12	0	1	LastDelay	0.00365957	3659.57	1	1
49.2521	7	0	1	LastDelay	0.00208886	2088.86	1	1
49.2906	1	0	1	LastDelay	0.00466722	4667.23	1	1
49.2968	21	0	1	LastDelay	0.00415536	4155.36	1	1
49.3323	15	0	1	LastDelay	0.00217395	2173.95	1	1
49.3675	9	0	1	LastDelay	0	0	1	0
49.8508	8	0	1	LastDelay	0.00335888	3358.88	1	1
49.9782	38	0	1	LastDelay	0	0	1	0
50.0676	16	0	1	LastDelay	0	0	1	0
50.0682	11	0	1	LastDelay	0	0	1	0
50.0792	17	0	1	LastDelay	0.00639088	6390.88	1	1
50.1612	4	0	1	LastDelay	0	0	1	0
50.173	26	0	1	LastDelay	0	0	1	0
50.1954	6	0	1	LastDelay	0	0	1	0
50.243	0	0	1	LastDelay	0.00333265	3332.65	1	1
50.2485	12	0	1	LastDelay	0	0	1	0
50.25	7	0	1	LastDelay	0	0	1	0
50.2859	1	0	1	LastDelay	0	0	1	0
50.2926	21	0	1	LastDelay	0	0	1	0
50.3302	15	0	1	LastDelay	0	0	1	0
50.3316	10	0	1	LastDelay	0.00330602	3306.02	1	1
50.8474	8	0	1	LastDelay	0	0	1	0
50.9463	14	0	1	LastDelay	0.00330702	3307.02	1	1
51.0713	11	0	1	LastDelay	0.00308269	3082.69	1	1
51.0728	17	0	1	LastDelay	0	0	1	0
51.1979	6	0	1	LastDelay	0.00248144	2481.44	1	1
51.2396	0	0	1	LastDelay	0	0	1	0
51.2597	7	0	1	LastDelay	0.00968616	9686.16	1	1
51.3283	10	0	1	LastDelay	0	0	1	0
51.3335	15	0	1	LastDelay	0.00330618	3306.18	1	1
51.886	5	0	1	LastDelay	0.00330605	3306.05	1	1
51.9429	14	0	1	LastDelay	0	0	1	0
52.0682	11	0	1	LastDelay	0	0	1	0
52.0857	17	0	1	LastDelay	0.0128258	12825.8	1	1
52.1645	4	0	1	LastDelay	0.00330611	3306.11	1	1
52.1954	6	0	1	LastDelay	0	0	1	0
52.2429	0	0	1	LastDelay	0.00330612	3306.12	1	1
52.2491	12	0	1	LastDelay	0.000649092	649.092	1	1
52.25	7	0	1	LastDelay	0	0	1	0
52.2934	21	0	1	LastDelay	0.000833501	833.501	1	1
52.3302	15	0	1	LastDelay	0	0	1	0
52.8827	5	0	1	LastDelay	0	0	1	0
52.8959	39	0	1	LastDelay	0.0033205	3320.5	1	1
53.0728	17	0	1	LastDelay	0	0	1	0
53.074	11	0	1	LastDelay	0.00578549	5785.49	1	1
53.074	16	0	1	LastDelay	0.00637829	6378.29	1	1
53.1612	4	0	1	LastDelay	0	0	1	0
53.1972	6	0	1	LastDelay	0.00178193	1781.93	1	1
53.2277	2	0	1	LastDelay	0.0141835	14183.5	1	1
53.2396	0	0	1	LastDelay	0	0	1	0
53.2485	12	0	1	LastDelay	0	0	1	0
53.2926	21	0	1	LastDelay	0	0	1	0
53.3388	15	0	1	LastDelay	0.00868853	8688.53	1	1
53.4211	22	0	1	LastDelay	0.00672502	6725.02	1	1
53.8926	39	0	1	LastDelay	0	0	1	0
54.0499	19	0	1	LastDelay	0.0112559	11255.9	1	1
54.0676	16	0	1	LastDelay	0	0	1	0
54.0682	11	0	1	LastDelay	0	0	1	0
54.1954	6	0	1	LastDelay	0	0	1	0
54.2136	2	0	1	LastDelay	0	0	1	0
54.2561	7	0	1	LastDelay	0.00609488	6094.88	1	1
54.2665	12	0	1	LastDelay	0.0180342	18034.2	1	1
54.2863	1	0	1	LastDelay	0.000379625	379.625	1	1
54.298	21	0	1	LastDelay	0.00542563	5425.63	1	1
54.3287	10	0	1	LastDelay	0.000435762	435.762	1	1
54.3302	15	0	1	LastDelay	0	0	1	0
54.4143	22	0	1	LastDelay	0	0	1	0
54.4339	29	0	1	LastDelay	0.00210539	2105.39	1	1
54.8863	28	0	1	LastDelay	0.00174662	1746.62	1	1
55.0386	19	0	1	LastDelay	0	0	1	0
55.0487	40	0	1	LastDelay	0.00639137	6391.37	1	1
55.074	17	0	1	LastDelay	0.00115365	1153.65	1	1
55.074	11	0	1	LastDelay	0.00581193	5811.93	1	1
55.074	16	0	1	LastDelay	0.00640474	6404.74	1	1
55.146	46	0	1	LastDelay	0.0037837	3783.7	1	1
55.1646	4	0	1	LastDelay	0.00333202	3332.02	1	1
55.2003	6	0	1	LastDelay	0.0048792	4879.2	1	1
55.2429	0	0	1	LastDelay	0.0033061	3306.1	1	1
55.2485	12	0	1	LastDelay	0	0	1	0
55.25	7	0	1	LastDelay	0	0	1	0
55.2859	1	0	1	LastDelay	0	0	1	0
55.2926	21	0	1	LastDelay	0	0	1	0
55.2989	23	0	1	LastDelay	0.00370283	3702.83	1	1
55.3283	10	0	1	LastDelay	0	0	1	0
55.4318	29	0	1	LastDelay	0	0	1	0
55.8846	28	0	1	LastDelay	0	0	1	0
55.886	5	0	1	LastDelay	0.00331905	3319.05	1	1
55.9458	14	0	1	LastDelay	0.00287837	2878.37	1	1
56.0423	40	0	1	LastDelay	0	0	1	0
56.0482	19	0	1	LastDelay	0.00954037	9540.37	1	1
56.0676	16	0	1	LastDelay	0	0	1	0
56.0682	11	0	1	LastDelay	0	0	1	0
56.0728	17	0	1	LastDelay	0	0	1	0
56.1422	46	0	1	LastDelay	0	0	1	0
56.1612	4	0	1	LastDelay	0	0	1	0
56.1954	6	0	1	LastDelay	0	0	1	0
56.2396	0	0	1	LastDelay	0	0	1	0
56.256	7	0	1	LastDelay	0.00599584	5995.84	1	1
56.2877	1	0	1	LastDelay	0.00179014	1790.14	1	1
56.2952	23	0	1	LastDelay	0	0	1	0
56.2953	21	0	1	LastDelay	0.00267877	2678.77	1	1
56.3327	15	0	1	LastDelay	0.00249119	2491.19	1	1
56.4238	22	0	1	LastDelay	0.00951559	9515.59	1	1
56.4238	35	0	1	LastDelay	0.000154076	154.076	1	1
56.5962	24	0	1	LastDelay	0.00333276	3332.76	1	1
56.8827	5	0	1	LastDelay	0	0	1	0
56.9429	14	0	1	LastDelay	0	0	1	0
57.0386	19	0	1	LastDelay	0	0	1	0
57.0883	17	0	1	LastDelay	0.0155011	15501.1	1	1
57.1645	4	0	1	LastDelay	0.00330627	3306.27	1	1
57.1972	13	0	1	LastDelay	0.00331905	3319.05	1	1
57.2429	0	0	1	LastDelay	0.00330612	3306.12	1	1
57.2499	12	0	1	LastDelay	0.00140481	1404.81	1	1
57.25	7	0	1	LastDelay	0	0	1	0
57.2829	42	0	1	LastDelay	0.00143753	1437.53	1	1
57.2859	1	0	1	LastDelay	0	0	1	0
57.2926	21	0	1	LastDelay	0	0	1	0
57.2973	23	0	1	LastDelay	0.00215307	2153.07	1	1
57.3302	15	0	1	LastDelay	0	0	1	0
57.3316	10	0	1	LastDelay	0.00330602	3306.02	1	1
57.4143	22	0	1	LastDelay	0	0	1	0
57.4237	35	0	1	LastDelay	0	0	1	0
57.5929	24	0	1	LastDelay	0	0	1	0
57.993	36	0	1	LastDelay	0.00330728	3307.28	1	1
58.042	19	0	1	LastDelay	0.00330681	3306.81	1	1
58.0709	16	0	1	LastDelay	0.00330605	3306.05	1	1
58.0709	11	0	1	LastDelay	0.00271332	2713.32	1	1
58.0728	17	0	1	LastDelay	0	0	1	0
58.1612	4	0	1	LastDelay	0	0	1	0
58.1939	13	0	1	LastDelay	0	0	1	0
58.1987	6	0	1	LastDelay	0.00330687	3306.87	1	1
58.2396	0	0	1	LastDelay	0	0	1	0
58.2485	12	0	1	LastDelay	0	0	1	0
58.2815	42	0	1	LastDelay	0	0	1	0
58.2952	23	0	1	LastDelay	0	0	1	0
58.3283	10	0	1	LastDelay	0	0	1	0
58.3335	15	0	1	LastDelay	0.00330616	3306.16	1	1
58.4342	29	0	1	LastDelay	0.00247051	2470.51	1	1
58.9897	36	0	1	LastDelay	0	0	1	0
59.0386	19	0	1	LastDelay	0	0	1	0
59.0676	16	0	1	LastDelay	0	0	1	0
59.0682	11	0	1	LastDelay	0	0	1	0
59.1954	6	0	1	LastDelay	0	0	1	0
59.2495	12	0	1	LastDelay	0.00104967	1049.67	1	1
59.2959	21	0	1	LastDelay	0.00331907	3319.07	1	1
59.3004	23	0	1	LastDelay	0.00522309	5223.1	1	1
59.3302	15	0	1	LastDelay	0	0	1	0
59.4318	29	0	1	LastDelay	0	0	1	0
59.8908	28	0	1	LastDelay	0.0062297	6229.7	1	1
60.0709	11	0	1	LastDelay	0.00271332	2713.32	1	1
60.0709	16	0	1	LastDelay	0.00330615	3306.15	1	1
60.074	17	0	1	LastDelay	0.00113944	1139.44	1	1
60.2429	0	0	1	LastDelay	0.00330605	3306.05	1	1
60.2485	12	0	1	LastDelay	0	0	1	0
60.2867	1	0	1	LastDelay	0.000772548	772.548	1	1
60.2926	21	0	1	LastDelay	0	0	1	0
60.2952	23	0	1	LastDelay	0	0	1	0
60.3326	15	0	1	LastDelay	0.00246528	2465.28	1	1
60.4388	29	0	1	LastDelay	0.00707722	7077.22	1	1
60.5012	41	0	1	LastDelay	0.00331911	3319.11	1	1
60.8846	28	0	1	LastDelay	0	0	1	0
60.886	5	0	1	LastDelay	0.00330615	3306.15	1	1
60.9229	18	0	1	LastDelay	0.00330647	3306.47	1	1
61.0425	19	0	1	LastDelay	0.00380873	3808.73	1	1
61.049	40	0	1	LastDelay	0.00667804	6678.04	1	1
61.0676	16	0	1	LastDelay	0	0	1	0
61.0682	11	0	1	LastDelay	0	0	1	0
61.0728	17	0	1	LastDelay	0	0	1	0
61.1455	46	0	1	LastDelay	0.003306	3306	1	1
61.1645	4	0	1	LastDelay	0.00330636	3306.36	1	1
61.2396	0	0	1	LastDelay	0	0	1	0
61.2518	12	0	1	LastDelay	0.00331915	3319.15	1	1
61.2859	1	0	1	LastDelay	0	0	1	0
61.3058	23	0	1	LastDelay	0.0105887	10588.7	1	1
61.3302	15	0	1	LastDelay	0	0	1	0
61.3304	10	0	1	LastDelay	0.00210558	2105.57	1	1
61.4318	29	0	1	LastDelay	0	0	1	0
61.4979	41	0	1	LastDelay	0	0	1	0
61.5962	24	0	1	LastDelay	0.00330673	3306.73	1	1
61.8827	5	0	1	LastDelay	0	0	1	0
61.9196	18	0	1	LastDelay	0	0	1	0
62.0386	19	0	1	LastDelay	0	0	1	0
62.0423	40	0	1	LastDelay	0	0	1	0
62.0747	11	0	1	LastDelay	0.0065248	6524.8	1	1
62.0747	17	0	1	LastDelay	0.00186661	1866.61	1	1
62.1422	46	0	1	LastDelay	0	0	1	0
62.1612	4	0	1	LastDelay	0	0	1	0
62.1996	6	0	1	LastDelay	0.0042363	4236.3	1	1
62.243	0	0	1	LastDelay	0.00331902	3319.02	1	1
62.2485	12	0	1	LastDelay	0	0	1	0
62.2907	1	0	1	LastDelay	0.00481102	4811.02	1	1
62.2952	23	0	1	LastDelay	0	0	1	0
62.3283	10	0	1	LastDelay	0	0	1	0
62.3335	15	0	1	LastDelay	0.00330614	3306.14	1	1
62.3714	20	0	1	LastDelay	0.00330607	3306.07	1	1
62.4422	29	0	1	LastDelay	0.0104257	10425.7	1	1
62.5929	24	0	1	LastDelay	0	0	1	0
62.9229	18	0	1	LastDelay	0.00330605	3306.05	1	1
62.9465	14	0	1	LastDelay	0.00356447	3564.47	1	1
63.0402	19	0	1	LastDelay	0.00159572	1595.72	1	1
63.0682	11	0	1	LastDelay	0	0	1	0
63.0699	16	0	1	LastDelay	0.00236491	2364.91	1	1
63.0728	17	0	1	LastDelay	0	0	1	0
63.1786	26	0	1	LastDelay	0.00559304	5593.04	1	1
63.1954	6	0	1	LastDelay	0	0	1	0
63.2002	13	0	1	LastDelay	0.00637731	6377.31	1	1
63.2024	32	0	1	LastDelay	0.00331993	3319.93	1	1
63.2396	0	0	1	LastDelay	0	0	1	0
63.2476	44	0	1	LastDelay	0.003306	3306	1	1
63.2511	3	0	1	LastDelay	0.00205877	2058.77	1	1
63.2533	7	0	1	LastDelay	0.00330626	3306.26	1	1
63.263	12	0	1	LastDelay	0.0145751	14575.1	1	1
63.2859	1	0	1	LastDelay	0	0	1	0
63.2871	42	0	1	LastDelay	0.00565766	5657.65	1	1
63.2959	21	0	1	LastDelay	0.00333221	3332.21	1	1
63.2993	23	0	1	LastDelay	0.00416532	4165.31	1	1
63.3302	15	0	1	LastDelay	0	0	1	0
63.3326	10	0	1	LastDelay	0.00427502	4275.02	1	1
63.3681	20	0	1	LastDelay	0	0	1	0
63.3718	9	0	1	LastDelay	0.00429462	4294.62	1	1
63.4318	29	0	1	LastDelay	0	0	1	0
63.9196	18	0	1	LastDelay	0	0	1	0
63.9429	14	0	1	LastDelay	0	0	1	0
63.9816	38	0	1	LastDelay	0.00338411	3384.11	1	1
63.9942	36	0	1	LastDelay	0.00450136	4501.36	1	1
64.0386	19	0	1	LastDelay	0	0	1	0
64.0676	16	0	1	LastDelay	0	0	1	0
64.0783	17	0	1	LastDelay	0.00550326	5503.26	1	1
64.173	26	0	1	LastDelay	0	0	1	0
64.1939	13	0	1	LastDelay	0	0	1	0
64.199	32	0	1	LastDelay	0	0	1	0
64.2443	44	0	1	LastDelay	0	0	1	0
64.2485	12	0	1	LastDelay	0	0	1	0
64.249	3	0	1	LastDelay	0	0	1	0
64.25	7	0	1	LastDelay	0	0	1	0
64.2815	42	0	1	LastDelay	0	0	1	0
64.2926	21	0	1	LastDelay	0	0	1	0
64.2952	23	0	1	LastDelay	0	0	1	0
64.3283	10	0	1	LastDelay	0	0	1	0
64.3675	9	0	1	LastDelay	0	0	1	0
64.9233	18	0	1	LastDelay	0.00364937	3649.37	1	1
64.9782	38	0	1	LastDelay	0	0	1	0
64.9897	36	0	1	LastDelay	0	0	1	0
65.0709	11	0	1	LastDelay	0.00271337	2713.37	1	1
65.0709	16	0	1	LastDelay	0.0033062	3306.2	1	1
65.0728	17	0	1	LastDelay	0	0	1	0
65.1645	4	0	1	LastDelay	0.00330631	3306.31	1	1
65.1762	26	0	1	LastDelay	0.00319529	3195.29	1	1
65.1966	6	0	1	LastDelay	0.001168	1167.99	1	1
65.2031	32	0	1	LastDelay	0.00410207	4102.06	1	1
65.2558	3	0	1	LastDelay	0.00678616	6786.16	1	1
65.2589	12	0	1	LastDelay	0.0104531	10453.1	1	1
65.3024	23	0	1	LastDelay	0.00723638	7236.38	1	1
65.3296	10	0	1	LastDelay	0.00134468	1344.68	1	1
65.3371	15	0	1	LastDelay	0.00698037	6980.37	1	1
65.3745	20	0	1	LastDelay	0.00636023	6360.23	1	1
65.4176	22	0	1	LastDelay	0.00330602	3306.02	1	1
65.886	5	0	1	LastDelay	0.00330602	3306.02	1	1
65.9196	18	0	1	LastDelay	0	0	1	0
65.9463	14	0	1	LastDelay	0.00331902	3319.02	1	1
65.9816	38	0	1	LastDelay	0.00339711	3397.11	1	1
66.0238	27	0	1	LastDelay	0.00330707	3307.07	1	1
66.0676	16	0	1	LastDelay	0	0	1	0
66.0682	11	0	1	LastDelay	0	0	1	0
66.0792	17	0	1	LastDelay	0.00637821	6378.21	1	1
66.1612	4	0	1	LastDelay	0	0	1	0
66.173	26	0	1	LastDelay	0	0	1	0
66.1954	6	0	1	LastDelay	0	0	1	0
66.199	32	0	1	LastDelay	0	0	1	0
66.2169	2	0	1	LastDelay	0.00333343	3333.43	1	1
66.2485	12	0	1	LastDelay	0	0	1	0
66.249	3	0	1	LastDelay	0	0	1	0
66.2534	44	0	1	LastDelay	0.00909376	9093.76	1	1
66.2952	23	0	1	LastDelay	0	0	1	0
66.2959	21	0	1	LastDelay	0.00330621	3306.21	1	1
66.3283	10	0	1	LastDelay	0	0	1	0
66.3302	15	0	1	LastDelay	0	0	1	0
66.3681	20	0	1	LastDelay	0	0	1	0
66.4143	22	0	1	LastDelay	0	0	1	0
66.5056	33	0	1	LastDelay	0.00330618	3306.18	1	1
66.8827	5	0	1	LastDelay	0	0	1	0
66.9218	18	0	1	LastDelay	0.002147	2147	1	1
66.9429	14	0	1	LastDelay	0	0	1	0
66.9782	38	0	1	LastDelay	0	0	1	0
67.0205	27	0	1	LastDelay	0	0	1	0
67.0713	11	0	1	LastDelay	0.00309717	3097.17	1	1
67.0728	17	0	1	LastDelay	0	0	1	0
67.201	6	0	1	LastDelay	0.00563797	5637.97	1	1
67.2136	2	0	1	LastDelay	0	0	1	0
67.2443	44	0	1	LastDelay	0	0	1	0
67.2509	12	0	1	LastDelay	0.00241685	2416.86	1	1
67.2926	21	0	1	LastDelay	0	0	1	0
67.2985	23	0	1	LastDelay	0.00330621	3306.21	1	1
67.333	15	0	1	LastDelay	0.00288618	2886.18	1	1
67.5023	33	0	1	LastDelay	0	0	1	0
67.8932	28	0	1	LastDelay	0.00865491	8654.91	1	1
67.9196	18	0	1	LastDelay	0	0	1	0
68.0682	11	0	1	LastDelay	0	0	1	0
68.0709	16	0	1	LastDelay	0.00330633	3306.33	1	1
68.0777	17	0	1	LastDelay	0.00490974	4909.74	1	1
68.1751	26	0	1	LastDelay	0.00211245	2112.45	1	1
68.1954	6	0	1	LastDelay	0	0	1	0
68.2433	0	0	1	LastDelay	0.00363631	3636.31	1	1
68.2485	12	0	1	LastDelay	0	0	1	0
68.2867	1	0	1	LastDelay	0.000774124	774.124	1	1
68.2952	23	0	1	LastDelay	0	0	1	0
68.299	21	0	1	LastDelay	0.00637747	6377.47	1	1
68.3302	15	0	1	LastDelay	0	0	1	0
68.3316	10	0	1	LastDelay	0.0033061	3306.1	1	1
68.8846	28	0	1	LastDelay	0	0	1	0
68.9045	25	0	1	LastDelay	0.000463637	463.637	1	1
68.9224	18	0	1	LastDelay	0.00273518	2735.18	1	1
68.9433	14	0	1	LastDelay	0.000369137	369.137	1	1
69.0676	16	0	1	LastDelay	0	0	1	0
69.0728	17	0	1	LastDelay	0	0	1	0
69.173	26	0	1	LastDelay	0	0	1	0
69.2396	0	0	1	LastDelay	0	0	1	0
69.2555	7	0	1	LastDelay	0.00547123	5471.23	1	1
69.2859	1	0	1	LastDelay	0	0	1	0
69.2926	21	0	1	LastDelay	0	0	1	0
69.3283	10	0	1	LastDelay	0	0	1	0
69.904	25	0	1	LastDelay	0	0	1	0
69.9196	18	0	1	LastDelay	0	0	1	0
69.9429	14	0	1	LastDelay	0	0	1	0
70.0445	40	0	1	LastDelay	0.0021701	2170.1	1	1
70.25	7	0	1	LastDelay	0	0	1	0
70.2977	23	0	1	LastDelay	0.00257038	2570.38	1	1
70.3323	15	0	1	LastDelay	0.00210913	2109.13	1	1
70.3714	20	0	1	LastDelay	0.00330621	3306.21	1	1
70.8898	28	0	1	LastDelay	0.00525264	5252.64	1	1
70.9057	25	0	1	LastDelay	0.00163847	1638.47	1	1
70.993	36	0	1	LastDelay	0.003319	3319	1	1
71.0423	40	0	1	LastDelay	0	0	1	0
71.0716	11	0	1	LastDelay	0.00345186	3451.86	1	1
71.0846	17	0	1	LastDelay	0.0118048	11804.8	1	1
71.1755	26	0	1	LastDelay	0.00244368	2443.68	1	1
71.196	6	0	1	LastDelay	0.000654015	654.015	1	1
71.2429	0	0	1	LastDelay	0.00330632	3306.32	1	1
71.2501	12	0	1	LastDelay	0.00166749	1667.49	1	1
71.2938	21	0	1	LastDelay	0.00123558	1235.58	1	1
71.2952	23	0	1	LastDelay	0	0	1	0
71.2957	1	0	1	LastDelay	0.00975521	9755.21	1	1
71.3302	15	0	1	LastDelay	0	0	1	0
71.3681	20	0	1	LastDelay	0	0	1	0
71.4207	22	0	1	LastDelay	0.00641627	6416.27	1	1
71.4372	35	0	1	LastDelay	0.0135345	13534.5	1	1
71.4493	29	0	1	LastDelay	0.0175128	17512.8	1	1
71.8846	28	0	1	LastDelay	0	0	1	0
71.904	25	0	1	LastDelay	0	0	1	0
71.9229	18	0	1	LastDelay	0.0033061	3306.1	1	1
71.9452	14	0	1	LastDelay	0.00221454	2214.54	1	1
71.9897	36	0	1	LastDelay	0	0	1	0
72.0238	27	0	1	LastDelay	0.00330621	3306.21	1	1
72.0456	19	0	1	LastDelay	0.00697537	6975.37	1	1
72.0456	40	0	1	LastDelay	0.00333211	3332.11	1	1
72.0682	11	0	1	LastDelay	0	0	1	0
72.0728	17	0	1	LastDelay	0	0	1	0
72.1455	46	0	1	LastDelay	0.00330611	3306.11	1	1
72.1646	4	0	1	LastDelay	0.00334504	3345.04	1	1
72.173	26	0	1	LastDelay	0	0	1	0
72.1954	6	0	1	LastDelay	0	0	1	0
72.2396	0	0	1	LastDelay	0	0	1	0
72.2485	12	0	1	LastDelay	0	0	1	0
72.2848	42	0	1	LastDelay	0.00330771	3307.71	1	1
72.2859	1	0	1	LastDelay	0	0	1	0
72.2926	21	0	1	LastDelay	0	0	1	0
72.305	23	0	1	LastDelay	0.00986046	9860.46	1	1
72.3316	10	0	1	LastDelay	0.00331902	3319.02	1	1
72.3354	15	0	1	LastDelay	0.0052075	5207.5	1	1
72.3697	20	0	1	LastDelay	0.00160482	1604.82	1	1
72.4143	22	0	1	LastDelay	0	0	1	0
72.4237	35	0	1	LastDelay	0	0	1	0
72.4318	29	0	1	LastDelay	0	0	1	0
72.5012	41	0	1	LastDelay	0.00330613	3306.13	1	1
72.886	5	0	1	LastDelay	0.00330615	3306.15	1	1
72.889	28	0	1	LastDelay	0.00444749	4447.49	1	1
72.9089	25	0	1	LastDelay	0.00486211	4862.11	1	1
72.9196	18	0	1	LastDelay	0	0	1	0
72.9429	14	0	1	LastDelay	0	0	1	0
72.993	36	0	1	LastDelay	0.003319	3319	1	1
73.0205	27	0	1	LastDelay	0	0	1	0
73.0386	19	0	1	LastDelay	0	0	1	0
73.0423	40	0	1	LastDelay	0	0	1	0
73.0709	16	0	1	LastDelay	0.00330605	3306.05	1	1
73.0709	11	0	1	LastDelay	0.00271333	2713.33	1	1
73.0774	17	0	1	LastDelay	0.00454116	4541.16	1	1
73.1422	46	0	1	LastDelay	0	0	1	0
73.1612	4	0	1	LastDelay	0	0	1	0
73.1965	6	0	1	LastDelay	0.00115596	1155.96	1	1
73.2429	0	0	1	LastDelay	0.00330607	3306.07	1	1
73.2621	12	0	1	LastDelay	0.0136459	13645.9	1	1
73.2815	42	0	1	LastDelay	0	0	1	0
73.2888	1	0	1	LastDelay	0.00283516	2835.16	1	1
73.2952	23	0	1	LastDelay	0	0	1	0
73.2954	21	0	1	LastDelay	0.0027972	2797.2	1	1
73.3283	10	0	1	LastDelay	0	0	1	0
73.3302	15	0	1	LastDelay	0	0	1	0
73.3681	20	0	1	LastDelay	0	0	1	0
73.4176	22	0	1	LastDelay	0.00330602	3306.02	1	1
73.4272	35	0	1	LastDelay	0.00346511	3465.11	1	1
73.4337	29	0	1	LastDelay	0.00196712	1967.12	1	1
73.4979	41	0	1	LastDelay	0	0	1	0
73.8827	5	0	1	LastDelay	0	0	1	0
73.8846	28	0	1	LastDelay	0	0	1	0
73.904	25	0	1	LastDelay	0	0	1	0
73.926	18	0	1	LastDelay	0.00639025	6390.25	1	1
73.9435	14	0	1	LastDelay	0.000542958	542.958	1	1
73.9897	36	0	1	LastDelay	0	0	1	0
74.059	40	0	1	LastDelay	0.0167486	16748.6	1	1
74.0676	16	0	1	LastDelay	0	0	1	0
74.0682	11	0	1	LastDelay	0	0	1	0
74.0728	17	0	1	LastDelay	0	0	1	0
74.1859	26	0	1	LastDelay	0.0129128	12912.8	1	1
74.1954	6	0	1	LastDelay	0	0	1	0
74.2023	32	0	1	LastDelay	0.00331074	3310.74	1	1
74.2064	13	0	1	LastDelay	0.0125812	12581.2	1	1
74.2396	0	0	1	LastDelay	0	0	1	0
74.2476	44	0	1	LastDelay	0.00333276	3332.76	1	1
74.2485	12	0	1	LastDelay	0	0	1	0
74.2524	3	0	1	LastDelay	0.00337111	3371.11	1	1
74.2859	1	0	1	LastDelay	0	0	1	0
74.2926	21	0	1	LastDelay	0	0	1	0
74.2987	23	0	1	LastDelay	0.00347867	3478.66	1	1
74.3461	15	0	1	LastDelay	0.0159117	15911.7	1	1
74.3693	20	0	1	LastDelay	0.00120774	1207.74	1	1
74.4143	22	0	1	LastDelay	0	0	1	0
74.4237	35	0	1	LastDelay	0	0	1	0
74.4318	29	0	1	LastDelay	0	0	1	0
74.5962	24	0	1	LastDelay	0.00333214	3332.14	1	1
74.886	5	0	1	LastDelay	0.0033062	3306.2	1	1
74.886	28	0	1	LastDelay	0.00138942	1389.42	1	1
74.9051	25	0	1	LastDelay	0.00109087	1090.87	1	1
74.9196	18	0	1	LastDelay	0	0	1	0
74.9429	14	0	1	LastDelay	0	0	1	0
74.9815	38	0	1	LastDelay	0.003345	3345	1	1
75.0238	27	0	1	LastDelay	0.00330672	3306.72	1	1
75.0423	40	0	1	LastDelay	0	0	1	0
75.075	11	0	1	LastDelay	0.00686805	6868.05	1	1
75.075	17	0	1	LastDelay	0.00220991	2209.91	1	1
75.173	26	0	1	LastDelay	0	0	1	0
75.1939	13	0	1	LastDelay	0	0	1	0
75.1987	6	0	1	LastDelay	0.0033195	3319.5	1	1
75.199	32	0	1	LastDelay	0	0	1	0
75.2429	0	0	1	LastDelay	0.0033061	3306.1	1	1
75.2443	44	0	1	LastDelay	0	0	1	0
75.249	3	0	1	LastDelay	0	0	1	0
75.2494	12	0	1	LastDelay	0.000992258	992.258	1	1
75.2952	23	0	1	LastDelay	0	0	1	0
75.299	21	0	1	LastDelay	0.00639068	6390.68	1	1
75.3302	15	0	1	LastDelay	0	0	1	0
75.3316	10	0	1	LastDelay	0.00330606	3306.06	1	1
75.3681	20	0	1	LastDelay	0	0	1	0
75.4176	22	0	1	LastDelay	0.00330606	3306.06	1	1
75.4342	29	0	1	LastDelay	0.00241296	2412.96	1	1
75.5056	33	0	1	LastDelay	0.00330789	3307.89	1	1
75.5929	24	0	1	LastDelay	0	0	1	0
75.8827	5	0	1	LastDelay	0	0	1	0
75.8846	28	0	1	LastDelay	0	0	1	0
75.904	25	0	1	LastDelay	0	0	1	0
75.9229	18	0	1	LastDelay	0.0033062	3306.2	1	1
75.9456	14	0	1	LastDelay	0.0026235	2623.51	1	1
75.9782	38	0	1	LastDelay	0	0	1	0
76.0205	27	0	1	LastDelay	0	0	1	0
76.0682	11	0	1	LastDelay	0	0	1	0
76.0709	16	0	1	LastDelay	0.00330602	3306.02	1	1
76.0728	17	0	1	LastDelay	0	0	1	0
76.1645	4	0	1	LastDelay	0.00330606	3306.06	1	1
76.1742	26	0	1	LastDelay	0.00117241	1172.4	1	1
76.1954	6	0	1	LastDelay	0	0	1	0
76.2002	32	0	1	LastDelay	0.0011818	1181.8	1	1
76.2396	0	0	1	LastDelay	0	0	1	0
76.2485	12	0	1	LastDelay	0	0	1	0
76.2926	21	0	1	LastDelay	0	0	1	0
76.3283	10	0	1	LastDelay	0	0	1	0
76.3708	20	0	1	LastDelay	0.00265263	2652.63	1	1
76.4143	22	0	1	LastDelay	0	0	1	0
76.4318	29	0	1	LastDelay	0	0	1	0
76.5023	33	0	1	LastDelay	0	0	1	0
76.8998	28	0	1	LastDelay	0.0151942	15194.2	1	1
76.9196	18	0	1	LastDelay	0	0	1	0
76.9429	14	0	1	LastDelay	0	0	1	0
77.0238	27	0	1	LastDelay	0.00331918	3319.18	1	1
77.0676	16	0	1	LastDelay	0	0	1	0
77.0763	17	0	1	LastDelay	0.00346058	3460.59	1	1
77.1612	4	0	1	LastDelay	0	0	1	0
77.173	26	0	1	LastDelay	0	0	1	0
77.199	32	0	1	LastDelay	0	0	1	0
77.1996	6	0	1	LastDelay	0.00423877	4238.77	1	1
77.2512	12	0	1	LastDelay	0.00270987	2709.87	1	1
77.2959	23	0	1	LastDelay	0.000737767	737.767	1	1
77.342	15	0	1	LastDelay	0.0118515	11851.5	1	1
77.3681	20	0	1	LastDelay	0	0	1	0
77.4341	29	0	1	LastDelay	0.00233227	2332.27	1	1
77.5465	34	0	1	LastDelay	0.00332074	3320.74	1	1
77.8846	28	0	1	LastDelay	0	0	1	0
77.9062	25	0	1	LastDelay	0.00213852	2138.52	1	1
77.9206	18	0	1	LastDelay	0.000969321	969.321	1	1
77.945	14	0	1	LastDelay	0.00204556	2045.56	1	1
78.0205	27	0	1	LastDelay	0	0	1	0
78.0709	16	0	1	LastDelay	0.00330615	3306.15	1	1
78.0728	17	0	1	LastDelay	0	0	1	0
78.077	11	0	1	LastDelay	0.00885677	8856.77	1	1
78.1486	46	0	1	LastDelay	0.00637868	6378.68	1	1
78.1824	26	0	1	LastDelay	0.0094157	9415.7	1	1
78.1954	6	0	1	LastDelay	0	0	1	0
78.1986	13	0	1	LastDelay	0.00469135	4691.35	1	1
78.2407	0	0	1	LastDelay	0.00106755	1067.55	1	1
78.2485	12	0	1	LastDelay	0	0	1	0
78.2867	1	0	1	LastDelay	0.000746173	746.173	1	1
78.2867	42	0	1	LastDelay	0.00520644	5206.44	1	1
78.2952	23	0	1	LastDelay	0	0	1	0
78.2959	21	0	1	LastDelay	0.0033062	3306.2	1	1
78.3302	15	0	1	LastDelay	0	0	1	0
78.338	10	0	1	LastDelay	0.00970601	9706.01	1	1
78.4176	22	0	1	LastDelay	0.00331916	3319.16	1	1
78.4318	29	0	1	LastDelay	0	0	1	0
78.5432	34	0	1	LastDelay	0	0	1	0
78.5962	24	0	1	LastDelay	0.00330652	3306.52	1	1
78.6477	30	0	1	LastDelay	0.0194275	19427.5	1	1
78.8863	28	0	1	LastDelay	0.0017324	1732.4	1	1
78.904	25	0	1	LastDelay	0	0	1	0
78.9196	18	0	1	LastDelay	0	0	1	0
78.9429	14	0	1	LastDelay	0	0	1	0
78.993	36	0	1	LastDelay	0.00331909	3319.09	1	1
79.042	19	0	1	LastDelay	0.00335807	3358.07	1	1
79.0481	40	0	1	LastDelay	0.0058599	5859.9	1	1
79.0676	16	0	1	LastDelay	0	0	1	0
79.0682	11	0	1	LastDelay	0	0	1	0
79.1422	46	0	1	LastDelay	0	0	1	0
79.1645	4	0	1	LastDelay	0.00330607	3306.07	1	1
79.173	26	0	1	LastDelay	0	0	1	0
79.1939	13	0	1	LastDelay	0	0	1	0
79.2039	32	0	1	LastDelay	0.00487329	4873.3	1	1
79.2396	0	0	1	LastDelay	0	0	1	0
79.2506	12	0	1	LastDelay	0.00210036	2100.36	1	1
79.2547	7	0	1	LastDelay	0.00467398	4673.98	1	1
79.2815	42	0	1	LastDelay	0	0	1	0
79.2859	1	0	1	LastDelay	0	0	1	0
79.2926	21	0	1	LastDelay	0	0	1	0
79.3283	10	0	1	LastDelay	0	0	1	0
79.3335	15	0	1	LastDelay	0.00330615	3306.15	1	1
79.3712	20	0	1	LastDelay	0.00306088	3060.88	1	1
79.4143	22	0	1	LastDelay	0	0	1	0
79.4301	35	0	1	LastDelay	0.00645568	6455.68	1	1
79.4363	29	0	1	LastDelay	0.00457472	4574.72	1	1
79.5465	34	0	1	LastDelay	0.00330646	3306.46	1	1
79.5929	24	0	1	LastDelay	0	0	1	0
79.6283	30	0	1	LastDelay	0	0	1	0
79.8846	28	0	1	LastDelay	0	0	1	0
79.9077	25	0	1	LastDelay	0.00366607	3666.07	1	1
79.9438	14	0	1	LastDelay	0.000816523	816.523	1	1
79.9897	36	0	1	LastDelay	0	0	1	0
80.0386	19	0	1	LastDelay	0	0	1	0
80.0423	40	0	1	LastDelay	0	0	1	0
80.0709	16	0	1	LastDelay	0.00330608	3306.08	1	1
80.0709	11	0	1	LastDelay	0.00271336	2713.36	1	1
80.074	17	0	1	LastDelay	0.00115232	1152.32	1	1
80.1612	4	0	1	LastDelay	0	0	1	0
80.1763	26	0	1	LastDelay	0.00330604	3306.04	1	1
80.199	32	0	1	LastDelay	0	0	1	0
80.2055	6	0	1	LastDelay	0.0101559	10155.9	1	1
80.2485	12	0	1	LastDelay	0	0	1	0
80.25	7	0	1	LastDelay	0	0	1	0
80.2848	42	0	1	LastDelay	0.00330681	3306.81	1	1
80.2886	1	0	1	LastDelay	0.00264458	2644.58	1	1
80.2992	21	0	1	LastDelay	0.00661936	6619.36	1	1
80.2992	23	0	1	LastDelay	0.00405105	4051.05	1	1
80.3302	15	0	1	LastDelay	0	0	1	0
80.3304	10	0	1	LastDelay	0.00213428	2134.28	1	1
80.3681	20	0	1	LastDelay	0	0	1	0
80.4176	22	0	1	LastDelay	0.00330619	3306.19	1	1
80.4237	35	0	1	LastDelay	0	0	1	0
80.4318	29	0	1	LastDelay	0	0	1	0
80.5012	41	0	1	LastDelay	0.00333211	3332.11	1	1
80.5087	33	0	1	LastDelay	0.00643771	6437.71	1	1
80.5432	34	0	1	LastDelay	0	0	1	0
80.5962	24	0	1	LastDelay	0.00330605	3306.05	1	1
80.886	28	0	1	LastDelay	0.00138901	1389.01	1	1
80.886	5	0	1	LastDelay	0.00330613	3306.13	1	1
80.904	25	0	1	LastDelay	0	0	1	0
80.9215	18	0	1	LastDelay	0.00188496	1884.96	1	1
80.9429	14	0	1	LastDelay	0	0	1	0
81.0238	27	0	1	LastDelay	0.00330625	3306.25	1	1
81.0426	19	0	1	LastDelay	0.00394337	3943.37	1	1
81.0426	40	0	1	LastDelay	0.000300104	300.104	1	1
81.0676	16	0	1	LastDelay	0	0	1	0
81.0682	11	0	1	LastDelay	0	0	1	0
81.0728	17	0	1	LastDelay	0	0	1	0
81.1645	4	0	1	LastDelay	0.00330602	3306.02	1	1
81.173	26	0	1	LastDelay	0	0	1	0
81.1954	6	0	1	LastDelay	0	0	1	0
81.2054	32	0	1	LastDelay	0.00637761	6377.61	1	1
81.2429	0	0	1	LastDelay	0.00330612	3306.12	1	1
81.2495	12	0	1	LastDelay	0.00101827	1018.27	1	1
81.2562	7	0	1	LastDelay	0.0061306	6130.6	1	1
81.2663	31	0	1	LastDelay	0.00425395	4253.95	1	1
81.2815	42	0	1	LastDelay	0	0	1	0
81.2859	1	0	1	LastDelay	0	0	1	0
81.2926	21	0	1	LastDelay	0	0	1	0
81.2952	23	0	1	LastDelay	0	0	1	0
81.3283	10	0	1	LastDelay	0	0	1	0
81.3315	15	0	1	LastDelay	0.00138906	1389.06	1	1
81.3708	20	0	1	LastDelay	0.00273063	2730.63	1	1
81.3709	9	0	1	LastDelay	0.00338577	3385.77	1	1
81.4143	22	0	1	LastDelay	0	0	1	0
81.4335	29	0	1	LastDelay	0.00174312	1743.12	1	1
81.4979	41	0	1	LastDelay	0	0	1	0
81.5023	33	0	1	LastDelay	0	0	1	0
81.5929	24	0	1	LastDelay	0	0	1	0
81.6415	30	0	1	LastDelay	0.0132719	13271.9	1	1
81.7553	37	0	1	LastDelay	0.00335979	3359.79	1	1
81.8827	5	0	1	LastDelay	0	0	1	0
81.8846	28	0	1	LastDelay	0	0	1	0
81.9073	25	0	1	LastDelay	0.00330626	3306.26	1	1
81.9196	18	0	1	LastDelay	0	0	1	0
81.993	36	0	1	LastDelay	0.00333224	3332.24	1	1
82.0205	27	0	1	LastDelay	0	0	1	0
82.0386	19	0	1	LastDelay	0	0	1	0
82.0423	40	0	1	LastDelay	0	0	1	0
82.0709	16	0	1	LastDelay	0.00330612	3306.12	1	1
82.0709	11	0	1	LastDelay	0.00271336	2713.36	1	1
82.0747	17	0	1	LastDelay	0.00182597	1825.97	1	1
82.1612	4	0	1	LastDelay	0	0	1	0
82.199	32	0	1	LastDelay	0	0	1	0
82.2001	6	0	1	LastDelay	0.00471617	4716.17	1	1
82.2396	0	0	1	LastDelay	0	0	1	0
82.2485	12	0	1	LastDelay	0	0	1	0
82.25	7	0	1	LastDelay	0	0	1	0
82.262	31	0	1	LastDelay	0	0	1	0
82.2901	1	0	1	LastDelay	0.00420111	4201.11	1	1
82.3051	23	0	1	LastDelay	0.0099216	9921.6	1	1
82.3294	10	0	1	LastDelay	0.00116984	1169.84	1	1
82.3302	15	0	1	LastDelay	0	0	1	0
82.3675	9	0	1	LastDelay	0	0	1	0
82.3681	20	0	1	LastDelay	0	0	1	0
82.3786	43	0	1	LastDelay	0.00335833	3358.33	1	1
82.4293	35	0	1	LastDelay	0.00560123	5601.23	1	1
82.4318	29	0	1	LastDelay	0	0	1	0
82.5012	41	0	1	LastDelay	0.00331929	3319.29	1	1
82.5465	34	0	1	LastDelay	0.00330646	3306.46	1	1
82.6283	30	0	1	LastDelay	0	0	1	0
82.752	37	0	1	LastDelay	0	0	1	0
82.886	28	0	1	LastDelay	0.00138899	1388.99	1	1
82.886	5	0	1	LastDelay	0.00330609	3306.09	1	1
82.904	25	0	1	LastDelay	0	0	1	0
82.9216	18	0	1	LastDelay	0.00194292	1942.92	1	1
82.944	14	0	1	LastDelay	0.00103687	1036.87	1	1
82.9897	36	0	1	LastDelay	0	0	1	0
83.0468	40	0	1	LastDelay	0.00450309	4503.09	1	1
83.0676	16	0	1	LastDelay	0	0	1	0
83.0682	11	0	1	LastDelay	0	0	1	0
83.0728	17	0	1	LastDelay	0	0	1	0
83.1745	26	0	1	LastDelay	0.00142468	1424.68	1	1
83.1954	6	0	1	LastDelay	0	0	1	0
83.201	32	0	1	LastDelay	0.00192435	1924.35	1	1
83.201	13	0	1	LastDelay	0.00709348	7093.48	1	1
83.243	0	0	1	LastDelay	0.00331907	3319.07	1	1
83.2505	12	0	1	LastDelay	0.00202154	2021.54	1	1
83.2534	7	0	1	LastDelay	0.00334505	3345.05	1	1
83.2859	1	0	1	LastDelay	0	0	1	0
83.2952	23	0	1	LastDelay	0	0	1	0
83.2955	21	0	1	LastDelay	0.00293968	2939.68	1	1
83.3283	10	0	1	LastDelay	0	0	1	0
83.3329	15	0	1	LastDelay	0.00277952	2779.52	1	1
83.3717	20	0	1	LastDelay	0.00353702	3537.02	1	1
83.3753	43	0	1	LastDelay	0	0	1	0
83.4183	22	0	1	LastDelay	0.00399254	3992.54	1	1
83.4237	35	0	1	LastDelay	0	0	1	0
83.4378	29	0	1	LastDelay	0.00607825	6078.25	1	1
83.4979	41	0	1	LastDelay	0	0	1	0
83.5056	33	0	1	LastDelay	0.00330653	3306.53	1	1
83.5432	34	0	1	LastDelay	0	0	1	0
83.5962	24	0	1	LastDelay	0.0033065	3306.5	1	1
83.8827	5	0	1	LastDelay	0	0	1	0
83.8846	28	0	1	LastDelay	0	0	1	0
83.9073	25	0	1	LastDelay	0.00331922	3319.22	1	1
83.9196	18	0	1	LastDelay	0	0	1	0
83.9429	14	0	1	LastDelay	0	0	1	0
84.0423	40	0	1	LastDelay	0	0	1	0
84.0747	11	0	1	LastDelay	0.00649852	6498.52	1	1
84.0747	17	0	1	LastDelay	0.00184039	1840.39	1	1
84.1455	46	0	1	LastDelay	0.0033061	3306.1	1	1
84.1676	4	0	1	LastDelay	0.0063777	6377.7	1	1
84.173	26	0	1	LastDelay	0	0	1	0
84.1939	13	0	1	LastDelay	0	0	1	0
84.1968	6	0	1	LastDelay	0.00136776	1367.76	1	1
84.199	32	0	1	LastDelay	0	0	1	0
84.2396	0	0	1	LastDelay	0	0	1	0
84.2485	12	0	1	LastDelay	0	0	1	0
84.25	7	0	1	LastDelay	0	0	1	0
84.2859	42	0	1	LastDelay	0.00444484	4444.84	1	1
84.2926	21	0	1	LastDelay	0	0	1	0
84.2971	1	0	1	LastDelay	0.0111944	11194.4	1	1
84.3005	23	0	1	LastDelay	0.00532328	5323.28	1	1
84.3284	10	0	1	LastDelay	0.000109164	109.164	1	1
84.3302	15	0	1	LastDelay	0	0	1	0
84.3681	20	0	1	LastDelay	0	0	1	0
84.4143	22	0	1	LastDelay	0	0	1	0
84.4318	29	0	1	LastDelay	0	0	1	0
84.5012	41	0	1	LastDelay	0.00330612	3306.12	1	1
84.5023	33	0	1	LastDelay	0	0	1	0
84.5929	24	0	1	LastDelay	0	0	1	0
84.6347	30	0	1	LastDelay	0.00639069	6390.69	1	1
84.886	5	0	1	LastDelay	0.00330626	3306.26	1	1
84.886	28	0	1	LastDelay	0.0013892	1389.2	1	1
84.904	25	0	1	LastDelay	0	0	1	0
85.042	19	0	1	LastDelay	0.00333213	3332.13	1	1
85.056	40	0	1	LastDelay	0.0137325	13732.5	1	1
85.0682	11	0	1	LastDelay	0	0	1	0
85.0709	16	0	1	LastDelay	0.00333215	3332.15	1	1
85.0728	17	0	1	LastDelay	0	0	1	0
85.1422	46	0	1	LastDelay	0	0	1	0
85.1612	4	0	1	LastDelay	0	0	1	0
85.1954	6	0	1	LastDelay	0	0	1	0
85.1972	13	0	1	LastDelay	0.00331917	3319.17	1	1
85.2498	12	0	1	LastDelay	0.00133534	1335.34	1	1
85.2537	7	0	1	LastDelay	0.00368149	3681.49	1	1
85.2815	42	0	1	LastDelay	0	0	1	0
85.2859	1	0	1	LastDelay	0	0	1	0
85.2952	23	0	1	LastDelay	0	0	1	0
85.2966	21	0	1	LastDelay	0.00403005	4030.05	1	1
85.3283	10	0	1	LastDelay	0	0	1	0
85.3335	15	0	1	LastDelay	0.00331923	3319.23	1	1
85.3721	20	0	1	LastDelay	0.00393409	3934.09	1	1
85.4176	22	0	1	LastDelay	0.00330605	3306.05	1	1
85.4238	35	0	1	LastDelay	0.000113174	113.174	1	1
85.4348	29	0	1	LastDelay	0.00300562	3005.62	1	1
85.4979	41	0	1	LastDelay	0	0	1	0
85.5087	33	0	1	LastDelay	0.00639032	6390.32	1	1
85.5465	34	0	1	LastDelay	0.00330628	3306.28	1	1
85.5962	24	0	1	LastDelay	0.00331925	3319.25	1	1
85.6283	30	0	1	LastDelay	0	0	1	0
85.8827	5	0	1	LastDelay	0	0	1	0
85.8846	28	0	1	LastDelay	0	0	1	0
85.9196	25	0	1	LastDelay	0.0155817	15581.7	1	1
85.9439	14	0	1	LastDelay	0.00095806	958.06	1	1
85.9933	36	0	1	LastDelay	0.00354867	3548.67	1	1
86.0238	27	0	1	LastDelay	0.00330624	3306.24	1	1
86.0386	19	0	1	LastDelay	0	0	1	0
86.0423	40	0	1	LastDelay	0	0	1	0
86.0676	16	0	1	LastDelay	0	0	1	0
86.0715	11	0	1	LastDelay	0.00330608	3306.08	1	1
86.0746	17	0	1	LastDelay	0.00173212	1732.12	1	1
86.1645	4	0	1	LastDelay	0.00330694	3306.94	1	1
86.1741	26	0	1	LastDelay	0.00109683	1096.83	1	1
86.1939	13	0	1	LastDelay	0	0	1	0
86.1997	32	0	1	LastDelay	0.000693748	693.748	1	1
86.1997	6	0	1	LastDelay	0.00433793	4337.93	1	1
86.243	0	0	1	LastDelay	0.00331924	3319.24	1	1
86.2485	12	0	1	LastDelay	0	0	1	0
86.25	7	0	1	LastDelay	0	0	1	0
86.2632	31	0	1	LastDelay	0.00116203	1162.03	1	1
86.2926	21	0	1	LastDelay	0	0	1	0
86.3302	15	0	1	LastDelay	0	0	1	0
86.3303	10	0	1	LastDelay	0.00203836	2038.36	1	1
86.3681	20	0	1	LastDelay	0	0	1	0
86.4143	22	0	1	LastDelay	0	0	1	0
86.4237	35	0	1	LastDelay	0	0	1	0
86.4318	29	0	1	LastDelay	0	0	1	0
86.5023	33	0	1	LastDelay	0	0	1	0
86.5046	41	0	1	LastDelay	0.00677288	6772.88	1	1
86.5432	34	0	1	LastDelay	0	0	1	0
86.5929	24	0	1	LastDelay	0	0	1	0
86.6316	30	0	1	LastDelay	0.00330665	3306.65	1	1
86.8935	28	0	1	LastDelay	0.00889411	8894.11	1	1
86.904	25	0	1	LastDelay	0	0	1	0
86.9095	39	0	1	LastDelay	0.0169168	16916.8	1	1
86.9349	18	0	1	LastDelay	0.0152387	15238.7	1	1
86.9429	14	0	1	LastDelay	0	0	1	0
86.9815	38	0	1	LastDelay	0.00330783	3307.83	1	1
86.9897	36	0	1	LastDelay	0	0	1	0
87.0205	27	0	1	LastDelay	0	0	1	0
87.0682	11	0	1	LastDelay	0	0	1	0
87.0728	17	0	1	LastDelay	0	0	1	0
87.1612	4	0	1	LastDelay	0	0	1	0
87.173	26	0	1	LastDelay	0	0	1	0
87.1954	6	0	1	LastDelay	0	0	1	0
87.199	32	0	1	LastDelay	0	0	1	0
87.2396	0	0	1	LastDelay	0	0	1	0
87.262	31	0	1	LastDelay	0	0	1	0
87.2862	1	0	1	LastDelay	0.000259089	259.089	1	1
87.2997	23	0	1	LastDelay	0.00452108	4521.08	1	1
87.3283	10	0	1	LastDelay	0	0	1	0
87.3885	9	0	1	LastDelay	0.0210741	21074.1	1	1
87.4263	35	0	1	LastDelay	0.00258248	2582.48	1	1
87.4341	29	0	1	LastDelay	0.00238047	2380.47	1	1
87.4979	41	0	1	LastDelay	0	0	1	0
87.5056	33	0	1	LastDelay	0.00331963	3319.63	1	1
87.6283	30	0	1	LastDelay	0	0	1	0
87.8846	28	0	1	LastDelay	0	0	1	0
87.8926	39	0	1	LastDelay	0	0	1	0
87.9196	18	0	1	LastDelay	0	0	1	0
87.9782	38	0	1	LastDelay	0	0	1	0
88.0238	27	0	1	LastDelay	0.00331905	3319.05	1	1
88.0446	40	0	1	LastDelay	0.00231195	2311.95	1	1
88.0745	17	0	1	LastDelay	0.00162624	1626.24	1	1
88.0858	11	0	1	LastDelay	0.0176381	17638.1	1	1
88.1735	26	0	1	LastDelay	0.000428898	428.898	1	1
88.1972	13	0	1	LastDelay	0.00331924	3319.24	1	1
88.1984	6	0	1	LastDelay	0.00304334	3043.34	1	1
88.2015	32	0	1	LastDelay	0.00247033	2470.33	1	1
88.2417	0	0	1	LastDelay	0.00207469	2074.68	1	1
88.2523	12	0	1	LastDelay	0.00389395	3893.95	1	1
88.2599	3	0	1	LastDelay	0.0108615	10861.5	1	1
88.2659	31	0	1	LastDelay	0.00390416	3904.16	1	1
88.2859	1	0	1	LastDelay	0	0	1	0
88.2952	23	0	1	LastDelay	0	0	1	0
88.3046	21	0	1	LastDelay	0.0119602	11960.2	1	1
88.333	15	0	1	LastDelay	0.00280085	2800.85	1	1
88.3361	10	0	1	LastDelay	0.00782061	7820.61	1	1
88.3675	9	0	1	LastDelay	0	0	1	0
88.3714	20	0	1	LastDelay	0.00323986	3239.86	1	1
88.4207	22	0	1	LastDelay	0.00639054	6390.54	1	1
88.4237	35	0	1	LastDelay	0	0	1	0
88.4318	29	0	1	LastDelay	0	0	1	0
88.5023	33	0	1	LastDelay	0	0	1	0
88.6087	24	0	1	LastDelay	0.0158284	15828.4	1	1
88.6284	30	0	1	LastDelay	8.8957e-05	88.957	1	1
88.886	28	0	1	LastDelay	0.00141532	1415.32	1	1
88.886	5	0	1	LastDelay	0.00333241	3332.41	1	1
88.9018	39	0	1	LastDelay	0.00914723	9147.23	1	1
88.9114	25	0	1	LastDelay	0.00735391	7353.91	1	1
88.922	18	0	1	LastDelay	0.00234436	2344.36	1	1
88.9453	14	0	1	LastDelay	0.00234091	2340.91	1	1
89.0188	36	0	1	LastDelay	0.0290453	29045.3	1	1
89.0205	27	0	1	LastDelay	0	0	1	0
89.0423	40	0	1	LastDelay	0	0	1	0
89.0682	11	0	1	LastDelay	0	0	1	0
89.0728	17	0	1	LastDelay	0	0	1	0
89.173	26	0	1	LastDelay	0	0	1	0
89.1939	13	0	1	LastDelay	0	0	1	0
89.1954	6	0	1	LastDelay	0	0	1	0
89.199	32	0	1	LastDelay	0	0	1	0
89.2169	2	0	1	LastDelay	0.00338504	3385.04	1	1
89.2396	0	0	1	LastDelay	0	0	1	0
89.2476	44	0	1	LastDelay	0.00331911	3319.11	1	1
89.2485	12	0	1	LastDelay	0	0	1	0
89.249	3	0	1	LastDelay	0	0	1	0
89.262	31	0	1	LastDelay	0	0	1	0
89.2897	1	0	1	LastDelay	0.00376401	3764.01	1	1
89.2926	21	0	1	LastDelay	0	0	1	0
89.2977	23	0	1	LastDelay	0.00253131	2531.31	1	1
89.3283	10	0	1	LastDelay	0	0	1	0
89.3302	15	0	1	LastDelay	0	0	1	0
89.3681	20	0	1	LastDelay	0	0	1	0
89.3708	9	0	1	LastDelay	0.00335826	3358.26	1	1
89.4143	22	0	1	LastDelay	0	0	1	0
89.4338	29	0	1	LastDelay	0.00207174	2071.74	1	1
89.5371	45	0	1	LastDelay	0.00331922	3319.22	1	1
89.5929	24	0	1	LastDelay	0	0	1	0
89.6283	30	0	1	LastDelay	0	0	1	0
89.8508	8	0	1	LastDelay	0.00334628	3346.28	1	1
89.8827	5	0	1	LastDelay	0	0	1	0
89.8846	28	0	1	LastDelay	0	0	1	0
89.8926	39	0	1	LastDelay	0	0	1	0
89.904	25	0	1	LastDelay	0	0	1	0
89.9196	18	0	1	LastDelay	0	0	1	0
89.9429	14	0	1	LastDelay	0	0	1	0
89.9897	36	0	1	LastDelay	0	0	1	0
90.043	40	0	1	LastDelay	0.000746589	746.589	1	1
90.0716	11	0	1	LastDelay	0.00342652	3426.52	1	1
90.0761	17	0	1	LastDelay	0.00323892	3238.92	1	1
90.1735	26	0	1	LastDelay	0.000505798	505.798	1	1
90.208	6	0	1	LastDelay	0.0126149	12614.9	1	1
90.2136	2	0	1	LastDelay	0	0	1	0
90.2443	44	0	1	LastDelay	0	0	1	0
90.2557	7	0	1	LastDelay	0.00566648	5666.48	1	1
90.258	12	0	1	LastDelay	0.0095798	9579.8	1	1
90.2671	31	0	1	LastDelay	0.00506383	5063.83	1	1
90.2859	1	0	1	LastDelay	0	0	1	0
90.2881	42	0	1	LastDelay	0.00661648	6616.48	1	1
90.2952	23	0	1	LastDelay	0	0	1	0
90.3316	15	0	1	LastDelay	0.00142312	1423.12	1	1
90.3675	9	0	1	LastDelay	0	0	1	0
90.3751	20	0	1	LastDelay	0.00695246	6952.46	1	1
90.4296	35	0	1	LastDelay	0.00593245	5932.45	1	1
90.4318	29	0	1	LastDelay	0	0	1	0
90.5338	45	0	1	LastDelay	0	0	1	0
90.5465	34	0	1	LastDelay	0.00330659	3306.59	1	1
90.5962	24	0	1	LastDelay	0.00330625	3306.25	1	1
90.8474	8	0	1	LastDelay	0	0	1	0
90.8895	28	0	1	LastDelay	0.00496126	4961.26	1	1
90.896	39	0	1	LastDelay	0.00342595	3425.95	1	1
90.92	18	0	1	LastDelay	0.000385504	385.504	1	1
90.9439	14	0	1	LastDelay	0.000988133	988.133	1	1
90.991	38	0	1	LastDelay	0.0127597	12759.7	1	1
90.991	36	0	1	LastDelay	0.00124559	1245.59	1	1
91.0235	27	0	1	LastDelay	0.00304965	3049.64	1	1
91.0401	19	0	1	LastDelay	0.00150067	1500.67	1	1
91.0423	40	0	1	LastDelay	0	0	1	0
91.0682	11	0	1	LastDelay	0	0	1	0
91.0728	17	0	1	LastDelay	0	0	1	0
91.1645	4	0	1	LastDelay	0.00330636	3306.36	1	1
91.173	26	0	1	LastDelay	0	0	1	0
91.1954	6	0	1	LastDelay	0	0	1	0
91.1998	32	0	1	LastDelay	0.000720037	720.037	1	1
91.246	0	0	1	LastDelay	0.00637802	6378.02	1	1
91.2485	12	0	1	LastDelay	0	0	1	0
91.25	7	0	1	LastDelay	0	0	1	0
91.262	31	0	1	LastDelay	0	0	1	0
91.2815	42	0	1	LastDelay	0	0	1	0
91.2959	21	0	1	LastDelay	0.00330711	3307.11	1	1
91.2959	23	0	1	LastDelay	0.000738804	738.804	1	1
91.3302	15	0	1	LastDelay	0	0	1	0
91.3302	10	0	1	LastDelay	0.00192531	1925.31	1	1
91.3681	20	0	1	LastDelay	0	0	1	0
91.3864	9	0	1	LastDelay	0.018938	18938	1	1
91.4207	22	0	1	LastDelay	0.0064171	6417.1	1	1
91.4237	35	0	1	LastDelay	0	0	1	0
91.4341	29	0	1	LastDelay	0.00232094	2320.94	1	1
91.5029	33	0	1	LastDelay	0.000623413	623.413	1	1
91.5432	34	0	1	LastDelay	0	0	1	0
91.5929	24	0	1	LastDelay	0	0	1	0
91.6316	30	0	1	LastDelay	0.00330659	3306.59	1	1
91.7553	37	0	1	LastDelay	0.00330631	3306.31	1	1
91.8846	28	0	1	LastDelay	0	0	1	0
91.8926	39	0	1	LastDelay	0	0	1	0
91.9196	18	0	1	LastDelay	0	0	1	0
91.9429	14	0	1	LastDelay	0	0	1	0
91.9782	38	0	1	LastDelay	0	0	1	0
91.9897	36	0	1	LastDelay	0	0	1	0
92.0205	27	0	1	LastDelay	0	0	1	0
92.0386	19	0	1	LastDelay	0	0	1	0
92.0709	11	0	1	LastDelay	0.00271389	2713.89	1	1
92.074	17	0	1	LastDelay	0.00112682	1126.83	1	1
92.074	16	0	1	LastDelay	0.00637823	6378.23	1	1
92.1612	4	0	1	LastDelay	0	0	1	0
92.1969	43	0	1	LastDelay	0.821595	821595	1	1
92.199	32	0	1	LastDelay	0	0	1	0
92.2034	6	0	1	LastDelay	0.00797457	7974.57	1	1
92.2396	0	0	1	LastDelay	0	0	1	0
92.2518	12	0	1	LastDelay	0.00334684	3346.84	1	1
92.2658	31	0	1	LastDelay	0.00382617	3826.17	1	1
92.2926	21	0	1	LastDelay	0	0	1	0
92.2952	23	0	1	LastDelay	0	0	1	0
92.3283	10	0	1	LastDelay	0	0	1	0
92.3335	15	0	1	LastDelay	0.0033061	3306.1	1	1
92.3675	9	0	1	LastDelay	0	0	1	0
92.3714	20	0	1	LastDelay	0.00330652	3306.52	1	1
92.3753	43	0	1	LastDelay	0	0	1	0
92.4143	22	0	1	LastDelay	0	0	1	0
92.427	35	0	1	LastDelay	0.00331967	3319.67	1	1
92.4318	29	0	1	LastDelay	0	0	1	0
92.5023	33	0	1	LastDelay	0	0	1	0
92.6283	30	0	1	LastDelay	0	0	1	0
92.752	37	0	1	LastDelay	0	0	1	0
92.8932	28	0	1	LastDelay	0.00861617	8616.17	1	1
92.9206	18	0	1	LastDelay	0.000945291	945.291	1	1
92.9206	39	0	1	LastDelay	0.0279712	27971.2	1	1
92.9453	14	0	1	LastDelay	0.00231675	2316.75	1	1
92.9873	38	0	1	LastDelay	0.00911932	9119.32	1	1
93.0451	40	0	1	LastDelay	0.00279976	2799.76	1	1
93.0676	16	0	1	LastDelay	0	0	1	0
93.0682	11	0	1	LastDelay	0	0	1	0
93.0728	17	0	1	LastDelay	0	0	1	0
93.1741	26	0	1	LastDelay	0.00107284	1072.84	1	1
93.1954	6	0	1	LastDelay	0	0	1	0
93.2124	32	0	1	LastDelay	0.0133734	13373.4	1	1
93.2485	12	0	1	LastDelay	0	0	1	0
93.2486	0	0	1	LastDelay	0.00892834	8928.34	1	1
93.262	31	0	1	LastDelay	0	0	1	0
93.2954	23	0	1	LastDelay	0.000181525	181.525	1	1
93.2954	21	0	1	LastDelay	0.00275011	2750.11	1	1
93.3302	15	0	1	LastDelay	0	0	1	0
93.3315	10	0	1	LastDelay	0.00319996	3199.96	1	1
93.3681	20	0	1	LastDelay	0	0	1	0
93.418	22	0	1	LastDelay	0.00370238	3702.38	1	1
93.4237	35	0	1	LastDelay	0	0	1	0
93.4379	29	0	1	LastDelay	0.00610606	6106.06	1	1
93.5056	33	0	1	LastDelay	0.00330606	3306.06	1	1
93.5962	24	0	1	LastDelay	0.00330608	3306.08	1	1
93.6287	30	0	1	LastDelay	0.000474307	474.307	1	1
93.7553	37	0	1	LastDelay	0.0033201	3320.1	1	1
93.8846	28	0	1	LastDelay	0	0	1	0
93.8926	39	0	1	LastDelay	0	0	1	0
93.9196	18	0	1	LastDelay	0	0	1	0
93.9429	14	0	1	LastDelay	0	0	1	0
93.9782	38	0	1	LastDelay	0	0	1	0
93.993	36	0	1	LastDelay	0.0033194	3319.4	1	1
94.0423	40	0	1	LastDelay	0	0	1	0
94.0777	11	0	1	LastDelay	0.00955675	9556.75	1	1
94.0815	17	0	1	LastDelay	0.0086564	8656.4	1	1
94.1645	4	0	1	LastDelay	0.00330757	3307.57	1	1
94.173	26	0	1	LastDelay	0	0	1	0
94.1975	6	0	1	LastDelay	0.00213903	2139.03	1	1
94.199	32	0	1	LastDelay	0	0	1	0
94.2396	0	0	1	LastDelay	0	0	1	0
94.2518	12	0	1	LastDelay	0.00330605	3306.05	1	1
94.2685	31	0	1	LastDelay	0.00644774	6447.74	1	1
94.2926	21	0	1	LastDelay	0	0	1	0
94.2952	23	0	1	LastDelay	0	0	1	0
94.3283	10	0	1	LastDelay	0	0	1	0
94.3718	20	0	1	LastDelay	0.00371178	3711.78	1	1
94.3991	43	0	1	LastDelay	0.0238369	23836.9	1	1
94.4143	22	0	1	LastDelay	0	0	1	0
94.4301	35	0	1	LastDelay	0.00639072	6390.73	1	1
94.4318	29	0	1	LastDelay	0	0	1	0
94.5023	33	0	1	LastDelay	0	0	1	0
94.5929	24	0	1	LastDelay	0	0	1	0
94.6283	30	0	1	LastDelay	0	0	1	0
94.752	37	0	1	LastDelay	0	0	1	0
94.886	28	0	1	LastDelay	0.00139016	1390.16	1	1
94.8922	5	0	1	LastDelay	0.00951579	9515.79	1	1
94.8973	39	0	1	LastDelay	0.0047258	4725.8	1	1
94.926	18	0	1	LastDelay	0.00639022	6390.22	1	1
94.9494	14	0	1	LastDelay	0.00645296	6452.96	1	1
94.9846	38	0	1	LastDelay	0.00639168	6391.68	1	1
94.9897	36	0	1	LastDelay	0	0	1	0
95.0238	27	0	1	LastDelay	0.0033067	3306.7	1	1
95.0682	11	0	1	LastDelay	0	0	1	0
95.0728	17	0	1	LastDelay	0	0	1	0
95.0741	16	0	1	LastDelay	0.00648964	6489.64	1	1
95.1612	4	0	1	LastDelay	0	0	1	0
95.1954	6	0	1	LastDelay	0	0	1	0
95.2031	32	0	1	LastDelay	0.00409645	4096.45	1	1
95.2485	12	0	1	LastDelay	0	0	1	0
95.262	31	0	1	LastDelay	0	0	1	0
95.2959	21	0	1	LastDelay	0.00330749	3307.49	1	1
95.2959	23	0	1	LastDelay	0.000739137	739.137	1	1
95.3316	15	0	1	LastDelay	0.00142364	1423.64	1	1
95.3681	20	0	1	LastDelay	0	0	1	0
95.3753	43	0	1	LastDelay	0	0	1	0
95.4176	22	0	1	LastDelay	0.00330605	3306.05	1	1
95.4237	35	0	1	LastDelay	0	0	1	0
95.4344	29	0	1	LastDelay	0.00268936	2689.36	1	1
95.5053	33	0	1	LastDelay	0.00298237	2982.37	1	1
95.5442	34	0	1	LastDelay	0.00104307	1043.07	1	1
95.5696	45	0	1	LastDelay	0.0357811	35781.1	1	1
95.5962	24	0	1	LastDelay	0.0033065	3306.5	1	1
95.637	30	0	1	LastDelay	0.00873808	8738.08	1	1
95.7553	37	0	1	LastDelay	0.0033066	3306.6	1	1
95.8508	8	0	1	LastDelay	0.00338515	3385.15	1	1
95.8827	5	0	1	LastDelay	0	0	1	0
95.8846	28	0	1	LastDelay	0	0	1	0
95.8926	39	0	1	LastDelay	0	0	1	0
95.9196	18	0	1	LastDelay	0	0	1	0
95.9429	14	0	1	LastDelay	0	0	1	0
95.9782	38	0	1	LastDelay	0	0	1	0
96.0205	27	0	1	LastDelay	0	0	1	0
96.0676	16	0	1	LastDelay	0	0	1	0
96.0703	11	0	1	LastDelay	0.00212466	2124.66	1	1
96.0734	17	0	1	LastDelay	0.000537687	537.687	1	1
96.1753	26	0	1	LastDelay	0.00225892	2258.92	1	1
96.199	32	0	1	LastDelay	0	0	1	0
96.2126	6	0	1	LastDelay	0.0171858	17185.8	1	1
96.226	2	0	1	LastDelay	0.0123997	12399.7	1	1
96.2464	0	0	1	LastDelay	0.00674977	6749.77	1	1
96.2502	12	0	1	LastDelay	0.00172063	1720.63	1	1
96.2639	31	0	1	LastDelay	0.00185272	1852.72	1	1
96.2926	21	0	1	LastDelay	0	0	1	0
96.2952	23	0	1	LastDelay	0	0	1	0
96.3302	15	0	1	LastDelay	0	0	1	0
96.404	43	0	1	LastDelay	0.0287083	28708.3	1	1
96.4143	22	0	1	LastDelay	0	0	1	0
96.4273	35	0	1	LastDelay	0.00364961	3649.61	1	1
96.4318	29	0	1	LastDelay	0	0	1	0
96.5023	33	0	1	LastDelay	0	0	1	0
96.5338	45	0	1	LastDelay	0	0	1	0
96.5432	34	0	1	LastDelay	0	0	1	0
96.5929	24	0	1	LastDelay	0	0	1	0
96.6283	30	0	1	LastDelay	0	0	1	0
96.752	37	0	1	LastDelay	0	0	1	0
96.8474	8	0	1	LastDelay	0	0	1	0
96.921	18	0	1	LastDelay	0.00139268	1392.68	1	1
96.9926	36	0	1	LastDelay	0.00289714	2897.14	1	1
97.0227	27	0	1	LastDelay	0.00222301	2223.01	1	1
97.0425	40	0	1	LastDelay	0.000218974	218.974	1	1
97.0682	11	0	1	LastDelay	0	0	1	0
97.0728	17	0	1	LastDelay	0	0	1	0
97.173	26	0	1	LastDelay	0	0	1	0
97.1954	6	0	1	LastDelay	0	0	1	0
97.2136	2	0	1	LastDelay	0	0	1	0
97.2396	0	0	1	LastDelay	0	0	1	0
97.2485	12	0	1	LastDelay	0	0	1	0
97.262	31	0	1	LastDelay	0	0	1	0
97.2997	23	0	1	LastDelay	0.00449604	4496.04	1	1
97.3304	15	0	1	LastDelay	0.000212871	212.871	1	1
97.3753	43	0	1	LastDelay	0	0	1	0
97.4237	35	0	1	LastDelay	0	0	1	0
97.5053	33	0	1	LastDelay	0.00305764	3057.64	1	1
97.8959	39	0	1	LastDelay	0.00328471	3284.71	1	1
97.9196	18	0	1	LastDelay	0	0	1	0
97.9897	36	0	1	LastDelay	0	0	1	0
98.0205	27	0	1	LastDelay	0	0	1	0
98.0423	40	0	1	LastDelay	0	0	1	0
98.0807	17	0	1	LastDelay	0.00781685	7816.85	1	1
98.1763	26	0	1	LastDelay	0.00330611	3306.11	1	1
98.2011	32	0	1	LastDelay	0.00207661	2076.61	1	1
98.2653	31	0	1	LastDelay	0.0032513	3251.3	1	1
98.2952	23	0	1	LastDelay	0	0	1	0
98.3302	15	0	1	LastDelay	0	0	1	0
98.3752	20	0	1	LastDelay	0.00710931	7109.31	1	1
98.4318	29	0	1	LastDelay	7.0184e-05	70.184	1	1
98.5023	33	0	1	LastDelay	0	0	1	0
98.5371	45	0	1	LastDelay	0.00330786	3307.86	1	1
98.5458	34	0	1	LastDelay	0.00258793	2587.93	1	1
98.7553	37	0	1	LastDelay	0.00331914	3319.14	1	1
98.886	5	0	1	LastDelay	0.00331911	3319.11	1	1
98.8926	39	0	1	LastDelay	0	0	1	0
98.944	14	0	1	LastDelay	0.00110118	1101.18	1	1
98.9987	36	0	1	LastDelay	0.00894345	8943.45	1	1
99.0426	40	0	1	LastDelay	0.000312465	312.465	1	1
99.0728	17	0	1	LastDelay	0	0	1	0
99.078	11	0	1	LastDelay	0.00980369	9803.69	1	1
99.173	26	0	1	LastDelay	0	0	1	0
99.199	32	0	1	LastDelay	0	0	1	0
99.2211	2	0	1	LastDelay	0.00749677	7496.77	1	1
99.2526	12	0	1	LastDelay	0.00409953	4099.53	1	1
99.262	31	0	1	LastDelay	0	0	1	0
99.2941	21	0	1	LastDelay	0.00153455	1534.55	1	1
99.2979	23	0	1	LastDelay	0.00275196	2751.97	1	1
99.3321	15	0	1	LastDelay	0.0019547	1954.7	1	1
99.3681	20	0	1	LastDelay	0	0	1	0
99.427	35	0	1	LastDelay	0.00330611	3306.11	1	1
99.4318	29	0	1	LastDelay	0	0	1	0
99.508	33	0	1	LastDelay	0.00572267	5722.67	1	1
99.5338	45	0	1	LastDelay	0	0	1	0
99.5432	34	0	1	LastDelay	0	0	1	0
99.5962	24	0	1	LastDelay	0.00330618	3306.18	1	1
99.6284	30	0	1	LastDelay	0.000115085	115.085	1	1
99.752	37	0	1	LastDelay	0	0	1	0
99.8508	8	0	1	LastDelay	0.00335813	3358.13	1	1
99.8827	5	0	1	LastDelay	0	0	1	0
99.9223	18	0	1	LastDelay	0.00263351	2633.51	1	1
99.9429	14	0	1	LastDelay	0	0	1	0
99.9897	36	0	1	LastDelay	0	0	1	0
