Time	Node	AppId	SeqNo	Type	DelayS	DelayUS	RetxCount	HopCount
15.249	3	0	1	LastDelay	0	0	1	1
16.2527	3	0	1	LastDelay	0.00362105	3621.05	1	1
16.2527	2	0	1	LastDelay	0.0391094	39109.4	1	1
17.2136	2	0	1	LastDelay	0	0	1	0
17.249	3	0	1	LastDelay	0	0	1	0
17.2895	1	0	1	LastDelay	0.00351324	3513.24	1	1
18.2169	2	0	1	LastDelay	0.00335723	3357.23	1	1
18.2556	3	0	1	LastDelay	0.00650426	6504.26	1	1
18.2859	1	0	1	LastDelay	0	0	1	0
19.2136	2	0	1	LastDelay	0	0	1	0
19.2396	0	0	1	LastDelay	0	0	1	1
19.249	3	0	1	LastDelay	0	0	1	0
19.3283	10	0	1	LastDelay	0	0	1	3
19.4143	22	0	1	LastDelay	0	0	1	3
19.4237	35	0	1	LastDelay	0	0	1	3
19.4318	29	0	1	LastDelay	0	0	1	3
19.4979	41	0	1	LastDelay	0	0	1	3
19.5432	34	0	1	LastDelay	0	0	1	3
19.5929	24	0	1	LastDelay	0	0	1	3
19.6283	30	0	1	LastDelay	0	0	1	3
19.8827	5	0	1	LastDelay	0	0	1	2
19.9196	18	0	1	LastDelay	0	0	1	3
19.9897	36	0	1	LastDelay	0	0	1	3
20.0423	40	0	1	LastDelay	0	0	1	3
20.0676	16	0	1	LastDelay	0	0	1	3
20.0682	11	0	1	LastDelay	0	0	1	3
20.1422	46	0	1	LastDelay	0	0	1	3
20.1612	4	0	1	LastDelay	0	0	1	2
20.1954	6	0	1	LastDelay	0	0	1	3
20.2431	0	0	1	LastDelay	0.00340903	3409.03	1	1
20.2485	12	0	1	LastDelay	0	0	1	3
20.2524	3	0	1	LastDelay	0.0033561	3356.1	1	1
20.2815	42	0	1	LastDelay	0	0	1	3
20.2893	1	0	1	LastDelay	0.0033306	3330.6	1	1
20.2952	23	0	1	LastDelay	0	0	1	3
21.1677	4	0	1	LastDelay	0.00650442	6504.42	1	1
21.2169	2	0	1	LastDelay	0.00333007	3330.07	1	1
21.2396	0	0	1	LastDelay	0	0	1	0
21.249	3	0	1	LastDelay	0	0	1	0
21.2859	1	0	1	LastDelay	0	0	1	0
22.1612	4	0	1	LastDelay	0	0	1	0
22.2136	2	0	1	LastDelay	0	0	1	0
23.2893	1	0	1	LastDelay	0.00336923	3369.23	1	1
24.1646	4	0	1	LastDelay	0.00333076	3330.76	1	1
24.2169	2	0	1	LastDelay	0.0033308	3330.8	1	1
24.2859	1	0	1	LastDelay	0	0	1	0
25.1612	4	0	1	LastDelay	0	0	1	0
25.2136	2	0	1	LastDelay	0	0	1	0
27.2926	21	0	1	LastDelay	0	0	1	2
27.2928	1	0	1	LastDelay	0.00689274	6892.74	1	1
27.3302	15	0	1	LastDelay	0	0	1	3
27.3675	9	0	1	LastDelay	0	0	1	1
27.5023	33	0	1	LastDelay	0	0	1	2
27.5338	45	0	1	LastDelay	0	0	1	2
27.8474	8	0	1	LastDelay	0	0	1	1
27.8892	5	0	1	LastDelay	0.00649634	6496.34	1	1
27.8926	39	0	1	LastDelay	0	0	1	3
28.0205	27	0	1	LastDelay	0	0	1	3
28.1646	4	0	1	LastDelay	0.00336932	3369.32	1	1
28.2859	1	0	1	LastDelay	0	0	1	0
28.3739	9	0	1	LastDelay	0.00645215	6452.15	1	1
28.8508	8	0	1	LastDelay	0.00340872	3408.72	1	1
28.8827	5	0	1	LastDelay	0	0	1	0
29.1612	4	0	1	LastDelay	0	0	1	0
29.243	0	0	1	LastDelay	0.0033561	3356.1	1	1
29.3675	9	0	1	LastDelay	0	0	1	0
29.8474	8	0	1	LastDelay	0	0	1	0
30.165	7	0	1	LastDelay	0.914939	914939	1	1
30.1991	6	0	1	LastDelay	0.00370025	3700.25	1	1
30.2396	0	0	1	LastDelay	0	0	1	0
30.25	7	0	1	LastDelay	0	0	1	0
31.1954	6	0	1	LastDelay	0	0	1	0
32.2536	7	0	1	LastDelay	0.00361041	3610.41	1	1
33.25	7	0	1	LastDelay	0	0	1	0
34.1646	4	0	1	LastDelay	0.0033301	3330.1	1	1
34.3708	9	0	1	LastDelay	0.00333046	3330.46	1	1
35.1612	4	0	1	LastDelay	0	0	1	0
35.3316	10	0	1	LastDelay	0.00333077	3330.77	1	1
35.3675	9	0	1	LastDelay	0	0	1	0
36.077	11	0	1	LastDelay	0.00882853	8828.53	1	1
36.2508	12	0	1	LastDelay	0.00231975	2319.75	1	1
36.2893	1	0	1	LastDelay	0.00333013	3330.13	1	1
36.3283	10	0	1	LastDelay	0	0	1	0
36.886	5	0	1	LastDelay	0.00335626	3356.26	1	1
37.0682	11	0	1	LastDelay	0	0	1	0
37.2485	12	0	1	LastDelay	0	0	1	0
37.2513	7	0	1	LastDelay	0.00127641	1276.41	1	1
37.2859	1	0	1	LastDelay	0	0	1	0
37.8827	5	0	1	LastDelay	0	0	1	0
38.1987	6	0	1	LastDelay	0.00333022	3330.22	1	1
38.243	0	0	1	LastDelay	0.00335622	3356.22	1	1
38.25	7	0	1	LastDelay	0	0	1	0
38.886	5	0	1	LastDelay	0.00336905	3369.05	1	1
39.0715	11	0	1	LastDelay	0.00333068	3330.68	1	1
39.1651	4	0	1	LastDelay	0.00383089	3830.89	1	1
39.1954	6	0	1	LastDelay	0	0	1	0
39.2396	0	0	1	LastDelay	0	0	1	0
39.2534	7	0	1	LastDelay	0.0033982	3398.2	1	1
39.8827	5	0	1	LastDelay	0	0	1	0
40.0682	11	0	1	LastDelay	0	0	1	0
40.1612	4	0	1	LastDelay	0	0	1	0
40.2019	6	0	1	LastDelay	0.00655141	6551.41	1	1
40.25	7	0	1	LastDelay	0	0	1	0
40.3351	15	0	1	LastDelay	0.00491183	4911.84	1	1
40.9429	14	0	1	LastDelay	0	0	1	1
41.1954	6	0	1	LastDelay	0	0	1	0
41.2538	7	0	1	LastDelay	0.00381271	3812.71	1	1
41.2893	1	0	1	LastDelay	0.00333096	3330.96	1	1
41.3302	15	0	1	LastDelay	0	0	1	0
41.3316	10	0	1	LastDelay	0.00333019	3330.19	1	1
41.886	5	0	1	LastDelay	0.00333015	3330.15	1	1
41.9463	14	0	1	LastDelay	0.00333094	3330.94	1	1
42.0746	11	0	1	LastDelay	0.00643844	6438.44	1	1
42.1646	4	0	1	LastDelay	0.00334331	3343.31	1	1
42.1987	6	0	1	LastDelay	0.00334311	3343.11	1	1
42.243	0	0	1	LastDelay	0.00333085	3330.85	1	1
42.2492	12	0	1	LastDelay	0.000747955	747.955	1	1
42.25	7	0	1	LastDelay	0	0	1	0
42.2859	1	0	1	LastDelay	0	0	1	0
42.3283	10	0	1	LastDelay	0	0	1	0
42.8827	5	0	1	LastDelay	0	0	1	0
42.9429	14	0	1	LastDelay	0	0	1	0
43.0682	11	0	1	LastDelay	0	0	1	0
43.0741	17	0	1	LastDelay	0.00124638	1246.38	1	1
43.1612	4	0	1	LastDelay	0	0	1	0
43.1954	6	0	1	LastDelay	0	0	1	0
43.2396	0	0	1	LastDelay	0	0	1	0
43.2485	12	0	1	LastDelay	0	0	1	0
43.2893	1	0	1	LastDelay	0.0033431	3343.1	1	1
43.333	15	0	1	LastDelay	0.00287226	2872.26	1	1
43.4351	29	0	1	LastDelay	0.00333091	3330.91	1	1
43.5012	41	0	1	LastDelay	0.003343	3343	1	1
43.5962	24	0	1	LastDelay	0.00333	3330	1	1
43.6316	30	0	1	LastDelay	0.003356	3356	1	1
43.9463	14	0	1	LastDelay	0.0033435	3343.5	1	1
44.0461	40	0	1	LastDelay	0.003832	3832	1	1
44.0728	17	0	1	LastDelay	0	0	1	0
44.0794	16	0	1	LastDelay	0.0118038	11803.8	1	1
44.1939	13	0	1	LastDelay	0	0	1	1
44.1987	6	0	1	LastDelay	0.0033432	3343.2	1	1
44.243	0	0	1	LastDelay	0.00333006	3330.06	1	1
44.2599	7	0	1	LastDelay	0.00987846	9878.46	1	1
44.2661	12	0	1	LastDelay	0.0176533	17653.3	1	1
44.2859	1	0	1	LastDelay	0	0	1	0
44.3302	15	0	1	LastDelay	0	0	1	0
44.4289	35	0	1	LastDelay	0.00517963	5179.63	1	1
44.4318	29	0	1	LastDelay	0	0	1	0
44.4979	41	0	1	LastDelay	0	0	1	0
44.5929	24	0	1	LastDelay	0	0	1	0
44.6283	30	0	1	LastDelay	0	0	1	0
44.886	5	0	1	LastDelay	0.00333015	3330.15	1	1
44.9429	14	0	1	LastDelay	0	0	1	0
45.0423	40	0	1	LastDelay	0	0	1	0
45.0676	16	0	1	LastDelay	0	0	1	0
45.0715	11	0	1	LastDelay	0.00335626	3356.26	1	1
45.1646	4	0	1	LastDelay	0.00333007	3330.07	1	1
45.1954	6	0	1	LastDelay	0	0	1	0
45.1972	13	0	1	LastDelay	0.00333093	3330.93	1	1
45.2396	0	0	1	LastDelay	0	0	1	0
45.2485	12	0	1	LastDelay	0	0	1	0
45.25	7	0	1	LastDelay	0	0	1	0
45.3383	15	0	1	LastDelay	0.00809796	8097.96	1	1
45.4237	35	0	1	LastDelay	0	0	1	0
45.8827	5	0	1	LastDelay	0	0	1	0
46.0682	11	0	1	LastDelay	0	0	1	0
46.0751	16	0	1	LastDelay	0.00756133	7561.33	1	1
46.1612	4	0	1	LastDelay	0	0	1	0
46.1939	13	0	1	LastDelay	0	0	1	0
46.2513	12	0	1	LastDelay	0.00284552	2845.53	1	1
46.2513	7	0	1	LastDelay	0.00127476	1274.76	1	1
46.3302	15	0	1	LastDelay	0	0	1	0
47.0676	16	0	1	LastDelay	0	0	1	0
47.075	17	0	1	LastDelay	0.00212391	2123.91	1	1
47.243	0	0	1	LastDelay	0.0033301	3330.1	1	1
47.2485	12	0	1	LastDelay	0	0	1	0
47.25	7	0	1	LastDelay	0	0	1	0
47.333	15	0	1	LastDelay	0.00287155	2871.55	1	1
48.0713	11	0	1	LastDelay	0.00310686	3106.86	1	1
48.0728	17	0	1	LastDelay	0	0	1	0
48.1979	6	0	1	LastDelay	0.00251753	2517.53	1	1
48.2396	0	0	1	LastDelay	0	0	1	0
48.2518	12	0	1	LastDelay	0.00333043	3330.43	1	1
48.2518	7	0	1	LastDelay	0.0017596	1759.6	1	1
48.3302	15	0	1	LastDelay	0	0	1	0
49.0682	11	0	1	LastDelay	0	0	1	0
49.0709	16	0	1	LastDelay	0.00333064	3330.64	1	1
49.074	17	0	1	LastDelay	0.00117492	1174.92	1	1
49.1954	6	0	1	LastDelay	0	0	1	0
49.2485	12	0	1	LastDelay	0	0	1	0
49.25	7	0	1	LastDelay	0	0	1	0
49.3316	10	0	1	LastDelay	0.0033307	3330.7	1	1
49.3316	15	0	1	LastDelay	0.00144731	1447.31	1	1
49.886	5	0	1	LastDelay	0.00338215	3382.15	1	1
49.9234	18	0	1	LastDelay	0.00372714	3727.14	1	1
49.9463	14	0	1	LastDelay	0.00334322	3343.22	1	1
50.0676	16	0	1	LastDelay	0	0	1	0
50.0715	11	0	1	LastDelay	0.00334323	3343.23	1	1
50.0728	17	0	1	LastDelay	0	0	1	0
50.1456	46	0	1	LastDelay	0.00335705	3357.05	1	1
50.1979	6	0	1	LastDelay	0.00250481	2504.81	1	1
50.2502	12	0	1	LastDelay	0.00177648	1776.48	1	1
50.2533	7	0	1	LastDelay	0.00331399	3313.99	1	1
50.2858	42	0	1	LastDelay	0.004282	4282	1	1
50.3283	10	0	1	LastDelay	0	0	1	0
50.3302	15	0	1	LastDelay	0	0	1	0
50.4258	35	0	1	LastDelay	0.00208567	2085.67	1	1
50.4347	29	0	1	LastDelay	0.00297289	2972.89	1	1
50.8827	5	0	1	LastDelay	0	0	1	0
50.9196	18	0	1	LastDelay	0	0	1	0
50.9429	14	0	1	LastDelay	0	0	1	0
50.993	36	0	1	LastDelay	0.00333	3330	1	1
51.0682	11	0	1	LastDelay	0	0	1	0
51.0709	16	0	1	LastDelay	0.00334331	3343.31	1	1
51.0754	17	0	1	LastDelay	0.00261267	2612.67	1	1
51.1422	46	0	1	LastDelay	0	0	1	0
51.1954	6	0	1	LastDelay	0	0	1	0
51.1972	13	0	1	LastDelay	0.00333064	3330.64	1	1
51.2485	12	0	1	LastDelay	0	0	1	0
51.25	7	0	1	LastDelay	0	0	1	0
51.2815	42	0	1	LastDelay	0	0	1	0
51.3017	23	0	1	LastDelay	0.00648457	6484.56	1	1
51.3319	15	0	1	LastDelay	0.00179076	1790.77	1	1
51.4237	35	0	1	LastDelay	0	0	1	0
51.4318	29	0	1	LastDelay	0	0	1	0
51.5012	41	0	1	LastDelay	0.00333037	3330.37	1	1
51.8909	21	0	1	LastDelay	0.598268	598268	1	1
51.9897	36	0	1	LastDelay	0	0	1	0
52.0238	27	0	1	LastDelay	0.00334431	3344.31	1	1
52.0456	40	0	1	LastDelay	0.00333	3330	1	1
52.0676	16	0	1	LastDelay	0	0	1	0
52.0715	11	0	1	LastDelay	0.00333023	3330.23	1	1
52.0728	17	0	1	LastDelay	0	0	1	0
52.1646	4	0	1	LastDelay	0.00333016	3330.16	1	1
52.1939	13	0	1	LastDelay	0	0	1	0
52.1987	6	0	1	LastDelay	0.0033432	3343.2	1	1
52.243	0	0	1	LastDelay	0.00333004	3330.04	1	1
52.2513	12	0	1	LastDelay	0.00280652	2806.52	1	1
52.2513	7	0	1	LastDelay	0.00123611	1236.11	1	1
52.2926	21	0	1	LastDelay	0	0	1	0
52.2952	23	0	1	LastDelay	0	0	1	0
52.3302	15	0	1	LastDelay	0	0	1	0
52.3316	10	0	1	LastDelay	0.00333002	3330.02	1	1
52.3796	20	0	1	LastDelay	0.0114788	11478.8	1	1
52.4177	22	0	1	LastDelay	0.0033959	3395.9	1	1
52.4342	29	0	1	LastDelay	0.00244688	2446.88	1	1
52.4979	41	0	1	LastDelay	0	0	1	0
52.5465	34	0	1	LastDelay	0.00333	3330	1	1
52.886	5	0	1	LastDelay	0.0033301	3330.1	1	1
52.923	18	0	1	LastDelay	0.00333027	3330.27	1	1
52.9463	14	0	1	LastDelay	0.00333016	3330.16	1	1
53.0205	27	0	1	LastDelay	0	0	1	0
53.0423	40	0	1	LastDelay	0	0	1	0
53.0682	11	0	1	LastDelay	0	0	1	0
53.0744	17	0	1	LastDelay	0.00151905	1519.05	1	1
53.1612	4	0	1	LastDelay	0	0	1	0
53.1954	6	0	1	LastDelay	0	0	1	0
53.2396	0	0	1	LastDelay	0	0	1	0
53.2485	12	0	1	LastDelay	0	0	1	0
53.25	7	0	1	LastDelay	0	0	1	0
53.2848	42	0	1	LastDelay	0.00334404	3344.04	1	1
53.2957	21	0	1	LastDelay	0.0031403	3140.3	1	1
53.2959	23	0	1	LastDelay	0.000728061	728.061	1	1
53.3283	10	0	1	LastDelay	0	0	1	0
53.3681	20	0	1	LastDelay	0	0	1	0
53.4143	22	0	1	LastDelay	0	0	1	0
53.4308	35	0	1	LastDelay	0.007073	7073	1	1
53.4318	29	0	1	LastDelay	0	0	1	0
53.5432	34	0	1	LastDelay	0	0	1	0
53.5963	24	0	1	LastDelay	0.00336906	3369.06	1	1
53.6347	30	0	1	LastDelay	0.00645161	6451.61	1	1
53.8827	5	0	1	LastDelay	0	0	1	0
53.9196	18	0	1	LastDelay	0	0	1	0
53.9429	14	0	1	LastDelay	0	0	1	0
54.0728	17	0	1	LastDelay	0	0	1	0
54.0731	11	0	1	LastDelay	0.00487468	4874.68	1	1
54.243	0	0	1	LastDelay	0.0033691	3369.1	1	1
54.2499	12	0	1	LastDelay	0.00148538	1485.38	1	1
54.2815	42	0	1	LastDelay	0	0	1	0
54.2926	21	0	1	LastDelay	0	0	1	0
54.2952	23	0	1	LastDelay	0	0	1	0
54.3323	15	0	1	LastDelay	0.00213304	2133.04	1	1
54.4237	35	0	1	LastDelay	0	0	1	0
54.5929	24	0	1	LastDelay	0	0	1	0
54.6283	30	0	1	LastDelay	0	0	1	0
54.886	5	0	1	LastDelay	0.00334315	3343.15	1	1
54.9467	14	0	1	LastDelay	0.00379327	3793.27	1	1
55.0682	11	0	1	LastDelay	0	0	1	0
55.0709	16	0	1	LastDelay	0.00333005	3330.05	1	1
55.074	17	0	1	LastDelay	0.00117435	1174.35	1	1
55.2396	0	0	1	LastDelay	0	0	1	0
55.2485	12	0	1	LastDelay	0	0	1	0
55.2945	21	0	1	LastDelay	0.00192253	1922.53	1	1
55.3122	19	0	1	LastDelay	0.273576	273576	1	1
55.3302	15	0	1	LastDelay	0	0	1	0
55.3316	10	0	1	LastDelay	0.0033301	3330.1	1	1
55.8827	5	0	1	LastDelay	0	0	1	0
55.9429	14	0	1	LastDelay	0	0	1	0
56.0386	19	0	1	LastDelay	0	0	1	0
56.0676	16	0	1	LastDelay	0	0	1	0
56.0728	17	0	1	LastDelay	0	0	1	0
56.243	0	0	1	LastDelay	0.00333002	3330.02	1	1
56.2498	12	0	1	LastDelay	0.00139417	1394.17	1	1
56.2926	21	0	1	LastDelay	0	0	1	0
56.3283	10	0	1	LastDelay	0	0	1	0
56.886	5	0	1	LastDelay	0.00334315	3343.15	1	1
56.9264	18	0	1	LastDelay	0.00679645	6796.45	1	1
57.0722	11	0	1	LastDelay	0.00400201	4002.01	1	1
57.0753	17	0	1	LastDelay	0.00247803	2478.03	1	1
57.1683	4	0	1	LastDelay	0.00705841	7058.41	1	1
57.2396	0	0	1	LastDelay	0	0	1	0
57.2485	12	0	1	LastDelay	0	0	1	0
57.2966	21	0	1	LastDelay	0.00401666	4016.66	1	1
57.3327	15	0	1	LastDelay	0.00254107	2541.07	1	1
57.3693	20	0	1	LastDelay	0.00113791	1137.91	1	1
57.8827	5	0	1	LastDelay	0	0	1	0
57.9196	18	0	1	LastDelay	0	0	1	0
57.9463	14	0	1	LastDelay	0.00333016	3330.16	1	1
58.042	19	0	1	LastDelay	0.00333074	3330.74	1	1
58.0682	11	0	1	LastDelay	0	0	1	0
58.0728	17	0	1	LastDelay	0	0	1	0
58.1612	4	0	1	LastDelay	0	0	1	0
58.243	0	0	1	LastDelay	0.00333026	3330.26	1	1
58.2926	21	0	1	LastDelay	0	0	1	0
58.3302	15	0	1	LastDelay	0	0	1	0
58.3681	20	0	1	LastDelay	0	0	1	0
58.923	18	0	1	LastDelay	0.00333053	3330.53	1	1
58.9429	14	0	1	LastDelay	0	0	1	0
59.0386	19	0	1	LastDelay	0	0	1	0
59.0713	11	0	1	LastDelay	0.00309343	3093.43	1	1
59.199	6	0	1	LastDelay	0.00357388	3573.88	1	1
59.2396	0	0	1	LastDelay	0	0	1	0
59.2518	12	0	1	LastDelay	0.00333005	3330.05	1	1
59.3393	15	0	1	LastDelay	0.00912789	9127.89	1	1
59.4177	22	0	1	LastDelay	0.00334373	3343.73	1	1
59.886	5	0	1	LastDelay	0.00335605	3356.05	1	1
59.9196	18	0	1	LastDelay	0	0	1	0
59.9463	14	0	1	LastDelay	0.00333022	3330.22	1	1
60.0682	11	0	1	LastDelay	0	0	1	0
60.0751	17	0	1	LastDelay	0.00223012	2230.12	1	1
60.1646	4	0	1	LastDelay	0.00333021	3330.21	1	1
60.1954	6	0	1	LastDelay	0	0	1	0
60.243	0	0	1	LastDelay	0.00333018	3330.18	1	1
60.2485	12	0	1	LastDelay	0	0	1	0
60.2959	21	0	1	LastDelay	0.00333015	3330.15	1	1
60.3197	23	0	1	LastDelay	0.0245646	24564.6	1	1
60.3302	15	0	1	LastDelay	0	0	1	0
60.3316	10	0	1	LastDelay	0.00336914	3369.14	1	1
60.3714	20	0	1	LastDelay	0.00333021	3330.21	1	1
60.4143	22	0	1	LastDelay	0	0	1	0
60.8827	5	0	1	LastDelay	0	0	1	0
60.923	18	0	1	LastDelay	0.00333036	3330.36	1	1
60.9429	14	0	1	LastDelay	0	0	1	0
61.0451	19	0	1	LastDelay	0.00643824	6438.24	1	1
61.0709	16	0	1	LastDelay	0.00333005	3330.05	1	1
61.0709	11	0	1	LastDelay	0.00273732	2737.32	1	1
61.0728	17	0	1	LastDelay	0	0	1	0
61.1612	4	0	1	LastDelay	0	0	1	0
61.1987	6	0	1	LastDelay	0.00334306	3343.06	1	1
61.2396	0	0	1	LastDelay	0	0	1	0
61.2518	12	0	1	LastDelay	0.0033431	3343.1	1	1
61.2926	21	0	1	LastDelay	0	0	1	0
61.2952	23	0	1	LastDelay	0	0	1	0
61.3283	10	0	1	LastDelay	0	0	1	0
61.3335	15	0	1	LastDelay	0.00333014	3330.14	1	1
61.3681	20	0	1	LastDelay	0	0	1	0
61.4177	22	0	1	LastDelay	0.00333049	3330.49	1	1
61.886	5	0	1	LastDelay	0.00333002	3330.02	1	1
61.9196	18	0	1	LastDelay	0	0	1	0
62.0386	19	0	1	LastDelay	0	0	1	0
62.0676	16	0	1	LastDelay	0	0	1	0
62.0682	11	0	1	LastDelay	0	0	1	0
62.1646	4	0	1	LastDelay	0.00333054	3330.54	1	1
62.1954	6	0	1	LastDelay	0	0	1	0
62.2485	12	0	1	LastDelay	0	0	1	0
62.3035	23	0	1	LastDelay	0.00836433	8364.33	1	1
62.3302	15	0	1	LastDelay	0	0	1	0
62.4143	22	0	1	LastDelay	0	0	1	0
62.8827	5	0	1	LastDelay	0	0	1	0
62.923	18	0	1	LastDelay	0.00333062	3330.62	1	1
63.042	19	0	1	LastDelay	0.00333026	3330.26	1	1
63.0755	17	0	1	LastDelay	0.00270631	2706.31	1	1
63.0755	11	0	1	LastDelay	0.00736455	7364.55	1	1
63.1612	4	0	1	LastDelay	0	0	1	0
63.243	0	0	1	LastDelay	0.00333025	3330.25	1	1
63.2526	12	0	1	LastDelay	0.0041597	4159.7	1	1
63.2952	23	0	1	LastDelay	0	0	1	0
63.3323	15	0	1	LastDelay	0.00214588	2145.88	1	1
63.4177	22	0	1	LastDelay	0.00333041	3330.41	1	1
63.886	5	0	1	LastDelay	0.00333005	3330.05	1	1
63.9196	18	0	1	LastDelay	0	0	1	0
64.0386	19	0	1	LastDelay	0	0	1	0
64.0682	11	0	1	LastDelay	0	0	1	0
64.0709	16	0	1	LastDelay	0.0033301	3330.1	1	1
64.0728	17	0	1	LastDelay	0	0	1	0
64.1646	4	0	1	LastDelay	0.0033561	3356.1	1	1
64.178	27	0	1	LastDelay	0.157461	157461	1	1
64.1989	6	0	1	LastDelay	0.00355069	3550.69	1	1
64.2396	0	0	1	LastDelay	0	0	1	0
64.2485	12	0	1	LastDelay	0	0	1	0
64.2959	21	0	1	LastDelay	0.00333016	3330.16	1	1
64.2959	23	0	1	LastDelay	0.000761955	761.955	1	1
64.3302	15	0	1	LastDelay	0	0	1	0
64.3308	10	0	1	LastDelay	0.00257201	2572.01	1	1
64.3714	20	0	1	LastDelay	0.00333007	3330.07	1	1
64.4143	22	0	1	LastDelay	0	0	1	0
64.8827	5	0	1	LastDelay	0	0	1	0
64.9454	14	0	1	LastDelay	0.00243403	2434.03	1	1
65.0205	27	0	1	LastDelay	0	0	1	0
65.0555	19	0	1	LastDelay	0.0168319	16831.9	1	1
65.0676	16	0	1	LastDelay	0	0	1	0
65.0715	11	0	1	LastDelay	0.00333025	3330.25	1	1
65.0746	17	0	1	LastDelay	0.00176815	1768.15	1	1
65.1612	4	0	1	LastDelay	0	0	1	0
65.1954	6	0	1	LastDelay	0	0	1	0
65.2502	12	0	1	LastDelay	0.00176304	1763.05	1	1
65.2926	21	0	1	LastDelay	0	0	1	0
65.2952	23	0	1	LastDelay	0	0	1	0
65.3283	10	0	1	LastDelay	0	0	1	0
65.3681	20	0	1	LastDelay	0	0	1	0
65.886	5	0	1	LastDelay	0.0033431	3343.1	1	1
65.923	18	0	1	LastDelay	0.0033301	3330.1	1	1
65.9429	14	0	1	LastDelay	0	0	1	0
66.0386	19	0	1	LastDelay	0	0	1	0
66.0682	11	0	1	LastDelay	0	0	1	0
66.0728	17	0	1	LastDelay	0	0	1	0
66.173	26	0	1	LastDelay	0	0	1	1
66.2485	12	0	1	LastDelay	0	0	1	0
66.3012	23	0	1	LastDelay	0.00599477	5994.77	1	1
66.3361	15	0	1	LastDelay	0.00596722	5967.22	1	1
66.8827	5	0	1	LastDelay	0	0	1	0
66.9196	18	0	1	LastDelay	0	0	1	0
67.0239	27	0	1	LastDelay	0.00338299	3382.99	1	1
67.0709	16	0	1	LastDelay	0.00334315	3343.15	1	1
67.0793	17	0	1	LastDelay	0.00641919	6419.19	1	1
67.2952	23	0	1	LastDelay	0	0	1	0
67.2959	21	0	1	LastDelay	0.00333002	3330.02	1	1
67.3302	15	0	1	LastDelay	0	0	1	0
68.0205	27	0	1	LastDelay	0	0	1	0
68.0676	16	0	1	LastDelay	0	0	1	0
68.0728	17	0	1	LastDelay	0	0	1	0
68.2492	12	0	1	LastDelay	0.000766195	766.195	1	1
68.2926	21	0	1	LastDelay	0	0	1	0
68.3354	15	0	1	LastDelay	0.00524161	5241.61	1	1
68.904	25	0	1	LastDelay	0	0	1	1
69.0723	11	0	1	LastDelay	0.00412343	4123.43	1	1
69.1768	26	0	1	LastDelay	0.0037519	3751.9	1	1
69.1987	6	0	1	LastDelay	0.00333005	3330.05	1	1
69.2485	12	0	1	LastDelay	0	0	1	0
69.3012	23	0	1	LastDelay	0.00604652	6046.52	1	1
69.3302	15	0	1	LastDelay	0	0	1	0
69.3719	20	0	1	LastDelay	0.0038063	3806.3	1	1
69.8871	28	0	1	LastDelay	0.00248262	2482.62	1	1
69.905	25	0	1	LastDelay	0.000977156	977.156	1	1
69.9198	18	0	1	LastDelay	0.000166705	166.705	1	1
69.9451	14	0	1	LastDelay	0.00214917	2149.17	1	1
70.0238	27	0	1	LastDelay	0.00333038	3330.38	1	1
70.0682	11	0	1	LastDelay	0	0	1	0
70.0709	16	0	1	LastDelay	0.0033563	3356.3	1	1
70.0744	17	0	1	LastDelay	0.00154416	1544.16	1	1
70.173	26	0	1	LastDelay	0	0	1	0
70.1954	6	0	1	LastDelay	0	0	1	0
70.2535	12	0	1	LastDelay	0.00503085	5030.85	1	1
70.2952	23	0	1	LastDelay	0	0	1	0
70.3387	15	0	1	LastDelay	0.00854795	8547.95	1	1
70.3681	20	0	1	LastDelay	0	0	1	0
70.439	29	0	1	LastDelay	0.0072654	7265.4	1	1
70.8846	28	0	1	LastDelay	0	0	1	0
70.8891	5	0	1	LastDelay	0.00642543	6425.43	1	1
70.904	25	0	1	LastDelay	0	0	1	0
70.9196	18	0	1	LastDelay	0	0	1	0
70.9429	14	0	1	LastDelay	0	0	1	0
71.0205	27	0	1	LastDelay	0	0	1	0
71.0676	16	0	1	LastDelay	0	0	1	0
71.0728	17	0	1	LastDelay	0	0	1	0
71.1646	4	0	1	LastDelay	0.0033301	3330.1	1	1
71.2485	12	0	1	LastDelay	0	0	1	0
71.2963	23	0	1	LastDelay	0.00110499	1104.99	1	1
71.3302	15	0	1	LastDelay	0	0	1	0
71.4318	29	0	1	LastDelay	0	0	1	0
71.5997	24	0	1	LastDelay	0.00676892	6768.91	1	1
71.8827	5	0	1	LastDelay	0	0	1	0
71.8886	28	0	1	LastDelay	0.00405608	4056.08	1	1
72.0713	11	0	1	LastDelay	0.00308061	3080.61	1	1
72.0765	17	0	1	LastDelay	0.00361572	3615.72	1	1
72.1612	4	0	1	LastDelay	0	0	1	0
72.1764	26	0	1	LastDelay	0.00333042	3330.42	1	1
72.2506	12	0	1	LastDelay	0.00212013	2120.13	1	1
72.2952	23	0	1	LastDelay	0	0	1	0
72.2959	21	0	1	LastDelay	0.00333029	3330.29	1	1
72.333	15	0	1	LastDelay	0.0028453	2845.3	1	1
72.3724	20	0	1	LastDelay	0.00432541	4325.41	1	1
72.4349	29	0	1	LastDelay	0.00319002	3190.02	1	1
72.5929	24	0	1	LastDelay	0	0	1	0
72.8846	28	0	1	LastDelay	0	0	1	0
72.8891	5	0	1	LastDelay	0.00645198	6451.98	1	1
72.9095	25	0	1	LastDelay	0.00551565	5515.65	1	1
72.9199	18	0	1	LastDelay	0.000236627	236.627	1	1
72.947	14	0	1	LastDelay	0.0040995	4099.5	1	1
73.0238	27	0	1	LastDelay	0.00333037	3330.37	1	1
73.0682	11	0	1	LastDelay	0	0	1	0
73.0728	17	0	1	LastDelay	0	0	1	0
73.173	26	0	1	LastDelay	0	0	1	0
73.1987	6	0	1	LastDelay	0.00333005	3330.05	1	1
73.2461	0	0	1	LastDelay	0.00647838	6478.39	1	1
73.2485	12	0	1	LastDelay	0	0	1	0
73.2926	21	0	1	LastDelay	0	0	1	0
73.3302	15	0	1	LastDelay	0	0	1	0
73.3681	20	0	1	LastDelay	0	0	1	0
73.4208	22	0	1	LastDelay	0.0064514	6451.4	1	1
73.4318	29	0	1	LastDelay	0	0	1	0
73.5962	24	0	1	LastDelay	0.00333019	3330.19	1	1
73.8827	5	0	1	LastDelay	0	0	1	0
73.904	25	0	1	LastDelay	0	0	1	0
73.9196	18	0	1	LastDelay	0	0	1	0
73.9429	14	0	1	LastDelay	0	0	1	0
74.0205	27	0	1	LastDelay	0	0	1	0
74.0713	11	0	1	LastDelay	0.00309348	3093.48	1	1
74.0864	17	0	1	LastDelay	0.0136026	13602.6	1	1
74.1759	26	0	1	LastDelay	0.00289386	2893.86	1	1
74.1954	6	0	1	LastDelay	0	0	1	0
74.2396	0	0	1	LastDelay	0	0	1	0
74.2963	23	0	1	LastDelay	0.00111848	1118.48	1	1
74.3316	10	0	1	LastDelay	0.00333035	3330.35	1	1
74.3316	15	0	1	LastDelay	0.00144697	1446.97	1	1
74.373	20	0	1	LastDelay	0.00485228	4852.28	1	1
74.4143	22	0	1	LastDelay	0	0	1	0
74.5929	24	0	1	LastDelay	0	0	1	0
74.886	5	0	1	LastDelay	0.0033301	3330.1	1	1
74.8894	28	0	1	LastDelay	0.0048648	4864.8	1	1
74.9147	25	0	1	LastDelay	0.0106719	10671.9	1	1
74.9216	18	0	1	LastDelay	0.00200671	2006.71	1	1
74.9445	14	0	1	LastDelay	0.00158442	1584.42	1	1
75.0682	11	0	1	LastDelay	0	0	1	0
75.0709	16	0	1	LastDelay	0.0033303	3330.3	1	1
75.0728	17	0	1	LastDelay	0	0	1	0
75.173	26	0	1	LastDelay	0	0	1	0
75.243	0	0	1	LastDelay	0.00333018	3330.18	1	1
75.2563	12	0	1	LastDelay	0.00784737	7847.37	1	1
75.2952	23	0	1	LastDelay	0	0	1	0
75.2959	21	0	1	LastDelay	0.00333014	3330.14	1	1
75.3283	10	0	1	LastDelay	0	0	1	0
75.3302	15	0	1	LastDelay	0	0	1	0
75.3681	20	0	1	LastDelay	0	0	1	0
75.4177	22	0	1	LastDelay	0.00333015	3330.15	1	1
75.4349	29	0	1	LastDelay	0.00314942	3149.43	1	1
75.6024	24	0	1	LastDelay	0.00952093	9520.93	1	1
75.8827	5	0	1	LastDelay	0	0	1	0
75.8846	28	0	1	LastDelay	0	0	1	0
75.904	25	0	1	LastDelay	0	0	1	0
75.9196	18	0	1	LastDelay	0	0	1	0
75.9429	14	0	1	LastDelay	0	0	1	0
76.0676	16	0	1	LastDelay	0	0	1	0
76.0715	11	0	1	LastDelay	0.00333024	3330.24	1	1
76.0781	17	0	1	LastDelay	0.00523145	5231.45	1	1
76.1646	4	0	1	LastDelay	0.00333017	3330.17	1	1
76.1763	26	0	1	LastDelay	0.00322404	3224.04	1	1
76.1956	6	0	1	LastDelay	0.000189557	189.557	1	1
76.2396	0	0	1	LastDelay	0	0	1	0
76.2485	12	0	1	LastDelay	0	0	1	0
76.2926	21	0	1	LastDelay	0	0	1	0
76.2985	23	0	1	LastDelay	0.0033301	3330.1	1	1
76.3316	10	0	1	LastDelay	0.00333002	3330.02	1	1
76.3364	15	0	1	LastDelay	0.00623345	6233.45	1	1
76.3746	20	0	1	LastDelay	0.00645738	6457.38	1	1
76.4143	22	0	1	LastDelay	0	0	1	0
76.4318	29	0	1	LastDelay	0	0	1	0
76.5929	24	0	1	LastDelay	0	0	1	0
76.886	5	0	1	LastDelay	0.0033302	3330.2	1	1
76.886	28	0	1	LastDelay	0.00141313	1413.13	1	1
76.906	25	0	1	LastDelay	0.00195814	1958.14	1	1
76.9207	18	0	1	LastDelay	0.00110922	1109.22	1	1
77.0269	27	0	1	LastDelay	0.00645141	6451.41	1	1
77.0682	11	0	1	LastDelay	0	0	1	0
77.0728	17	0	1	LastDelay	0	0	1	0
77.1612	4	0	1	LastDelay	0	0	1	0
77.173	26	0	1	LastDelay	0	0	1	0
77.1954	6	0	1	LastDelay	0	0	1	0
77.2506	12	0	1	LastDelay	0.00212062	2120.62	1	1
77.2952	23	0	1	LastDelay	0	0	1	0
77.3283	10	0	1	LastDelay	0	0	1	0
77.3302	15	0	1	LastDelay	0	0	1	0
77.3681	20	0	1	LastDelay	0	0	1	0
77.4325	29	0	1	LastDelay	0.000768981	768.981	1	1
77.5465	34	0	1	LastDelay	0.00333104	3331.04	1	1
77.632	30	0	1	LastDelay	0.00371385	3713.85	1	1
77.8827	5	0	1	LastDelay	0	0	1	0
77.8846	28	0	1	LastDelay	0	0	1	0
77.904	25	0	1	LastDelay	0	0	1	0
77.9196	18	0	1	LastDelay	0	0	1	0
77.9463	14	0	1	LastDelay	0.00333008	3330.08	1	1
78.0205	27	0	1	LastDelay	0	0	1	0
78.047	40	0	1	LastDelay	0.00469708	4697.08	1	1
78.0747	11	0	1	LastDelay	0.00654484	6544.84	1	1
78.0747	17	0	1	LastDelay	0.00188666	1886.66	1	1
78.1752	26	0	1	LastDelay	0.00219461	2194.61	1	1
78.199	32	0	1	LastDelay	0	0	1	1
78.2443	44	0	1	LastDelay	0	0	1	2
78.2485	12	0	1	LastDelay	0	0	1	0
78.2848	42	0	1	LastDelay	0.00334396	3343.96	1	1
78.2966	23	0	1	LastDelay	0.00146109	1461.09	1	1
78.2968	1	0	1	LastDelay	0.0108888	10888.8	1	1
78.3371	10	0	1	LastDelay	0.00887229	8872.29	1	1
78.3371	15	0	1	LastDelay	0.0069889	6988.9	1	1
78.3912	33	0	1	LastDelay	0.888869	888869	1	1
78.418	22	0	1	LastDelay	0.00371229	3712.29	1	1
78.4302	35	0	1	LastDelay	0.00654261	6542.61	1	1
78.4318	29	0	1	LastDelay	0	0	1	0
78.5023	33	0	1	LastDelay	0	0	1	0
78.5432	34	0	1	LastDelay	0	0	1	0
78.5962	24	0	1	LastDelay	0.00333025	3330.25	1	1
78.6283	30	0	1	LastDelay	0	0	1	0
78.8863	28	0	1	LastDelay	0.00175633	1756.33	1	1
78.9429	14	0	1	LastDelay	0	0	1	0
78.9782	38	0	1	LastDelay	0	0	1	3
79.0423	40	0	1	LastDelay	0	0	1	0
79.0682	11	0	1	LastDelay	0	0	1	0
79.0709	16	0	1	LastDelay	0.0033433	3343.3	1	1
79.0728	17	0	1	LastDelay	0	0	1	0
79.1456	46	0	1	LastDelay	0.00333011	3330.11	1	1
79.173	26	0	1	LastDelay	0	0	1	0
79.2003	13	0	1	LastDelay	0.0064123	6412.3	1	1
79.2053	32	0	1	LastDelay	0.00625884	6258.85	1	1
79.2437	0	0	1	LastDelay	0.00401627	4016.27	1	1
79.2534	7	0	1	LastDelay	0.0033302	3330.2	1	1
79.2598	12	0	1	LastDelay	0.0113655	11365.5	1	1
79.2815	42	0	1	LastDelay	0	0	1	0
79.2859	1	0	1	LastDelay	0	0	1	0
79.2952	23	0	1	LastDelay	0	0	1	0
79.2959	21	0	1	LastDelay	0.00334312	3343.12	1	1
79.3283	10	0	1	LastDelay	0	0	1	0
79.3302	15	0	1	LastDelay	0	0	1	0
79.3709	20	0	1	LastDelay	0.00275463	2754.63	1	1
79.4143	22	0	1	LastDelay	0	0	1	0
79.4237	35	0	1	LastDelay	0	0	1	0
79.5465	34	0	1	LastDelay	0.00333093	3330.93	1	1
79.5929	24	0	1	LastDelay	0	0	1	0
79.6358	30	0	1	LastDelay	0.00755991	7559.91	1	1
79.8846	28	0	1	LastDelay	0	0	1	0
79.9216	18	0	1	LastDelay	0.00198876	1988.76	1	1
79.9452	14	0	1	LastDelay	0.00221292	2212.92	1	1
80.0424	40	0	1	LastDelay	6.879e-05	68.79	1	1
80.0676	16	0	1	LastDelay	0	0	1	0
80.0784	17	0	1	LastDelay	0.00554985	5549.85	1	1
80.1422	46	0	1	LastDelay	0	0	1	0
80.176	26	0	1	LastDelay	0.00291942	2919.42	1	1
80.1939	13	0	1	LastDelay	0	0	1	0
80.1984	6	0	1	LastDelay	0.00297732	2977.32	1	1
80.199	32	0	1	LastDelay	0	0	1	0
80.2396	0	0	1	LastDelay	0	0	1	0
80.2485	12	0	1	LastDelay	0	0	1	0
80.25	7	0	1	LastDelay	0	0	1	0
80.2848	42	0	1	LastDelay	0.00333131	3331.31	1	1
80.2926	21	0	1	LastDelay	0	0	1	0
80.3351	15	0	1	LastDelay	0.00489795	4897.95	1	1
80.3681	20	0	1	LastDelay	0	0	1	0
80.4328	29	0	1	LastDelay	0.00105761	1057.61	1	1
80.5432	34	0	1	LastDelay	0	0	1	0
80.5966	24	0	1	LastDelay	0.00368656	3686.56	1	1
80.6283	30	0	1	LastDelay	0	0	1	0
80.8867	28	0	1	LastDelay	0.00213943	2139.43	1	1
80.9196	18	0	1	LastDelay	0	0	1	0
80.9429	14	0	1	LastDelay	0	0	1	0
81.042	19	0	1	LastDelay	0.00335613	3356.13	1	1
81.0423	40	0	1	LastDelay	0	0	1	0
81.0728	17	0	1	LastDelay	0	0	1	0
81.0778	11	0	1	LastDelay	0.00962763	9627.63	1	1
81.173	26	0	1	LastDelay	0	0	1	0
81.1791	31	0	1	LastDelay	0.917092	917092	1	1
81.1954	6	0	1	LastDelay	0	0	1	0
81.2537	7	0	1	LastDelay	0.00369912	3699.12	1	1
81.2548	12	0	1	LastDelay	0.00631023	6310.23	1	1
81.262	31	0	1	LastDelay	0	0	1	0
81.2815	42	0	1	LastDelay	0	0	1	0
81.2966	23	0	1	LastDelay	0.00146103	1461.03	1	1
81.3302	15	0	1	LastDelay	0	0	1	0
81.4318	29	0	1	LastDelay	0	0	1	0
81.5929	24	0	1	LastDelay	0	0	1	0
81.6363	30	0	1	LastDelay	0.00799689	7996.89	1	1
81.8846	28	0	1	LastDelay	0	0	1	0
82.0238	27	0	1	LastDelay	0.00333013	3330.13	1	1
82.0386	19	0	1	LastDelay	0	0	1	0
82.0682	11	0	1	LastDelay	0	0	1	0
82.1972	13	0	1	LastDelay	0.0033562	3356.2	1	1
82.2485	12	0	1	LastDelay	0	0	1	0
82.25	7	0	1	LastDelay	0	0	1	0
82.2874	1	0	1	LastDelay	0.00142854	1428.54	1	1
82.2952	23	0	1	LastDelay	0	0	1	0
82.299	21	0	1	LastDelay	0.00642551	6425.51	1	1
82.3361	15	0	1	LastDelay	0.00596724	5967.24	1	1
82.4341	29	0	1	LastDelay	0.00230847	2308.47	1	1
82.6283	30	0	1	LastDelay	0	0	1	0
82.8905	28	0	1	LastDelay	0.00591988	5919.88	1	1
83.0205	27	0	1	LastDelay	0	0	1	0
83.042	19	0	1	LastDelay	0.00336907	3369.07	1	1
83.0709	11	0	1	LastDelay	0.00273764	2737.64	1	1
83.0709	16	0	1	LastDelay	0.00333053	3330.53	1	1
83.0775	17	0	1	LastDelay	0.00462617	4626.17	1	1
83.1815	26	0	1	LastDelay	0.0084375	8437.5	1	1
83.1939	13	0	1	LastDelay	0	0	1	0
83.1967	6	0	1	LastDelay	0.00132158	1321.58	1	1
83.2002	32	0	1	LastDelay	0.00111764	1117.64	1	1
83.2419	0	0	1	LastDelay	0.00227192	2271.92	1	1
83.2491	12	0	1	LastDelay	0.000641804	641.804	1	1
83.2684	31	0	1	LastDelay	0.00638388	6383.88	1	1
83.2859	1	0	1	LastDelay	0	0	1	0
83.2926	21	0	1	LastDelay	0	0	1	0
83.3004	23	0	1	LastDelay	0.0052271	5227.1	1	1
83.3302	15	0	1	LastDelay	0	0	1	0
83.3304	10	0	1	LastDelay	0.00210901	2109.01	1	1
83.4318	29	0	1	LastDelay	0	0	1	0
83.5962	24	0	1	LastDelay	0.00333005	3330.05	1	1
83.8846	28	0	1	LastDelay	0	0	1	0
83.886	5	0	1	LastDelay	0.00333007	3330.07	1	1
83.923	18	0	1	LastDelay	0.0033301	3330.1	1	1
83.9437	14	0	1	LastDelay	0.000801623	801.623	1	1
84.0238	27	0	1	LastDelay	0.00333014	3330.14	1	1
84.0386	19	0	1	LastDelay	0	0	1	0
84.0676	16	0	1	LastDelay	0	0	1	0
84.0682	11	0	1	LastDelay	0	0	1	0
84.0728	17	0	1	LastDelay	0	0	1	0
84.1646	4	0	1	LastDelay	0.00334322	3343.22	1	1
84.173	26	0	1	LastDelay	0	0	1	0
84.1954	6	0	1	LastDelay	0	0	1	0
84.199	32	0	1	LastDelay	0	0	1	0
84.2396	0	0	1	LastDelay	0	0	1	0
84.2485	12	0	1	LastDelay	0	0	1	0
84.262	31	0	1	LastDelay	0	0	1	0
84.2952	23	0	1	LastDelay	0	0	1	0
84.3283	10	0	1	LastDelay	0	0	1	0
84.4332	29	0	1	LastDelay	0.00146633	1466.33	1	1
84.5465	34	0	1	LastDelay	0.0033312	3331.2	1	1
84.5929	24	0	1	LastDelay	0	0	1	0
84.8827	5	0	1	LastDelay	0	0	1	0
84.8879	28	0	1	LastDelay	0.00333003	3330.03	1	1
84.9196	18	0	1	LastDelay	0	0	1	0
84.9429	14	0	1	LastDelay	0	0	1	0
85.0205	27	0	1	LastDelay	0	0	1	0
85.0772	17	0	1	LastDelay	0.00431612	4316.12	1	1
85.1612	4	0	1	LastDelay	0	0	1	0
85.1764	26	0	1	LastDelay	0.00333007	3330.07	1	1
85.2004	32	0	1	LastDelay	0.00140249	1402.49	1	1
85.2502	12	0	1	LastDelay	0.00173844	1738.44	1	1
85.2762	31	0	1	LastDelay	0.0141896	14189.6	1	1
85.2949	21	0	1	LastDelay	0.00227814	2278.14	1	1
85.3021	23	0	1	LastDelay	0.00696867	6968.67	1	1
85.336	15	0	1	LastDelay	0.00585655	5856.55	1	1
85.3391	10	0	1	LastDelay	0.0108352	10835.2	1	1
85.3701	20	0	1	LastDelay	0.00200484	2004.84	1	1
85.4177	22	0	1	LastDelay	0.00333012	3330.12	1	1
85.4318	29	0	1	LastDelay	0	0	1	0
85.5432	34	0	1	LastDelay	0	0	1	0
85.8846	28	0	1	LastDelay	0	0	1	0
85.923	18	0	1	LastDelay	0.00333007	3330.07	1	1
85.9444	14	0	1	LastDelay	0.00147506	1475.06	1	1
86.0238	27	0	1	LastDelay	0.00333021	3330.21	1	1
86.0709	16	0	1	LastDelay	0.00333006	3330.06	1	1
86.0728	17	0	1	LastDelay	0	0	1	0
86.0741	11	0	1	LastDelay	0.00589787	5897.87	1	1
86.173	26	0	1	LastDelay	0	0	1	0
86.1987	6	0	1	LastDelay	0.00333009	3330.09	1	1
86.199	32	0	1	LastDelay	0	0	1	0
86.2485	12	0	1	LastDelay	0	0	1	0
86.262	31	0	1	LastDelay	0	0	1	0
86.2926	21	0	1	LastDelay	0	0	1	0
86.2952	23	0	1	LastDelay	0	0	1	0
86.3283	10	0	1	LastDelay	0	0	1	0
86.3302	15	0	1	LastDelay	0	0	1	0
86.3681	20	0	1	LastDelay	0	0	1	0
86.4143	22	0	1	LastDelay	0	0	1	0
86.4326	29	0	1	LastDelay	0.000804598	804.598	1	1
86.5962	24	0	1	LastDelay	0.00333005	3330.05	1	1
86.6316	30	0	1	LastDelay	0.00333014	3330.14	1	1
86.8867	28	0	1	LastDelay	0.00210014	2100.14	1	1
86.9196	18	0	1	LastDelay	0	0	1	0
86.9429	14	0	1	LastDelay	0	0	1	0
87.0205	27	0	1	LastDelay	0	0	1	0
87.0676	16	0	1	LastDelay	0	0	1	0
87.0682	11	0	1	LastDelay	0	0	1	0
87.1732	26	0	1	LastDelay	0.000207509	207.509	1	1
87.1954	6	0	1	LastDelay	0	0	1	0
87.1998	32	0	1	LastDelay	0.000793892	793.892	1	1
87.3052	23	0	1	LastDelay	0.0100607	10060.7	1	1
87.3342	15	0	1	LastDelay	0.00399762	3997.62	1	1
87.3342	10	0	1	LastDelay	0.00588123	5881.23	1	1
87.3686	20	0	1	LastDelay	0.000502379	502.379	1	1
87.4177	22	0	1	LastDelay	0.00334328	3343.28	1	1
87.4318	29	0	1	LastDelay	0	0	1	0
87.4359	35	0	1	LastDelay	0.0122562	12256.2	1	1
87.5056	33	0	1	LastDelay	0.00333019	3330.19	1	1
87.5929	24	0	1	LastDelay	0	0	1	0
87.6283	30	0	1	LastDelay	0	0	1	0
87.8846	28	0	1	LastDelay	0	0	1	0
87.9196	18	0	1	LastDelay	4.176e-06	4.176	1	1
87.9476	14	0	1	LastDelay	0.00469831	4698.31	1	1
88.0238	27	0	1	LastDelay	0.00333005	3330.05	1	1
88.0716	11	0	1	LastDelay	0.00343692	3436.92	1	1
88.0747	17	0	1	LastDelay	0.00188723	1887.23	1	1
88.1646	4	0	1	LastDelay	0.00333088	3330.88	1	1
88.173	26	0	1	LastDelay	0	0	1	0
88.199	32	0	1	LastDelay	0	0	1	0
88.2028	6	0	1	LastDelay	0.00738853	7388.53	1	1
88.2492	12	0	1	LastDelay	0.000721701	721.701	1	1
88.2952	23	0	1	LastDelay	0	0	1	0
88.3038	21	0	1	LastDelay	0.0112409	11240.9	1	1
88.3283	10	0	1	LastDelay	0	0	1	0
88.3302	15	0	1	LastDelay	0	0	1	0
88.3681	20	0	1	LastDelay	0	0	1	0
88.4143	22	0	1	LastDelay	0	0	1	0
88.4237	35	0	1	LastDelay	0	0	1	0
88.5023	33	0	1	LastDelay	0	0	1	0
88.5465	34	0	1	LastDelay	0.00333034	3330.34	1	1
88.6316	30	0	1	LastDelay	0.00333035	3330.35	1	1
88.8864	5	0	1	LastDelay	0.00368673	3686.73	1	1
88.8894	28	0	1	LastDelay	0.0048648	4864.8	1	1
88.8987	39	0	1	LastDelay	0.00612954	6129.54	1	1
88.9196	18	0	1	LastDelay	0	0	1	0
88.9429	14	0	1	LastDelay	0	0	1	0
89.0205	27	0	1	LastDelay	0	0	1	0
89.0682	11	0	1	LastDelay	0	0	1	0
89.0728	17	0	1	LastDelay	0	0	1	0
89.074	16	0	1	LastDelay	0.00646483	6464.83	1	1
89.1612	4	0	1	LastDelay	0	0	1	0
89.1764	26	0	1	LastDelay	0.00333022	3330.22	1	1
89.1954	6	0	1	LastDelay	0	0	1	0
89.2485	12	0	1	LastDelay	0	0	1	0
89.2926	21	0	1	LastDelay	0	0	1	0
89.3357	15	0	1	LastDelay	0.00558587	5585.87	1	1
89.4177	22	0	1	LastDelay	0.00333013	3330.13	1	1
89.4208	37	0	1	LastDelay	0.668798	668798	1	1
89.4294	35	0	1	LastDelay	0.0056707	5670.7	1	1
89.4325	29	0	1	LastDelay	0.000702519	702.519	1	1
89.5432	34	0	1	LastDelay	0	0	1	0
89.6283	30	0	1	LastDelay	0	0	1	0
89.752	37	0	1	LastDelay	0	0	1	0
89.8827	5	0	1	LastDelay	0	0	1	0
89.8846	28	0	1	LastDelay	0	0	1	0
89.8926	39	0	1	LastDelay	0	0	1	0
89.9466	14	0	1	LastDelay	0.00368776	3687.76	1	1
90.0676	16	0	1	LastDelay	0	0	1	0
90.0753	17	0	1	LastDelay	0.00244085	2440.85	1	1
90.173	26	0	1	LastDelay	0	0	1	0
90.1991	32	0	1	LastDelay	2.9886e-05	29.886	1	1
90.2468	0	0	1	LastDelay	0.00715149	7151.49	1	1
90.2499	12	0	1	LastDelay	0.0014343	1434.3	1	1
90.2636	31	0	1	LastDelay	0.00163394	1633.94	1	1
90.299	23	0	1	LastDelay	0.00386982	3869.82	1	1
90.3302	15	0	1	LastDelay	0	0	1	0
90.3452	10	0	1	LastDelay	0.016878	16878	1	1
90.3692	20	0	1	LastDelay	0.00108028	1080.28	1	1
90.4143	22	0	1	LastDelay	0	0	1	0
90.4237	35	0	1	LastDelay	0	0	1	0
90.4318	29	0	1	LastDelay	0	0	1	0
90.5056	33	0	1	LastDelay	0.00333102	3331.02	1	1
90.5532	34	0	1	LastDelay	0.00998453	9984.53	1	1
90.5962	24	0	1	LastDelay	0.00333003	3330.03	1	1
90.6347	30	0	1	LastDelay	0.00643877	6438.77	1	1
90.8935	28	0	1	LastDelay	0.00895376	8953.76	1	1
90.8935	39	0	1	LastDelay	0.000933037	933.037	1	1
90.9228	18	0	1	LastDelay	0.00313703	3137.03	1	1
90.9429	14	0	1	LastDelay	0	0	1	0
90.9957	36	0	1	LastDelay	0.00593898	5938.98	1	1
91.0238	27	0	1	LastDelay	0.0033302	3330.2	1	1
91.0709	11	0	1	LastDelay	0.00275073	2750.73	1	1
91.0709	16	0	1	LastDelay	0.00334387	3343.87	1	1
91.0728	17	0	1	LastDelay	0	0	1	0
91.1847	26	0	1	LastDelay	0.0116536	11653.6	1	1
91.1974	6	0	1	LastDelay	0.00205711	2057.11	1	1
91.199	32	0	1	LastDelay	0	0	1	0
91.2396	0	0	1	LastDelay	0	0	1	0
91.2485	12	0	1	LastDelay	0	0	1	0
91.262	31	0	1	LastDelay	0	0	1	0
91.2952	23	0	1	LastDelay	0	0	1	0
91.2959	21	0	1	LastDelay	0.00333075	3330.75	1	1
91.3283	10	0	1	LastDelay	0	0	1	0
91.3681	20	0	1	LastDelay	0	0	1	0
91.4347	29	0	1	LastDelay	0.0029262	2926.2	1	1
91.5023	33	0	1	LastDelay	0	0	1	0
91.5432	34	0	1	LastDelay	0	0	1	0
91.5929	24	0	1	LastDelay	0	0	1	0
91.6283	30	0	1	LastDelay	0	0	1	0
91.7553	37	0	1	LastDelay	0.0033695	3369.5	1	1
91.8846	28	0	1	LastDelay	0	0	1	0
91.886	5	0	1	LastDelay	0.00333012	3330.12	1	1
91.8926	39	0	1	LastDelay	0	0	1	0
91.9196	18	0	1	LastDelay	0	0	1	0
91.9853	38	0	1	LastDelay	0.00713893	7138.93	1	1
91.9897	36	0	1	LastDelay	0	0	1	0
92.0205	27	0	1	LastDelay	0	0	1	0
92.0676	16	0	1	LastDelay	0	0	1	0
92.0682	11	0	1	LastDelay	0	0	1	0
92.173	26	0	1	LastDelay	0	0	1	0
92.1954	6	0	1	LastDelay	0	0	1	0
92.2566	12	0	1	LastDelay	0.00816007	8160.07	1	1
92.2926	21	0	1	LastDelay	0	0	1	0
92.3316	10	0	1	LastDelay	0.00333009	3330.09	1	1
92.3351	15	0	1	LastDelay	0.00496345	4963.45	1	1
92.4292	35	0	1	LastDelay	0.00548325	5483.24	1	1
92.4318	29	0	1	LastDelay	0	0	1	0
92.6316	30	0	1	LastDelay	0.00333101	3331.01	1	1
92.752	37	0	1	LastDelay	0	0	1	0
92.8827	5	0	1	LastDelay	0	0	1	0
92.8879	28	0	1	LastDelay	0.00333133	3331.33	1	1
92.8986	39	0	1	LastDelay	0.00600881	6008.81	1	1
92.9782	38	0	1	LastDelay	0	0	1	0
93.0709	11	0	1	LastDelay	0.00275117	2751.17	1	1
93.0751	17	0	1	LastDelay	0.00225757	2257.57	1	1
93.1975	6	0	1	LastDelay	0.00215504	2155.04	1	1
93.2007	32	0	1	LastDelay	0.00161931	1619.31	1	1
93.243	0	0	1	LastDelay	0.00333068	3330.68	1	1
93.2485	12	0	1	LastDelay	0	0	1	0
93.2662	31	0	1	LastDelay	0.00416392	4163.92	1	1
93.2966	21	0	1	LastDelay	0.00404237	4042.37	1	1
93.2966	23	0	1	LastDelay	0.00147393	1473.93	1	1
93.3283	10	0	1	LastDelay	0	0	1	0
93.3302	15	0	1	LastDelay	0	0	1	0
93.4177	22	0	1	LastDelay	0.0033312	3331.2	1	1
93.4237	35	0	1	LastDelay	0	0	1	0
93.4411	29	0	1	LastDelay	0.00935465	9354.65	1	1
93.5962	24	0	1	LastDelay	0.00333008	3330.08	1	1
93.6283	30	0	1	LastDelay	0	0	1	0
93.8846	28	0	1	LastDelay	0	0	1	0
93.8926	39	0	1	LastDelay	0	0	1	0
93.9484	14	0	1	LastDelay	0.0055018	5501.8	1	1
93.9815	38	0	1	LastDelay	0.00333045	3330.45	1	1
93.9919	36	0	1	LastDelay	0.00215966	2159.66	1	1
94.0277	27	0	1	LastDelay	0.00721022	7210.22	1	1
94.0606	40	0	1	LastDelay	0.0182784	18278.4	1	1
94.0682	11	0	1	LastDelay	0	0	1	0
94.0728	17	0	1	LastDelay	0	0	1	0
94.0832	16	0	1	LastDelay	0.0155899	15589.9	1	1
94.1954	6	0	1	LastDelay	0	0	1	0
94.199	32	0	1	LastDelay	0	0	1	0
94.2396	0	0	1	LastDelay	0	0	1	0
94.2518	12	0	1	LastDelay	0.00334328	3343.28	1	1
94.262	31	0	1	LastDelay	0	0	1	0
94.2926	21	0	1	LastDelay	0	0	1	0
94.2952	23	0	1	LastDelay	0	0	1	0
94.3316	10	0	1	LastDelay	0.00335641	3356.41	1	1
94.3719	20	0	1	LastDelay	0.00381947	3819.47	1	1
94.4143	22	0	1	LastDelay	0	0	1	0
94.427	35	0	1	LastDelay	0.0033436	3343.6	1	1
94.4318	29	0	1	LastDelay	0	0	1	0
94.5044	41	0	1	LastDelay	0.00650423	6504.23	1	1
94.5929	24	0	1	LastDelay	0	0	1	0
94.7584	37	0	1	LastDelay	0.00643893	6438.93	1	1
94.762	43	0	1	LastDelay	0.386664	386664	1	1
94.8894	28	0	1	LastDelay	0.00486527	4865.27	1	1
94.896	39	0	1	LastDelay	0.00337766	3377.66	1	1
94.896	5	0	1	LastDelay	0.013316	13316	1	1
94.9074	25	0	1	LastDelay	0.00336987	3369.87	1	1
94.9429	14	0	1	LastDelay	0	0	1	0
94.9782	38	0	1	LastDelay	0	0	1	0
94.9897	36	0	1	LastDelay	0	0	1	0
95.0205	27	0	1	LastDelay	0	0	1	0
95.0423	40	0	1	LastDelay	0	0	1	0
95.0676	16	0	1	LastDelay	0	0	1	0
95.0864	17	0	1	LastDelay	0.0135352	13535.2	1	1
95.1962	6	0	1	LastDelay	0.000809685	809.685	1	1
95.243	0	0	1	LastDelay	0.00333038	3330.38	1	1
95.2485	12	0	1	LastDelay	0	0	1	0
95.2537	7	0	1	LastDelay	0.0037139	3713.9	1	1
95.289	1	0	1	LastDelay	0.00311132	3111.32	1	1
95.2962	21	0	1	LastDelay	0.00360295	3602.95	1	1
95.2962	23	0	1	LastDelay	0.00103454	1034.54	1	1
95.3283	10	0	1	LastDelay	0	0	1	0
95.3359	15	0	1	LastDelay	0.00570876	5708.76	1	1
95.3681	20	0	1	LastDelay	0	0	1	0
95.3753	43	0	1	LastDelay	0	0	1	0
95.4237	35	0	1	LastDelay	0	0	1	0
95.4979	41	0	1	LastDelay	0	0	1	0
95.5371	45	0	1	LastDelay	0.00335698	3356.98	1	1
95.5465	34	0	1	LastDelay	0.00333015	3330.15	1	1
95.6316	30	0	1	LastDelay	0.0033303	3330.3	1	1
95.752	37	0	1	LastDelay	0	0	1	0
95.8508	8	0	1	LastDelay	0.00334415	3344.15	1	1
95.8827	5	0	1	LastDelay	0	0	1	0
95.8846	28	0	1	LastDelay	0	0	1	0
95.8926	39	0	1	LastDelay	0	0	1	0
95.904	25	0	1	LastDelay	0	0	1	0
95.9261	18	0	1	LastDelay	0.00642519	6425.19	1	1
95.9475	14	0	1	LastDelay	0.00450527	4505.27	1	1
95.9908	36	0	1	LastDelay	0.00112745	1127.45	1	1
96.0279	27	0	1	LastDelay	0.0074335	7433.5	1	1
96.0448	40	0	1	LastDelay	0.00250314	2503.14	1	1
96.0728	17	0	1	LastDelay	0	0	1	0
96.0765	11	0	1	LastDelay	0.00836878	8368.77	1	1
96.1764	26	0	1	LastDelay	0.00333081	3330.81	1	1
96.1954	6	0	1	LastDelay	0	0	1	0
96.1995	32	0	1	LastDelay	0.000431825	431.825	1	1
96.2169	2	0	1	LastDelay	0.00338219	3382.19	1	1
96.2396	0	0	1	LastDelay	0	0	1	0
96.25	7	0	1	LastDelay	0	0	1	0
96.2612	12	0	1	LastDelay	0.0127626	12762.6	1	1
96.2643	31	0	1	LastDelay	0.00230323	2303.24	1	1
96.2859	1	0	1	LastDelay	0	0	1	0
96.2926	21	0	1	LastDelay	0	0	1	0
96.2952	23	0	1	LastDelay	0	0	1	0
96.3302	15	0	1	LastDelay	0	0	1	0
96.3719	20	0	1	LastDelay	0.00381204	3812.04	1	1
96.427	35	0	1	LastDelay	0.00333057	3330.57	1	1
96.4363	29	0	1	LastDelay	0.00456704	4567.04	1	1
96.5043	33	0	1	LastDelay	0.00199819	1998.19	1	1
96.5338	45	0	1	LastDelay	0	0	1	0
96.5432	34	0	1	LastDelay	0	0	1	0
96.5993	24	0	1	LastDelay	0.00643834	6438.34	1	1
96.6283	30	0	1	LastDelay	0	0	1	0
96.8474	8	0	1	LastDelay	0	0	1	0
96.886	5	0	1	LastDelay	0.00334381	3343.81	1	1
96.8959	39	0	1	LastDelay	0.00333028	3330.28	1	1
96.9196	18	0	1	LastDelay	0	0	1	0
96.9429	14	0	1	LastDelay	0	0	1	0
96.9847	38	0	1	LastDelay	0.00650342	6503.42	1	1
96.9897	36	0	1	LastDelay	0	0	1	0
97.0205	27	0	1	LastDelay	0	0	1	0
97.0423	40	0	1	LastDelay	0	0	1	0
97.0682	11	0	1	LastDelay	0	0	1	0
97.173	26	0	1	LastDelay	0	0	1	0
97.1987	6	0	1	LastDelay	0.00333105	3331.05	1	1
97.199	32	0	1	LastDelay	0	0	1	0
97.2136	2	0	1	LastDelay	0	0	1	0
97.2485	12	0	1	LastDelay	0	0	1	0
97.262	31	0	1	LastDelay	0	0	1	0
97.2994	23	0	1	LastDelay	0.00422604	4226.04	1	1
97.3335	15	0	1	LastDelay	0.00333017	3330.17	1	1
97.3681	20	0	1	LastDelay	0	0	1	0
97.4237	35	0	1	LastDelay	0	0	1	0
97.4318	29	0	1	LastDelay	0	0	1	0
97.5023	33	0	1	LastDelay	0	0	1	0
97.5043	41	0	1	LastDelay	0.00646541	6465.41	1	1
97.5465	34	0	1	LastDelay	0.00333037	3330.37	1	1
97.5929	24	0	1	LastDelay	0	0	1	0
97.8827	5	0	1	LastDelay	0	0	1	0
97.8926	39	0	1	LastDelay	0	0	1	0
97.9494	14	0	1	LastDelay	0.00643844	6438.44	1	1
97.9782	38	0	1	LastDelay	0	0	1	0
98.0729	17	0	1	LastDelay	5.9467e-05	59.467	1	1
98.1954	6	0	1	LastDelay	0	0	1	0
98.2518	12	0	1	LastDelay	0.00333031	3330.31	1	1
98.2652	31	0	1	LastDelay	0.00322482	3224.82	1	1
98.2952	23	0	1	LastDelay	0	0	1	0
98.2959	21	0	1	LastDelay	0.00334321	3343.21	1	1
98.3302	15	0	1	LastDelay	0	0	1	0
98.4339	29	0	1	LastDelay	0.00215826	2158.26	1	1
98.4979	41	0	1	LastDelay	0	0	1	0
98.5432	34	0	1	LastDelay	0	0	1	0
98.9429	14	0	1	LastDelay	0	0	1	0
98.9936	36	0	1	LastDelay	0.00390072	3900.72	1	1
99.0449	40	0	1	LastDelay	0.00261415	2614.15	1	1
99.0728	17	0	1	LastDelay	0	0	1	0
99.1999	32	0	1	LastDelay	0.000855113	855.113	1	1
99.1999	6	0	1	LastDelay	0.00449978	4499.78	1	1
99.2485	12	0	1	LastDelay	0	0	1	0
99.262	31	0	1	LastDelay	0	0	1	0
99.2926	21	0	1	LastDelay	0	0	1	0
99.3715	20	0	1	LastDelay	0.00341668	3416.68	1	1
99.4318	29	0	1	LastDelay	0	0	1	0
99.5081	33	0	1	LastDelay	0.00583803	5838.03	1	1
99.5963	24	0	1	LastDelay	0.00334324	3343.24	1	1
99.6316	30	0	1	LastDelay	0.0033432	3343.2	1	1
99.9208	18	0	1	LastDelay	0.00116475	1164.74	1	1
99.9456	14	0	1	LastDelay	0.00267176	2671.76	1	1
99.9815	38	0	1	LastDelay	0.00333059	3330.59	1	1
99.9897	36	0	1	LastDelay	0	0	1	0
