Time	Node	AppId	SeqNo	Type	DelayS	DelayUS	RetxCount	HopCount
16.217	2	0	1	LastDelay	0.00346308	3463.08	1	1
16.217	3	0	1	LastDelay	0.967975	967975	1	1
16.249	3	0	1	LastDelay	0	0	1	0
17.2136	2	0	1	LastDelay	0	0	1	0
17.2524	3	0	1	LastDelay	0.00338496	3384.96	1	1
18.217	2	0	1	LastDelay	0.00344968	3449.68	1	1
18.217	1	0	1	LastDelay	0.931074	931074	1	1
18.249	3	0	1	LastDelay	0	0	1	0
18.2859	1	0	1	LastDelay	0	0	1	0
19.2136	2	0	1	LastDelay	0	0	1	0
21.243	0	0	1	LastDelay	0.00333285	3332.85	1	1
21.2893	1	0	1	LastDelay	0.00331949	3319.49	1	1
22.165	4	0	1	LastDelay	0.00379336	3793.36	1	1
22.2396	0	0	1	LastDelay	0	0	1	0
22.2524	3	0	1	LastDelay	0.00331941	3319.41	1	1
22.2859	1	0	1	LastDelay	0	0	1	0
22.8894	5	0	1	LastDelay	0.00675567	6755.67	1	1
23.1612	4	0	1	LastDelay	0	0	1	0
23.249	3	0	1	LastDelay	0	0	1	0
23.8827	5	0	1	LastDelay	0	0	1	0
24.2169	2	0	1	LastDelay	0.00330654	3306.54	1	1
24.3708	9	0	1	LastDelay	0.00333321	3333.21	1	1
25.2136	2	0	1	LastDelay	0	0	1	0
25.2964	21	0	1	LastDelay	0.00382204	3822.04	1	1
25.3675	9	0	1	LastDelay	0	0	1	0
26.2173	2	0	1	LastDelay	0.00368954	3689.54	1	1
26.243	0	0	1	LastDelay	0.00333217	3332.17	1	1
26.2524	3	0	1	LastDelay	0.00330649	3306.49	1	1
26.2892	1	0	1	LastDelay	0.0033066	3306.6	1	1
26.2926	21	0	1	LastDelay	0	0	1	0
26.377	9	0	1	LastDelay	0.00957954	9579.54	1	1
26.5371	45	0	1	LastDelay	0.00332026	3320.26	1	1
26.8575	8	0	1	LastDelay	0.0101206	10120.6	1	1
27.1645	4	0	1	LastDelay	0.00331953	3319.53	1	1
27.2136	2	0	1	LastDelay	0	0	1	0
27.2396	0	0	1	LastDelay	0	0	1	0
27.249	3	0	1	LastDelay	0	0	1	0
27.2859	1	0	1	LastDelay	0	0	1	0
27.3675	9	0	1	LastDelay	0	0	1	0
27.5338	45	0	1	LastDelay	0	0	1	0
27.8474	8	0	1	LastDelay	0	0	1	0
28.1612	4	0	1	LastDelay	0	0	1	0
28.8508	8	0	1	LastDelay	0.00334574	3345.74	1	1
29.2528	3	0	1	LastDelay	0.00370102	3701.01	1	1
29.2893	1	0	1	LastDelay	0.00333308	3333.08	1	1
29.8474	8	0	1	LastDelay	0	0	1	0
30.243	0	0	1	LastDelay	0.0033191	3319.1	1	1
30.249	3	0	1	LastDelay	0	0	1	0
30.2859	1	0	1	LastDelay	0	0	1	0
30.8507	8	0	1	LastDelay	0.00333232	3332.32	1	1
30.8507	7	0	1	LastDelay	0.600719	600719	1	1
30.886	5	0	1	LastDelay	0.00331944	3319.44	1	1
31.2018	6	0	1	LastDelay	0.00644313	6443.13	1	1
31.2396	0	0	1	LastDelay	0	0	1	0
31.25	7	0	1	LastDelay	0	0	1	0
31.3708	9	0	1	LastDelay	0.00330666	3306.66	1	1
31.8474	8	0	1	LastDelay	0	0	1	0
31.8827	5	0	1	LastDelay	0	0	1	0
32.1645	4	0	1	LastDelay	0.00330683	3306.83	1	1
32.1954	6	0	1	LastDelay	0	0	1	0
32.2893	1	0	1	LastDelay	0.00331923	3319.23	1	1
32.3675	9	0	1	LastDelay	0	0	1	0
33.1612	4	0	1	LastDelay	0	0	1	0
33.2859	1	0	1	LastDelay	0	0	1	0
35.886	5	0	1	LastDelay	0.00330615	3306.15	1	1
36.2893	1	0	1	LastDelay	0.00331926	3319.26	1	1
36.3316	10	0	1	LastDelay	0.00330692	3306.92	1	1
36.3708	9	0	1	LastDelay	0.00330657	3306.57	1	1
36.8827	5	0	1	LastDelay	0	0	1	0
37.1645	4	0	1	LastDelay	0.0033067	3306.7	1	1
37.2429	0	0	1	LastDelay	0.0033061	3306.1	1	1
37.2859	1	0	1	LastDelay	0	0	1	0
37.3283	10	0	1	LastDelay	0	0	1	0
37.3675	9	0	1	LastDelay	0	0	1	0
38.1612	4	0	1	LastDelay	0	0	1	0
38.2018	6	0	1	LastDelay	0.00641623	6416.23	1	1
38.2396	0	0	1	LastDelay	0	0	1	0
38.3316	10	0	1	LastDelay	0.00330649	3306.49	1	1
38.886	5	0	1	LastDelay	0.00333226	3332.26	1	1
39.1954	6	0	1	LastDelay	0	0	1	0
39.2438	0	0	1	LastDelay	0.00417858	4178.57	1	1
39.2508	7	0	1	LastDelay	0.000766659	766.659	1	1
39.3283	10	0	1	LastDelay	0	0	1	0
39.3739	9	0	1	LastDelay	0.00641726	6417.26	1	1
39.8827	5	0	1	LastDelay	0	0	1	0
39.9463	14	0	1	LastDelay	0.00330611	3306.11	1	1
39.9463	20	0	1	LastDelay	0.578134	578134	1	1
40.1645	4	0	1	LastDelay	0.0033061	3306.1	1	1
40.1763	26	0	1	LastDelay	0.00330728	3307.28	1	1
40.1987	6	0	1	LastDelay	0.00331925	3319.25	1	1
40.2396	0	0	1	LastDelay	0	0	1	0
40.25	7	0	1	LastDelay	0	0	1	0
40.2518	3	0	1	LastDelay	0.00274402	2744.02	1	1
40.3675	9	0	1	LastDelay	0	0	1	0
40.3681	20	0	1	LastDelay	0	0	1	0
40.886	5	0	1	LastDelay	0.00331905	3319.05	1	1
40.9429	14	0	1	LastDelay	0	0	1	0
40.9815	38	0	1	LastDelay	0.003306	3306	1	1
41.0717	11	0	1	LastDelay	0.00350761	3507.61	1	1
41.1612	4	0	1	LastDelay	0	0	1	0
41.173	26	0	1	LastDelay	0	0	1	0
41.1954	6	0	1	LastDelay	0	0	1	0
41.249	3	0	1	LastDelay	0	0	1	0
41.2503	7	0	1	LastDelay	0.000225212	225.212	1	1
41.2503	12	0	1	LastDelay	0.00179646	1796.46	1	1
41.2893	1	0	1	LastDelay	0.00331912	3319.12	1	1
41.332	15	0	1	LastDelay	0.00179323	1793.23	1	1
41.3715	20	0	1	LastDelay	0.00341656	3416.57	1	1
41.8507	8	0	1	LastDelay	0.00333304	3333.04	1	1
41.8827	5	0	1	LastDelay	0	0	1	0
41.9782	38	0	1	LastDelay	0	0	1	0
42.0682	11	0	1	LastDelay	0	0	1	0
42.0783	17	0	1	LastDelay	0.00546141	5461.41	1	1
42.1645	4	0	1	LastDelay	0.0033191	3319.1	1	1
42.1987	6	0	1	LastDelay	0.00330692	3306.92	1	1
42.2024	32	0	1	LastDelay	0.00334514	3345.14	1	1
42.2485	12	0	1	LastDelay	0	0	1	0
42.25	7	0	1	LastDelay	0	0	1	0
42.2501	3	0	1	LastDelay	0.00108717	1087.17	1	1
42.2859	1	0	1	LastDelay	0	0	1	0
42.3302	15	0	1	LastDelay	0	0	1	0
42.3316	10	0	1	LastDelay	0.00331908	3319.08	1	1
42.3681	20	0	1	LastDelay	0	0	1	0
42.8474	8	0	1	LastDelay	0	0	1	0
42.886	5	0	1	LastDelay	0.00330607	3306.07	1	1
42.9463	14	0	1	LastDelay	0.00330678	3306.78	1	1
42.993	36	0	1	LastDelay	0.00331994	3319.94	1	1
43.0728	17	0	1	LastDelay	0	0	1	0
43.1612	4	0	1	LastDelay	0	0	1	0
43.1954	6	0	1	LastDelay	0	0	1	0
43.199	32	0	1	LastDelay	0	0	1	0
43.249	3	0	1	LastDelay	0	0	1	0
43.2509	7	0	1	LastDelay	0.000847239	847.239	1	1
43.2509	12	0	1	LastDelay	0.00241864	2418.64	1	1
43.3283	10	0	1	LastDelay	0	0	1	0
43.3708	9	0	1	LastDelay	0.00330726	3307.26	1	1
43.8827	5	0	1	LastDelay	0	0	1	0
43.9239	18	0	1	LastDelay	0.00423224	4232.24	1	1
43.9429	14	0	1	LastDelay	0	0	1	0
43.9897	36	0	1	LastDelay	0	0	1	0
44.071	11	0	1	LastDelay	0.00279201	2792.01	1	1
44.1989	6	0	1	LastDelay	0.00353657	3536.57	1	1
44.2485	12	0	1	LastDelay	0	0	1	0
44.25	7	0	1	LastDelay	0	0	1	0
44.2513	3	0	1	LastDelay	0.00224551	2245.51	1	1
44.3319	15	0	1	LastDelay	0.00177897	1778.97	1	1
44.3675	9	0	1	LastDelay	0	0	1	0
44.4351	29	0	1	LastDelay	0.00331928	3319.28	1	1
44.547	34	0	1	LastDelay	0.00378228	3782.28	1	1
44.9196	18	0	1	LastDelay	0	0	1	0
44.9815	38	0	1	LastDelay	0.00330611	3306.11	1	1
45.0682	11	0	1	LastDelay	0	0	1	0
45.1954	6	0	1	LastDelay	0	0	1	0
45.2023	32	0	1	LastDelay	0.003306	3306	1	1
45.2476	44	0	1	LastDelay	0.00330611	3306.11	1	1
45.249	3	0	1	LastDelay	0	0	1	0
45.2574	7	0	1	LastDelay	0.00737821	7378.21	1	1
45.3302	15	0	1	LastDelay	0	0	1	0
45.3743	20	0	1	LastDelay	0.00619593	6195.93	1	1
45.4318	29	0	1	LastDelay	0	0	1	0
45.5432	34	0	1	LastDelay	0	0	1	0
45.9467	14	0	1	LastDelay	0.00372799	3727.99	1	1
45.9782	38	0	1	LastDelay	0	0	1	0
46.0709	16	0	1	LastDelay	0.0033197	3319.7	1	1
46.074	11	0	1	LastDelay	0.00581109	5811.09	1	1
46.0911	17	0	1	LastDelay	0.0182592	18259.2	1	1
46.1646	4	0	1	LastDelay	0.00333216	3332.16	1	1
46.1796	26	0	1	LastDelay	0.006562	6562	1	1
46.199	32	0	1	LastDelay	0	0	1	0
46.2006	6	0	1	LastDelay	0.00519579	5195.79	1	1
46.2006	13	0	1	LastDelay	0.0067212	6721.2	1	1
46.2443	44	0	1	LastDelay	0	0	1	0
46.25	7	0	1	LastDelay	0	0	1	0
46.2603	12	0	1	LastDelay	0.0118905	11890.5	1	1
46.2892	1	0	1	LastDelay	0.00330627	3306.27	1	1
46.338	15	0	1	LastDelay	0.0078417	7841.7	1	1
46.3681	20	0	1	LastDelay	0	0	1	0
46.374	9	0	1	LastDelay	0.00657556	6575.56	1	1
46.9429	14	0	1	LastDelay	0	0	1	0
47.0676	16	0	1	LastDelay	0	0	1	0
47.0682	11	0	1	LastDelay	0	0	1	0
47.0728	17	0	1	LastDelay	0	0	1	0
47.1612	4	0	1	LastDelay	0	0	1	0
47.173	26	0	1	LastDelay	0	0	1	0
47.1939	13	0	1	LastDelay	0	0	1	0
47.1954	6	0	1	LastDelay	0	0	1	0
47.2485	12	0	1	LastDelay	0	0	1	0
47.2511	3	0	1	LastDelay	0.00203266	2032.66	1	1
47.2859	1	0	1	LastDelay	0	0	1	0
47.3302	15	0	1	LastDelay	0	0	1	0
47.3675	9	0	1	LastDelay	0	0	1	0
48.249	3	0	1	LastDelay	0	0	1	0
48.333	15	0	1	LastDelay	0.00286098	2860.98	1	1
48.9484	17	0	1	LastDelay	0.875611	875611	1	1
49.0728	17	0	1	LastDelay	0	0	1	0
49.2486	12	0	1	LastDelay	0.000152328	152.328	1	1
49.2562	7	0	1	LastDelay	0.00616697	6166.97	1	1
49.2892	1	0	1	LastDelay	0.00330653	3306.53	1	1
49.3302	15	0	1	LastDelay	0	0	1	0
49.886	5	0	1	LastDelay	0.0033455	3345.5	1	1
49.9463	14	0	1	LastDelay	0.00331922	3319.22	1	1
50.0709	11	0	1	LastDelay	0.00273954	2739.54	1	1
50.0709	16	0	1	LastDelay	0.00333254	3332.54	1	1
50.0747	17	0	1	LastDelay	0.0018397	1839.7	1	1
50.1646	4	0	1	LastDelay	0.00334516	3345.16	1	1
50.1972	13	0	1	LastDelay	0.00330613	3306.13	1	1
50.1972	6	0	1	LastDelay	0.00178126	1781.27	1	1
50.2485	12	0	1	LastDelay	0	0	1	0
50.25	7	0	1	LastDelay	0	0	1	0
50.2859	1	0	1	LastDelay	0	0	1	0
50.3316	10	0	1	LastDelay	0.0033061	3306.1	1	1
50.3316	15	0	1	LastDelay	0.0014227	1422.7	1	1
50.8827	5	0	1	LastDelay	0	0	1	0
50.9429	14	0	1	LastDelay	0	0	1	0
51.0676	16	0	1	LastDelay	0	0	1	0
51.0682	11	0	1	LastDelay	0	0	1	0
51.0728	17	0	1	LastDelay	0	0	1	0
51.1612	4	0	1	LastDelay	0	0	1	0
51.1939	13	0	1	LastDelay	0	0	1	0
51.1954	6	0	1	LastDelay	0	0	1	0
51.2491	12	0	1	LastDelay	0.000690102	690.102	1	1
51.2633	20	0	1	LastDelay	0.895153	895153	1	1
51.3283	10	0	1	LastDelay	0	0	1	0
51.3302	15	0	1	LastDelay	0	0	1	0
51.3681	20	0	1	LastDelay	0	0	1	0
51.3708	9	0	1	LastDelay	0.00330721	3307.21	1	1
52.0712	11	0	1	LastDelay	0.00305684	3056.84	1	1
52.0819	17	0	1	LastDelay	0.00909141	9091.41	1	1
52.1979	6	0	1	LastDelay	0.0025075	2507.5	1	1
52.2485	12	0	1	LastDelay	0	0	1	0
52.2567	7	0	1	LastDelay	0.00668418	6684.18	1	1
52.2879	1	0	1	LastDelay	0.00193574	1935.74	1	1
52.3065	21	0	1	LastDelay	0.0138874	13887.4	1	1
52.3316	10	0	1	LastDelay	0.0033061	3306.1	1	1
52.3316	15	0	1	LastDelay	0.0014227	1422.7	1	1
52.3675	9	0	1	LastDelay	0	0	1	0
52.3695	20	0	1	LastDelay	0.00135329	1353.29	1	1
52.886	5	0	1	LastDelay	0.00330615	3306.15	1	1
52.9463	14	0	1	LastDelay	0.00330719	3307.19	1	1
53.0682	11	0	1	LastDelay	0	0	1	0
53.0728	17	0	1	LastDelay	0	0	1	0
53.1954	6	0	1	LastDelay	0	0	1	0
53.1972	13	0	1	LastDelay	0.00331944	3319.44	1	1
53.2495	12	0	1	LastDelay	0.00100578	1005.78	1	1
53.25	7	0	1	LastDelay	0	0	1	0
53.2859	1	0	1	LastDelay	0	0	1	0
53.2926	21	0	1	LastDelay	0	0	1	0
53.3283	10	0	1	LastDelay	0	0	1	0
53.3302	15	0	1	LastDelay	0	0	1	0
53.3681	20	0	1	LastDelay	0	0	1	0
53.8827	5	0	1	LastDelay	0	0	1	0
53.9429	14	0	1	LastDelay	0	0	1	0
54.0716	11	0	1	LastDelay	0.00341291	3412.91	1	1
54.0747	17	0	1	LastDelay	0.00182578	1825.78	1	1
54.1645	4	0	1	LastDelay	0.00330636	3306.36	1	1
54.1939	13	0	1	LastDelay	0	0	1	0
54.2018	6	0	1	LastDelay	0.00639052	6390.52	1	1
54.2485	12	0	1	LastDelay	0	0	1	0
54.2968	21	0	1	LastDelay	0.00419246	4192.46	1	1
54.3316	10	0	1	LastDelay	0.00333202	3332.02	1	1
54.3316	15	0	1	LastDelay	0.00144867	1448.67	1	1
54.3722	20	0	1	LastDelay	0.00411829	4118.29	1	1
54.897	19	0	1	LastDelay	0.858323	858323	1	1
55.0386	19	0	1	LastDelay	0	0	1	0
55.0682	11	0	1	LastDelay	0	0	1	0
55.0728	17	0	1	LastDelay	0	0	1	0
55.1612	4	0	1	LastDelay	0	0	1	0
55.1954	6	0	1	LastDelay	0	0	1	0
55.253	12	0	1	LastDelay	0.00459304	4593.04	1	1
55.2926	21	0	1	LastDelay	0	0	1	0
55.3283	10	0	1	LastDelay	0	0	1	0
55.3302	15	0	1	LastDelay	0	0	1	0
55.3681	20	0	1	LastDelay	0	0	1	0
55.9244	18	0	1	LastDelay	0.00472092	4720.92	1	1
56.0765	11	0	1	LastDelay	0.00837026	8370.26	1	1
56.0765	17	0	1	LastDelay	0.00371208	3712.08	1	1
56.1979	6	0	1	LastDelay	0.00246781	2467.81	1	1
56.2485	12	0	1	LastDelay	0	0	1	0
56.2935	21	0	1	LastDelay	0.000884344	884.344	1	1
56.3319	15	0	1	LastDelay	0.00177916	1779.16	1	1
56.4176	22	0	1	LastDelay	0.00331955	3319.55	1	1
56.9196	18	0	1	LastDelay	0	0	1	0
56.9463	14	0	1	LastDelay	0.00331908	3319.08	1	1
57.0423	19	0	1	LastDelay	0.00367627	3676.27	1	1
57.0682	11	0	1	LastDelay	0	0	1	0
57.0709	16	0	1	LastDelay	0.00330616	3306.16	1	1
57.0728	17	0	1	LastDelay	0	0	1	0
57.1646	4	0	1	LastDelay	0.0033321	3332.1	1	1
57.1954	6	0	1	LastDelay	0	0	1	0
57.2429	0	0	1	LastDelay	0.0033061	3306.1	1	1
57.2562	12	0	1	LastDelay	0.00776704	7767.04	1	1
57.2926	21	0	1	LastDelay	0	0	1	0
57.3302	15	0	1	LastDelay	0	0	1	0
57.3316	10	0	1	LastDelay	0.00330602	3306.02	1	1
57.3714	20	0	1	LastDelay	0.00330628	3306.28	1	1
57.4143	22	0	1	LastDelay	0	0	1	0
57.8892	5	0	1	LastDelay	0.00650789	6507.89	1	1
57.9322	18	0	1	LastDelay	0.0125201	12520.1	1	1
57.9429	14	0	1	LastDelay	0	0	1	0
58.0386	19	0	1	LastDelay	0	0	1	0
58.0676	16	0	1	LastDelay	0	0	1	0
58.0715	11	0	1	LastDelay	0.00331915	3319.15	1	1
58.0749	17	0	1	LastDelay	0.00207527	2075.27	1	1
58.1612	4	0	1	LastDelay	0	0	1	0
58.1972	6	0	1	LastDelay	0.00178168	1781.68	1	1
58.2103	13	0	1	LastDelay	0.0164499	16449.9	1	1
58.2396	0	0	1	LastDelay	0	0	1	0
58.2485	12	0	1	LastDelay	0	0	1	0
58.293	21	0	1	LastDelay	0.000372063	372.063	1	1
58.3283	10	0	1	LastDelay	0	0	1	0
58.3397	15	0	1	LastDelay	0.00955238	9552.38	1	1
58.3681	20	0	1	LastDelay	0	0	1	0
58.8827	5	0	1	LastDelay	0	0	1	0
58.9196	18	0	1	LastDelay	0	0	1	0
58.9463	14	0	1	LastDelay	0.00331908	3319.08	1	1
59.042	19	0	1	LastDelay	0.00330657	3306.57	1	1
59.0682	11	0	1	LastDelay	0	0	1	0
59.0709	16	0	1	LastDelay	0.00330621	3306.21	1	1
59.0728	17	0	1	LastDelay	0	0	1	0
59.1645	4	0	1	LastDelay	0.00330611	3306.11	1	1
59.1939	13	0	1	LastDelay	0	0	1	0
59.1954	6	0	1	LastDelay	0	0	1	0
59.2429	0	0	1	LastDelay	0.00330612	3306.12	1	1
59.2533	12	0	1	LastDelay	0.00484193	4841.93	1	1
59.2926	21	0	1	LastDelay	0	0	1	0
59.3302	15	0	1	LastDelay	0	0	1	0
59.3316	10	0	1	LastDelay	0.00331955	3319.55	1	1
59.3715	20	0	1	LastDelay	0.00333216	3332.16	1	1
59.886	5	0	1	LastDelay	0.00330602	3306.02	1	1
59.9429	14	0	1	LastDelay	0	0	1	0
60.0386	19	0	1	LastDelay	0	0	1	0
60.0676	16	0	1	LastDelay	0	0	1	0
60.0754	17	0	1	LastDelay	0.00256525	2565.25	1	1
60.1612	4	0	1	LastDelay	0	0	1	0
60.1972	6	0	1	LastDelay	0.00179486	1794.86	1	1
60.2396	0	0	1	LastDelay	0	0	1	0
60.2485	12	0	1	LastDelay	0	0	1	0
60.2963	23	0	1	LastDelay	0.00108134	1081.34	1	1
60.3283	10	0	1	LastDelay	0	0	1	0
60.3681	20	0	1	LastDelay	0	0	1	0
60.5962	24	0	1	LastDelay	0.00330723	3307.23	1	1
60.8827	5	0	1	LastDelay	0	0	1	0
60.993	36	0	1	LastDelay	0.00330671	3306.71	1	1
61.0728	17	0	1	LastDelay	0	0	1	0
61.0761	11	0	1	LastDelay	0.00792186	7921.86	1	1
61.1954	6	0	1	LastDelay	0	0	1	0
61.252	12	0	1	LastDelay	0.00352442	3524.42	1	1
61.2952	23	0	1	LastDelay	0	0	1	0
61.3323	15	0	1	LastDelay	0.00212205	2122.05	1	1
61.4329	29	0	1	LastDelay	0.00116353	1163.53	1	1
61.5465	34	0	1	LastDelay	0.003306	3306	1	1
61.5929	24	0	1	LastDelay	0	0	1	0
61.6348	30	0	1	LastDelay	0.006523	6523	1	1
61.9463	14	0	1	LastDelay	0.00330637	3306.37	1	1
61.9897	36	0	1	LastDelay	0	0	1	0
62.0682	11	0	1	LastDelay	0	0	1	0
62.0709	16	0	1	LastDelay	0.0033061	3306.1	1	1
62.0782	17	0	1	LastDelay	0.00533152	5331.52	1	1
62.2043	13	0	1	LastDelay	0.0104532	10453.2	1	1
62.2485	12	0	1	LastDelay	0	0	1	0
62.2848	42	0	1	LastDelay	0.003306	3306	1	1
62.2889	1	0	1	LastDelay	0.00298624	2986.24	1	1
62.2959	21	0	1	LastDelay	0.00330602	3306.02	1	1
62.3302	15	0	1	LastDelay	0	0	1	0
62.3316	10	0	1	LastDelay	0.00330615	3306.15	1	1
62.3714	20	0	1	LastDelay	0.00330607	3306.07	1	1
62.4176	22	0	1	LastDelay	0.00331973	3319.73	1	1
62.4302	35	0	1	LastDelay	0.00651025	6510.25	1	1
62.4318	29	0	1	LastDelay	0	0	1	0
62.5012	41	0	1	LastDelay	0.00330621	3306.21	1	1
62.5432	34	0	1	LastDelay	0	0	1	0
62.5994	24	0	1	LastDelay	0.00651116	6511.16	1	1
62.6283	30	0	1	LastDelay	0	0	1	0
62.886	5	0	1	LastDelay	0.00334506	3345.06	1	1
62.9429	14	0	1	LastDelay	0	0	1	0
63.042	19	0	1	LastDelay	0.00333214	3332.14	1	1
63.0459	40	0	1	LastDelay	0.0036446	3644.6	1	1
63.0676	16	0	1	LastDelay	0	0	1	0
63.0728	17	0	1	LastDelay	0	0	1	0
63.1939	13	0	1	LastDelay	0	0	1	0
63.2492	12	0	1	LastDelay	0.000794881	794.881	1	1
63.2492	0	0	1	LastDelay	0.00960767	9607.67	1	1
63.2533	7	0	1	LastDelay	0.00331909	3319.09	1	1
63.2815	42	0	1	LastDelay	0	0	1	0
63.2859	1	0	1	LastDelay	0	0	1	0
63.2926	21	0	1	LastDelay	0	0	1	0
63.2988	23	0	1	LastDelay	0.00366296	3662.96	1	1
63.3283	10	0	1	LastDelay	0	0	1	0
63.3335	15	0	1	LastDelay	0.00330629	3306.29	1	1
63.3681	20	0	1	LastDelay	0	0	1	0
63.4143	22	0	1	LastDelay	0	0	1	0
63.4237	35	0	1	LastDelay	0	0	1	0
63.4979	41	0	1	LastDelay	0	0	1	0
63.5929	24	0	1	LastDelay	0	0	1	0
63.8827	5	0	1	LastDelay	0	0	1	0
63.9229	18	0	1	LastDelay	0.0033061	3306.1	1	1
64.0386	19	0	1	LastDelay	0	0	1	0
64.0423	40	0	1	LastDelay	0	0	1	0
64.074	17	0	1	LastDelay	0.00112618	1126.18	1	1
64.074	11	0	1	LastDelay	0.00578437	5784.37	1	1
64.1646	4	0	1	LastDelay	0.0033321	3332.1	1	1
64.2018	6	0	1	LastDelay	0.00640332	6403.32	1	1
64.2087	26	0	1	LastDelay	0.0356174	35617.4	1	1
64.2396	0	0	1	LastDelay	0	0	1	0
64.2485	12	0	1	LastDelay	0	0	1	0
64.25	7	0	1	LastDelay	0	0	1	0
64.2952	23	0	1	LastDelay	0	0	1	0
64.3302	15	0	1	LastDelay	0	0	1	0
64.9196	18	0	1	LastDelay	0	0	1	0
65.0682	11	0	1	LastDelay	0	0	1	0
65.0728	17	0	1	LastDelay	0	0	1	0
65.1612	4	0	1	LastDelay	0	0	1	0
65.173	26	0	1	LastDelay	0	0	1	0
65.1954	6	0	1	LastDelay	0	0	1	0
65.3323	15	0	1	LastDelay	0.00218688	2186.88	1	1
65.3323	23	0	1	LastDelay	0.0371723	37172.3	1	1
66.0716	11	0	1	LastDelay	0.0033995	3399.5	1	1
66.0798	17	0	1	LastDelay	0.00699725	6997.26	1	1
66.1768	26	0	1	LastDelay	0.0037637	3763.7	1	1
66.2952	23	0	1	LastDelay	0	0	1	0
66.3302	15	0	1	LastDelay	0	0	1	0
66.3316	10	0	1	LastDelay	0.00330614	3306.14	1	1
66.886	5	0	1	LastDelay	0.00330615	3306.15	1	1
66.9463	14	0	1	LastDelay	0.00330673	3306.73	1	1
67.042	19	0	1	LastDelay	0.00331078	3310.78	1	1
67.0682	11	0	1	LastDelay	0	0	1	0
67.0728	17	0	1	LastDelay	0	0	1	0
67.173	26	0	1	LastDelay	0	0	1	0
67.2501	12	0	1	LastDelay	0.00167857	1678.58	1	1
67.3001	23	0	1	LastDelay	0.0048916	4891.6	1	1
67.3283	10	0	1	LastDelay	0	0	1	0
67.8827	5	0	1	LastDelay	0	0	1	0
67.9429	14	0	1	LastDelay	0	0	1	0
68.0386	19	0	1	LastDelay	0	0	1	0
68.0716	11	0	1	LastDelay	0.00339951	3399.51	1	1
68.0798	17	0	1	LastDelay	0.00701	7010	1	1
68.1645	4	0	1	LastDelay	0.00330621	3306.21	1	1
68.1762	26	0	1	LastDelay	0.0031674	3167.4	1	1
68.246	0	0	1	LastDelay	0.00640346	6403.46	1	1
68.2485	12	0	1	LastDelay	0	0	1	0
68.2952	23	0	1	LastDelay	0	0	1	0
68.2959	21	0	1	LastDelay	0.00330614	3306.14	1	1
68.335	15	0	1	LastDelay	0.00486292	4862.92	1	1
68.3695	20	0	1	LastDelay	0.00140689	1406.89	1	1
68.4176	22	0	1	LastDelay	0.00330625	3306.25	1	1
68.886	5	0	1	LastDelay	0.00330607	3306.07	1	1
68.9229	18	0	1	LastDelay	0.00330631	3306.31	1	1
68.9291	25	0	1	LastDelay	0.0250696	25069.6	1	1
69.0269	27	0	1	LastDelay	0.00637766	6377.66	1	1
69.0491	19	0	1	LastDelay	0.0104779	10477.9	1	1
69.0682	11	0	1	LastDelay	0	0	1	0
69.0709	16	0	1	LastDelay	0.00330606	3306.06	1	1
69.0728	17	0	1	LastDelay	0	0	1	0
69.1612	4	0	1	LastDelay	0	0	1	0
69.173	26	0	1	LastDelay	0	0	1	0
69.2396	0	0	1	LastDelay	0	0	1	0
69.2926	21	0	1	LastDelay	0	0	1	0
69.2985	23	0	1	LastDelay	0.00330631	3306.31	1	1
69.3302	15	0	1	LastDelay	0	0	1	0
69.3316	10	0	1	LastDelay	0.00333205	3332.05	1	1
69.3681	20	0	1	LastDelay	0	0	1	0
69.4143	22	0	1	LastDelay	0	0	1	0
69.5962	24	0	1	LastDelay	0.00330707	3307.07	1	1
69.8827	5	0	1	LastDelay	0	0	1	0
69.8883	28	0	1	LastDelay	0.00367636	3676.36	1	1
69.904	25	0	1	LastDelay	0	0	1	0
69.9196	18	0	1	LastDelay	0	0	1	0
70.0205	27	0	1	LastDelay	0	0	1	0
70.0386	19	0	1	LastDelay	0	0	1	0
70.0676	16	0	1	LastDelay	0	0	1	0
70.0787	17	0	1	LastDelay	0.00585852	5858.52	1	1
70.1755	26	0	1	LastDelay	0.00245503	2455.03	1	1
70.1987	6	0	1	LastDelay	0.00330625	3306.25	1	1
70.2503	12	0	1	LastDelay	0.00188957	1889.57	1	1
70.2952	23	0	1	LastDelay	0	0	1	0
70.3283	10	0	1	LastDelay	0	0	1	0
70.3365	15	0	1	LastDelay	0.00637806	6378.06	1	1
70.4176	22	0	1	LastDelay	0.00330602	3306.02	1	1
70.4384	29	0	1	LastDelay	0.00664681	6646.81	1	1
70.5929	24	0	1	LastDelay	0	0	1	0
70.8846	28	0	1	LastDelay	0	0	1	0
70.886	5	0	1	LastDelay	0.00330605	3306.05	1	1
70.9092	25	0	1	LastDelay	0.0051533	5153.3	1	1
70.9459	14	0	1	LastDelay	0.00296554	2965.54	1	1
71.0238	27	0	1	LastDelay	0.0033192	3319.2	1	1
71.0712	11	0	1	LastDelay	0.00305643	3056.43	1	1
71.0728	17	0	1	LastDelay	0	0	1	0
71.173	26	0	1	LastDelay	0	0	1	0
71.1954	6	0	1	LastDelay	0	0	1	0
71.2485	12	0	1	LastDelay	0	0	1	0
71.3001	23	0	1	LastDelay	0.00487725	4877.25	1	1
71.3292	10	0	1	LastDelay	0.000947206	947.206	1	1
71.3302	15	0	1	LastDelay	0	0	1	0
71.4143	22	0	1	LastDelay	0	0	1	0
71.4318	29	0	1	LastDelay	0	0	1	0
71.5962	24	0	1	LastDelay	0.0033069	3306.9	1	1
71.8827	5	0	1	LastDelay	0	0	1	0
71.904	25	0	1	LastDelay	0	0	1	0
71.9229	18	0	1	LastDelay	0.00330645	3306.45	1	1
71.9429	14	0	1	LastDelay	0	0	1	0
72.0205	27	0	1	LastDelay	0	0	1	0
72.0682	11	0	1	LastDelay	0	0	1	0
72.0775	17	0	1	LastDelay	0.00463149	4631.49	1	1
72.1759	26	0	1	LastDelay	0.00288919	2889.19	1	1
72.1965	6	0	1	LastDelay	0.00114881	1148.81	1	1
72.2498	12	0	1	LastDelay	0.00138687	1386.87	1	1
72.2952	23	0	1	LastDelay	0	0	1	0
72.299	21	0	1	LastDelay	0.00641636	6416.36	1	1
72.3283	10	0	1	LastDelay	0	0	1	0
72.3335	15	0	1	LastDelay	0.00330602	3306.02	1	1
72.3714	20	0	1	LastDelay	0.00331907	3319.07	1	1
72.434	29	0	1	LastDelay	0.00220649	2206.49	1	1
72.5929	24	0	1	LastDelay	0	0	1	0
72.886	5	0	1	LastDelay	0.00330615	3306.15	1	1
72.886	28	0	1	LastDelay	0.00138956	1389.56	1	1
72.9048	25	0	1	LastDelay	0.000772238	772.238	1	1
72.9196	18	0	1	LastDelay	0	0	1	0
72.9445	14	0	1	LastDelay	0.00158607	1586.07	1	1
73.0709	11	0	1	LastDelay	0.00271327	2713.27	1	1
73.0728	17	0	1	LastDelay	0	0	1	0
73.173	26	0	1	LastDelay	0	0	1	0
73.1954	6	0	1	LastDelay	0	0	1	0
73.2485	12	0	1	LastDelay	0	0	1	0
73.2926	21	0	1	LastDelay	0	0	1	0
73.3302	15	0	1	LastDelay	0	0	1	0
73.3681	20	0	1	LastDelay	0	0	1	0
73.4318	29	0	1	LastDelay	0	0	1	0
73.8827	5	0	1	LastDelay	0	0	1	0
73.8846	28	0	1	LastDelay	0	0	1	0
73.904	25	0	1	LastDelay	0	0	1	0
73.9429	14	0	1	LastDelay	0	0	1	0
74.0682	11	0	1	LastDelay	0	0	1	0
74.0771	17	0	1	LastDelay	0.00429396	4293.95	1	1
74.1987	6	0	1	LastDelay	0.00331915	3319.15	1	1
74.2553	12	0	1	LastDelay	0.00687605	6876.05	1	1
74.2997	23	0	1	LastDelay	0.00450831	4508.31	1	1
74.3384	15	0	1	LastDelay	0.00825229	8252.29	1	1
74.4176	22	0	1	LastDelay	0.00330616	3306.16	1	1
74.4345	29	0	1	LastDelay	0.00271531	2715.31	1	1
74.5966	24	0	1	LastDelay	0.00367553	3675.53	1	1
74.6316	30	0	1	LastDelay	0.00330735	3307.35	1	1
74.8925	28	0	1	LastDelay	0.00788829	7888.29	1	1
74.9242	18	0	1	LastDelay	0.00460365	4603.65	1	1
74.9456	14	0	1	LastDelay	0.00260597	2605.97	1	1
75.0728	17	0	1	LastDelay	0	0	1	0
75.0781	11	0	1	LastDelay	0.00989804	9898.04	1	1
75.1645	4	0	1	LastDelay	0.00330611	3306.11	1	1
75.1772	26	0	1	LastDelay	0.00415345	4153.45	1	1
75.1954	6	0	1	LastDelay	0	0	1	0
75.2485	12	0	1	LastDelay	0	0	1	0
75.2871	1	0	1	LastDelay	0.00120728	1207.29	1	1
75.2952	23	0	1	LastDelay	0	0	1	0
75.2959	21	0	1	LastDelay	0.00330614	3306.14	1	1
75.3302	15	0	1	LastDelay	0	0	1	0
75.4143	22	0	1	LastDelay	0	0	1	0
75.4318	29	0	1	LastDelay	0	0	1	0
75.5465	34	0	1	LastDelay	0.00330635	3306.35	1	1
75.5929	24	0	1	LastDelay	0	0	1	0
75.6283	30	0	1	LastDelay	0	0	1	0
75.8846	28	0	1	LastDelay	0	0	1	0
75.9065	25	0	1	LastDelay	0.00244887	2448.87	1	1
75.9196	18	0	1	LastDelay	0	0	1	0
75.9429	14	0	1	LastDelay	0	0	1	0
76.0437	40	0	1	LastDelay	0.00143092	1430.92	1	1
76.0682	11	0	1	LastDelay	0	0	1	0
76.074	16	0	1	LastDelay	0.00637738	6377.38	1	1
76.0839	17	0	1	LastDelay	0.0110518	11051.8	1	1
76.1612	4	0	1	LastDelay	0	0	1	0
76.173	26	0	1	LastDelay	0	0	1	0
76.1987	6	0	1	LastDelay	0.00330606	3306.06	1	1
76.2501	12	0	1	LastDelay	0.00169098	1690.98	1	1
76.2859	1	0	1	LastDelay	0	0	1	0
76.2926	21	0	1	LastDelay	0	0	1	0
76.333	15	0	1	LastDelay	0.0028349	2834.9	1	1
76.4327	29	0	1	LastDelay	0.000963055	963.055	1	1
76.5432	34	0	1	LastDelay	0	0	1	0
76.5962	24	0	1	LastDelay	0.00330616	3306.16	1	1
76.886	5	0	1	LastDelay	0.00330615	3306.15	1	1
76.886	28	0	1	LastDelay	0.0013893	1389.3	1	1
76.904	25	0	1	LastDelay	0	0	1	0
76.9217	18	0	1	LastDelay	0.00207158	2071.59	1	1
76.9545	14	0	1	LastDelay	0.0115047	11504.7	1	1
77.0423	40	0	1	LastDelay	0	0	1	0
77.0676	16	0	1	LastDelay	0	0	1	0
77.0715	11	0	1	LastDelay	0.00330625	3306.25	1	1
77.0728	17	0	1	LastDelay	0	0	1	0
77.1645	4	0	1	LastDelay	0.00330621	3306.21	1	1
77.1748	26	0	1	LastDelay	0.00174212	1742.12	1	1
77.1954	6	0	1	LastDelay	0	0	1	0
77.2485	12	0	1	LastDelay	0	0	1	0
77.2963	23	0	1	LastDelay	0.00111978	1119.78	1	1
77.3284	10	0	1	LastDelay	0.000155065	155.065	1	1
77.3302	15	0	1	LastDelay	0	0	1	0
77.3714	20	0	1	LastDelay	0.00330644	3306.44	1	1
77.4176	22	0	1	LastDelay	0.00330616	3306.16	1	1
77.4318	29	0	1	LastDelay	0	0	1	0
77.5118	33	0	1	LastDelay	0.00948884	9488.84	1	1
77.5929	24	0	1	LastDelay	0	0	1	0
77.8827	5	0	1	LastDelay	0	0	1	0
77.8846	28	0	1	LastDelay	0	0	1	0
77.9142	32	0	1	LastDelay	0.715188	715188	1	1
77.9196	18	0	1	LastDelay	0	0	1	0
77.9429	14	0	1	LastDelay	0	0	1	0
77.9815	38	0	1	LastDelay	0.00333325	3333.25	1	1
78.0238	27	0	1	LastDelay	0.00330707	3307.07	1	1
78.0682	11	0	1	LastDelay	0	0	1	0
78.0709	16	0	1	LastDelay	0.00331902	3319.02	1	1
78.0743	17	0	1	LastDelay	0.00150849	1508.49	1	1
78.1612	4	0	1	LastDelay	0	0	1	0
78.173	26	0	1	LastDelay	0	0	1	0
78.199	32	0	1	LastDelay	0	0	1	0
78.2429	0	0	1	LastDelay	0.00330616	3306.16	1	1
78.2509	12	0	1	LastDelay	0.00245564	2455.64	1	1
78.2947	21	0	1	LastDelay	0.00210827	2108.28	1	1
78.2952	23	0	1	LastDelay	0	0	1	0
78.3283	10	0	1	LastDelay	0	0	1	0
78.3365	15	0	1	LastDelay	0.00637728	6377.28	1	1
78.3681	20	0	1	LastDelay	0	0	1	0
78.3708	9	0	1	LastDelay	0.00330612	3306.12	1	1
78.4143	22	0	1	LastDelay	0	0	1	0
78.5023	33	0	1	LastDelay	0	0	1	0
78.8922	28	0	1	LastDelay	0.00765225	7652.25	1	1
78.8953	5	0	1	LastDelay	0.0126404	12640.4	1	1
78.908	25	0	1	LastDelay	0.00400297	4002.97	1	1
78.9251	18	0	1	LastDelay	0.00548194	5481.94	1	1
78.9485	14	0	1	LastDelay	0.00557779	5577.79	1	1
78.9782	38	0	1	LastDelay	0	0	1	0
79.0205	27	0	1	LastDelay	0	0	1	0
79.0676	16	0	1	LastDelay	0	0	1	0
79.0728	17	0	1	LastDelay	0	0	1	0
79.1646	4	0	1	LastDelay	0.00334514	3345.14	1	1
79.1752	26	0	1	LastDelay	0.00215101	2151.01	1	1
79.1981	6	0	1	LastDelay	0.00266465	2664.65	1	1
79.2045	32	0	1	LastDelay	0.00550651	5506.51	1	1
79.2396	0	0	1	LastDelay	0	0	1	0
79.2485	12	0	1	LastDelay	0	0	1	0
79.2526	3	0	1	LastDelay	0.00358808	3588.08	1	1
79.2926	21	0	1	LastDelay	0	0	1	0
79.2985	23	0	1	LastDelay	0.00330606	3306.06	1	1
79.3284	10	0	1	LastDelay	0.000101999	101.999	1	1
79.3302	15	0	1	LastDelay	0	0	1	0
79.3675	9	0	1	LastDelay	0	0	1	0
79.4176	22	0	1	LastDelay	0.00330604	3306.04	1	1
79.4337	29	0	1	LastDelay	0.00197531	1975.31	1	1
79.5056	33	0	1	LastDelay	0.00331997	3319.97	1	1
79.8827	5	0	1	LastDelay	0	0	1	0
79.8846	28	0	1	LastDelay	0	0	1	0
79.904	25	0	1	LastDelay	0	0	1	0
79.9196	18	0	1	LastDelay	0	0	1	0
79.9429	14	0	1	LastDelay	0	0	1	0
80.0238	27	0	1	LastDelay	0.00330613	3306.13	1	1
80.0709	16	0	1	LastDelay	0.00330614	3306.14	1	1
80.0709	11	0	1	LastDelay	0.00271342	2713.42	1	1
80.0942	17	0	1	LastDelay	0.0213481	21348.1	1	1
80.1612	4	0	1	LastDelay	0	0	1	0
80.173	26	0	1	LastDelay	0	0	1	0
80.1954	6	0	1	LastDelay	0	0	1	0
80.199	32	0	1	LastDelay	0	0	1	0
80.249	3	0	1	LastDelay	0	0	1	0
80.257	12	0	1	LastDelay	0.0085202	8520.2	1	1
80.2941	21	0	1	LastDelay	0.00146788	1467.88	1	1
80.2952	23	0	1	LastDelay	0	0	1	0
80.3283	10	0	1	LastDelay	0	0	1	0
80.4143	22	0	1	LastDelay	0	0	1	0
80.4318	29	0	1	LastDelay	0	0	1	0
80.5023	33	0	1	LastDelay	0	0	1	0
80.5962	24	0	1	LastDelay	0.00330625	3306.25	1	1
80.6316	30	0	1	LastDelay	0.00332024	3320.24	1	1
80.8863	28	0	1	LastDelay	0.00173277	1732.77	1	1
80.9086	25	0	1	LastDelay	0.00457681	4576.81	1	1
80.9086	31	0	1	LastDelay	0.646592	646592	1	1
80.9212	18	0	1	LastDelay	0.00159686	1596.86	1	1
80.9524	14	0	1	LastDelay	0.00943431	9434.31	1	1
81.0205	27	0	1	LastDelay	0	0	1	0
81.0676	16	0	1	LastDelay	0	0	1	0
81.0682	11	0	1	LastDelay	0	0	1	0
81.0728	17	0	1	LastDelay	0	0	1	0
81.1745	26	0	1	LastDelay	0.00145115	1451.15	1	1
81.1987	6	0	1	LastDelay	0.00330626	3306.26	1	1
81.2101	32	0	1	LastDelay	0.0110271	11027.1	1	1
81.2398	0	0	1	LastDelay	0.000122245	122.245	1	1
81.2485	12	0	1	LastDelay	0	0	1	0
81.262	31	0	1	LastDelay	0	0	1	0
81.2926	21	0	1	LastDelay	0	0	1	0
81.2985	23	0	1	LastDelay	0.00330605	3306.05	1	1
81.3316	15	0	1	LastDelay	0.00142301	1423.01	1	1
81.3316	10	0	1	LastDelay	0.00330644	3306.44	1	1
81.374	20	0	1	LastDelay	0.00584925	5849.25	1	1
81.4218	22	0	1	LastDelay	0.00751874	7518.74	1	1
81.427	35	0	1	LastDelay	0.00330694	3306.94	1	1
81.4382	29	0	1	LastDelay	0.0064037	6403.7	1	1
81.5474	34	0	1	LastDelay	0.00422006	4220.06	1	1
81.5929	24	0	1	LastDelay	0	0	1	0
81.6283	30	0	1	LastDelay	0	0	1	0
81.8846	28	0	1	LastDelay	0	0	1	0
81.904	25	0	1	LastDelay	0	0	1	0
81.9196	18	0	1	LastDelay	0	0	1	0
81.9429	14	0	1	LastDelay	0	0	1	0
82.0709	16	0	1	LastDelay	0.00330614	3306.14	1	1
82.0709	11	0	1	LastDelay	0.00271343	2713.43	1	1
82.074	17	0	1	LastDelay	0.0011263	1126.3	1	1
82.1645	4	0	1	LastDelay	0.00330641	3306.41	1	1
82.173	26	0	1	LastDelay	0	0	1	0
82.1954	6	0	1	LastDelay	0	0	1	0
82.199	32	0	1	LastDelay	0	0	1	0
82.2396	0	0	1	LastDelay	0	0	1	0
82.2518	12	0	1	LastDelay	0.00330605	3306.05	1	1
82.262	31	0	1	LastDelay	8.675e-06	8.675	1	1
82.2952	23	0	1	LastDelay	0	0	1	0
82.2959	21	0	1	LastDelay	0.00330624	3306.24	1	1
82.3283	10	0	1	LastDelay	0	0	1	0
82.3302	15	0	1	LastDelay	0	0	1	0
82.3681	20	0	1	LastDelay	0	0	1	0
82.4143	22	0	1	LastDelay	0	0	1	0
82.4237	35	0	1	LastDelay	0	0	1	0
82.4318	29	0	1	LastDelay	0	0	1	0
82.5056	33	0	1	LastDelay	0.00330647	3306.47	1	1
82.5432	34	0	1	LastDelay	0	0	1	0
82.8897	28	0	1	LastDelay	0.00515992	5159.91	1	1
82.9062	25	0	1	LastDelay	0.00219811	2198.11	1	1
82.923	18	0	1	LastDelay	0.0033856	3385.6	1	1
82.9458	14	0	1	LastDelay	0.00288711	2887.11	1	1
83.0676	16	0	1	LastDelay	0	0	1	0
83.0682	11	0	1	LastDelay	0	0	1	0
83.0728	17	0	1	LastDelay	0	0	1	0
83.1612	4	0	1	LastDelay	0	0	1	0
83.1763	26	0	1	LastDelay	0.00330607	3306.07	1	1
83.1969	6	0	1	LastDelay	0.00147268	1472.68	1	1
83.2003	32	0	1	LastDelay	0.00124383	1243.83	1	1
83.2429	0	0	1	LastDelay	0.00330606	3306.06	1	1
83.2485	12	0	1	LastDelay	0	0	1	0
83.262	31	0	1	LastDelay	0	0	1	0
83.2926	21	0	1	LastDelay	0	0	1	0
83.302	23	0	1	LastDelay	0.00681155	6811.55	1	1
83.3316	10	0	1	LastDelay	0.0033061	3306.1	1	1
83.3316	15	0	1	LastDelay	0.0014227	1422.7	1	1
83.3692	20	0	1	LastDelay	0.00111122	1111.22	1	1
83.4144	22	0	1	LastDelay	5.0971e-05	50.971	1	1
83.4336	29	0	1	LastDelay	0.00180726	1807.26	1	1
83.5023	33	0	1	LastDelay	0	0	1	0
83.5496	34	0	1	LastDelay	0.00639118	6391.19	1	1
83.5962	24	0	1	LastDelay	0.00330628	3306.28	1	1
83.6316	30	0	1	LastDelay	0.00330685	3306.85	1	1
83.8846	28	0	1	LastDelay	0	0	1	0
83.886	5	0	1	LastDelay	0.00333208	3332.08	1	1
83.904	25	0	1	LastDelay	0	0	1	0
83.9196	18	0	1	LastDelay	0	0	1	0
83.9429	14	0	1	LastDelay	0	0	1	0
84.074	16	0	1	LastDelay	0.00639134	6391.34	1	1
84.074	11	0	1	LastDelay	0.00579865	5798.65	1	1
84.074	17	0	1	LastDelay	0.00114052	1140.52	1	1
84.173	26	0	1	LastDelay	0	0	1	0
84.1954	6	0	1	LastDelay	0	0	1	0
84.199	32	0	1	LastDelay	0	0	1	0
84.2396	0	0	1	LastDelay	0	0	1	0
84.2518	12	0	1	LastDelay	0.00330617	3306.17	1	1
84.2651	31	0	1	LastDelay	0.00310581	3105.81	1	1
84.2952	23	0	1	LastDelay	0	0	1	0
84.2959	21	0	1	LastDelay	0.00330648	3306.48	1	1
84.3283	10	0	1	LastDelay	0	0	1	0
84.3302	15	0	1	LastDelay	0	0	1	0
84.3681	20	0	1	LastDelay	0	0	1	0
84.4143	22	0	1	LastDelay	0	0	1	0
84.4318	29	0	1	LastDelay	0	0	1	0
84.5432	34	0	1	LastDelay	0	0	1	0
84.5929	24	0	1	LastDelay	0	0	1	0
84.6283	30	0	1	LastDelay	0	0	1	0
84.8827	5	0	1	LastDelay	0	0	1	0
84.9054	25	0	1	LastDelay	0.00136064	1360.64	1	1
84.923	18	0	1	LastDelay	0.00331906	3319.06	1	1
84.9435	14	0	1	LastDelay	0.000594288	594.288	1	1
85.0676	16	0	1	LastDelay	0	0	1	0
85.0682	11	0	1	LastDelay	0	0	1	0
85.0728	17	0	1	LastDelay	0	0	1	0
85.1752	26	0	1	LastDelay	0.00218893	2188.93	1	1
85.2021	6	0	1	LastDelay	0.00673331	6733.31	1	1
85.2021	32	0	1	LastDelay	0.00308923	3089.23	1	1
85.2429	0	0	1	LastDelay	0.00330633	3306.33	1	1
85.2485	12	0	1	LastDelay	0	0	1	0
85.262	31	0	1	LastDelay	0	0	1	0
85.2926	21	0	1	LastDelay	0	0	1	0
85.2985	23	0	1	LastDelay	0.00330605	3306.05	1	1
85.3385	15	0	1	LastDelay	0.00831708	8317.08	1	1
85.3701	20	0	1	LastDelay	0.00197311	1973.11	1	1
85.4176	22	0	1	LastDelay	0.0033196	3319.6	1	1
85.4379	29	0	1	LastDelay	0.00611515	6115.15	1	1
85.4379	35	0	1	LastDelay	0.0141787	14178.7	1	1
85.5496	34	0	1	LastDelay	0.00639106	6391.06	1	1
85.6346	30	0	1	LastDelay	0.00637794	6377.94	1	1
85.886	5	0	1	LastDelay	0.00330608	3306.08	1	1
85.886	28	0	1	LastDelay	0.00138904	1389.04	1	1
85.904	25	0	1	LastDelay	0	0	1	0
85.9196	18	0	1	LastDelay	0	0	1	0
85.9429	14	0	1	LastDelay	0	0	1	0
86.0238	27	0	1	LastDelay	0.0033062	3306.2	1	1
86.0709	16	0	1	LastDelay	0.00330615	3306.15	1	1
86.074	11	0	1	LastDelay	0.00578514	5785.14	1	1
86.074	17	0	1	LastDelay	0.00112702	1127.02	1	1
86.1699	4	0	1	LastDelay	0.00865166	8651.66	1	1
86.173	26	0	1	LastDelay	0	0	1	0
86.1954	6	0	1	LastDelay	0	0	1	0
86.199	32	0	1	LastDelay	0	0	1	0
86.2396	0	0	1	LastDelay	0	0	1	0
86.2654	31	0	1	LastDelay	0.00343599	3435.99	1	1
86.2952	23	0	1	LastDelay	0	0	1	0
86.2976	21	0	1	LastDelay	0.00495213	4952.13	1	1
86.3299	10	0	1	LastDelay	0.00160682	1606.82	1	1
86.3302	15	0	1	LastDelay	0	0	1	0
86.3681	20	0	1	LastDelay	0	0	1	0
86.4143	22	0	1	LastDelay	0	0	1	0
86.4237	35	0	1	LastDelay	0	0	1	0
86.4318	29	0	1	LastDelay	0	0	1	0
86.5432	34	0	1	LastDelay	0	0	1	0
86.6283	30	0	1	LastDelay	0	0	1	0
86.8827	5	0	1	LastDelay	0	0	1	0
86.8846	28	0	1	LastDelay	0	0	1	0
86.9493	14	0	1	LastDelay	0.0063774	6377.4	1	1
87.0205	27	0	1	LastDelay	0	0	1	0
87.0676	16	0	1	LastDelay	0	0	1	0
87.0682	11	0	1	LastDelay	0	0	1	0
87.0728	17	0	1	LastDelay	0	0	1	0
87.1612	4	0	1	LastDelay	0	0	1	0
87.1987	6	0	1	LastDelay	0.00330619	3306.19	1	1
87.2488	12	0	1	LastDelay	0.000349532	349.532	1	1
87.262	31	0	1	LastDelay	0	0	1	0
87.2926	21	0	1	LastDelay	0	0	1	0
87.3283	10	0	1	LastDelay	0	0	1	0
87.3718	20	0	1	LastDelay	0.00366872	3668.72	1	1
87.5105	35	0	1	LastDelay	0.0867739	86773.9	1	1
87.8925	28	0	1	LastDelay	0.00788772	7887.72	1	1
87.9066	25	0	1	LastDelay	0.00255176	2551.76	1	1
87.9208	18	0	1	LastDelay	0.00113019	1130.19	1	1
87.9429	14	0	1	LastDelay	0	0	1	0
88.0709	16	0	1	LastDelay	0.00330619	3306.19	1	1
88.0743	11	0	1	LastDelay	0.00611525	6115.26	1	1
88.0743	17	0	1	LastDelay	0.00145714	1457.14	1	1
88.1748	26	0	1	LastDelay	0.00176835	1768.35	1	1
88.1954	6	0	1	LastDelay	0	0	1	0
88.2026	32	0	1	LastDelay	0.00354101	3541.01	1	1
88.2485	12	0	1	LastDelay	0	0	1	0
88.264	31	0	1	LastDelay	0.00195604	1956.04	1	1
88.2972	21	0	1	LastDelay	0.00460665	4606.65	1	1
88.2972	23	0	1	LastDelay	0.0020383	2038.3	1	1
88.3307	15	0	1	LastDelay	0.000514974	514.974	1	1
88.3379	10	0	1	LastDelay	0.00959623	9596.23	1	1
88.3681	20	0	1	LastDelay	0	0	1	0
88.4177	22	0	1	LastDelay	0.00333216	3332.16	1	1
88.4237	35	0	1	LastDelay	0	0	1	0
88.4395	29	0	1	LastDelay	0.00777506	7775.06	1	1
88.5465	34	0	1	LastDelay	0.00330672	3306.72	1	1
88.5962	24	0	1	LastDelay	0.00331907	3319.07	1	1
88.6313	30	0	1	LastDelay	0.00306215	3062.15	1	1
88.8846	28	0	1	LastDelay	0	0	1	0
88.886	5	0	1	LastDelay	0.00330639	3306.39	1	1
88.904	25	0	1	LastDelay	0	0	1	0
88.9196	18	0	1	LastDelay	0	0	1	0
88.9899	38	0	1	LastDelay	0.0117163	11716.3	1	1
89.0317	39	0	1	LastDelay	0.139083	139083	1	1
89.0676	16	0	1	LastDelay	0	0	1	0
89.0682	11	0	1	LastDelay	0	0	1	0
89.0728	17	0	1	LastDelay	0	0	1	0
89.173	26	0	1	LastDelay	0	0	1	0
89.1987	6	0	1	LastDelay	0.00330645	3306.45	1	1
89.199	32	0	1	LastDelay	0	0	1	0
89.2505	12	0	1	LastDelay	0.00207438	2074.38	1	1
89.262	31	0	1	LastDelay	0	0	1	0
89.2926	21	0	1	LastDelay	0	0	1	0
89.2952	23	0	1	LastDelay	0	0	1	0
89.313	37	0	1	LastDelay	0.561021	561021	1	1
89.3283	10	0	1	LastDelay	0	0	1	0
89.3302	15	0	1	LastDelay	0	0	1	0
89.4143	22	0	1	LastDelay	0	0	1	0
89.4318	29	0	1	LastDelay	0	0	1	0
89.5056	33	0	1	LastDelay	0.00330618	3306.18	1	1
89.5371	45	0	1	LastDelay	0.00333324	3333.24	1	1
89.5432	34	0	1	LastDelay	0	0	1	0
89.5929	24	0	1	LastDelay	0	0	1	0
89.6283	30	0	1	LastDelay	0	0	1	0
89.752	37	0	1	LastDelay	0	0	1	0
89.8508	8	0	1	LastDelay	0.00334518	3345.18	1	1
89.8827	5	0	1	LastDelay	0	0	1	0
89.8926	39	0	1	LastDelay	0	0	1	0
89.9076	25	0	1	LastDelay	0.00360564	3605.64	1	1
89.9782	38	0	1	LastDelay	0	0	1	0
90.0768	11	0	1	LastDelay	0.00862287	8622.87	1	1
90.0882	17	0	1	LastDelay	0.0153731	15373.1	1	1
90.1745	26	0	1	LastDelay	0.00143778	1437.78	1	1
90.1954	6	0	1	LastDelay	0	0	1	0
90.2017	32	0	1	LastDelay	0.00263339	2633.39	1	1
90.2201	2	0	1	LastDelay	0.0065718	6571.8	1	1
90.2485	12	0	1	LastDelay	0	0	1	0
90.2641	31	0	1	LastDelay	0.00211386	2113.86	1	1
90.3011	23	0	1	LastDelay	0.00589617	5896.17	1	1
90.3297	10	0	1	LastDelay	0.00145394	1453.94	1	1
90.3339	15	0	1	LastDelay	0.00372404	3724.04	1	1
90.4245	35	0	1	LastDelay	0.000788145	788.145	1	1
90.4344	29	0	1	LastDelay	0.00261444	2614.44	1	1
90.5023	33	0	1	LastDelay	0	0	1	0
90.5338	45	0	1	LastDelay	0	0	1	0
90.5465	34	0	1	LastDelay	0.00330659	3306.59	1	1
90.5962	24	0	1	LastDelay	0.00330654	3306.54	1	1
90.8474	8	0	1	LastDelay	0	0	1	0
90.8895	5	0	1	LastDelay	0.00682513	6825.13	1	1
90.8895	28	0	1	LastDelay	0.00490808	4908.08	1	1
90.8998	39	0	1	LastDelay	0.00720884	7208.84	1	1
90.904	25	0	1	LastDelay	0	0	1	0
90.9223	18	0	1	LastDelay	0.00271349	2713.49	1	1
90.9449	14	0	1	LastDelay	0.0019917	1991.7	1	1
90.9812	38	0	1	LastDelay	0.00304146	3041.46	1	1
91.0238	27	0	1	LastDelay	0.00330604	3306.04	1	1
91.0682	11	0	1	LastDelay	0	0	1	0
91.0728	17	0	1	LastDelay	0	0	1	0
91.1645	4	0	1	LastDelay	0.00330719	3307.19	1	1
91.173	26	0	1	LastDelay	0	0	1	0
91.199	32	0	1	LastDelay	0	0	1	0
91.1991	6	0	1	LastDelay	0.00370248	3702.48	1	1
91.2136	2	0	1	LastDelay	0	0	1	0
91.2526	12	0	1	LastDelay	0.00418104	4181.05	1	1
91.262	31	0	1	LastDelay	0	0	1	0
91.2952	23	0	1	LastDelay	0	0	1	0
91.297	21	0	1	LastDelay	0.00442234	4422.34	1	1
91.3283	10	0	1	LastDelay	0	0	1	0
91.3302	15	0	1	LastDelay	0	0	1	0
91.3714	20	0	1	LastDelay	0.00330615	3306.15	1	1
91.4176	22	0	1	LastDelay	0.00330637	3306.37	1	1
91.4237	35	0	1	LastDelay	0	0	1	0
91.4318	29	0	1	LastDelay	0	0	1	0
91.5432	34	0	1	LastDelay	0	0	1	0
91.5929	24	0	1	LastDelay	0	0	1	0
91.7553	37	0	1	LastDelay	0.00333231	3332.31	1	1
91.8827	5	0	1	LastDelay	0	0	1	0
91.8846	28	0	1	LastDelay	0	0	1	0
91.8926	39	0	1	LastDelay	0	0	1	0
91.9196	18	0	1	LastDelay	0	0	1	0
91.9429	14	0	1	LastDelay	0	0	1	0
91.9782	38	0	1	LastDelay	0	0	1	0
92.0205	27	0	1	LastDelay	0	0	1	0
92.0763	17	0	1	LastDelay	0.00350537	3505.37	1	1
92.1612	4	0	1	LastDelay	0	0	1	0
92.1954	6	0	1	LastDelay	0	0	1	0
92.2485	12	0	1	LastDelay	0	0	1	0
92.2926	21	0	1	LastDelay	0	0	1	0
92.3354	15	0	1	LastDelay	0.0052077	5207.7	1	1
92.3681	20	0	1	LastDelay	0	0	1	0
92.4143	22	0	1	LastDelay	0	0	1	0
92.4325	29	0	1	LastDelay	0.000783053	783.053	1	1
92.752	37	0	1	LastDelay	0	0	1	0
92.8895	28	0	1	LastDelay	0.00491372	4913.72	1	1
92.9009	39	0	1	LastDelay	0.0083153	8315.3	1	1
92.9095	25	0	1	LastDelay	0.0054819	5481.9	1	1
92.9297	18	0	1	LastDelay	0.0100786	10078.6	1	1
92.9479	14	0	1	LastDelay	0.00495701	4957.01	1	1
92.9819	38	0	1	LastDelay	0.0036628	3662.8	1	1
93.0238	27	0	1	LastDelay	0.00330616	3306.16	1	1
93.0728	17	0	1	LastDelay	0	0	1	0
93.075	11	0	1	LastDelay	0.00682754	6827.54	1	1
93.1775	26	0	1	LastDelay	0.0044673	4467.3	1	1
93.197	6	0	1	LastDelay	0.0016559	1655.9	1	1
93.2035	32	0	1	LastDelay	0.00449778	4497.78	1	1
93.2498	12	0	1	LastDelay	0.0013369	1336.9	1	1
93.2653	31	0	1	LastDelay	0.00330621	3306.21	1	1
93.2953	21	0	1	LastDelay	0.00270007	2700.07	1	1
93.2953	23	0	1	LastDelay	0.000131739	131.739	1	1
93.3302	15	0	1	LastDelay	0	0	1	0
93.3464	10	0	1	LastDelay	0.0181517	18151.7	1	1
93.4211	22	0	1	LastDelay	0.00678648	6786.48	1	1
93.4304	35	0	1	LastDelay	0.00666377	6663.77	1	1
93.4318	29	0	1	LastDelay	0	0	1	0
93.5056	33	0	1	LastDelay	0.00330606	3306.06	1	1
93.5463	34	0	1	LastDelay	0.00312359	3123.59	1	1
93.7553	37	0	1	LastDelay	0.00330724	3307.24	1	1
93.8846	28	0	1	LastDelay	0	0	1	0
93.8926	5	0	1	LastDelay	0.00992485	9924.85	1	1
93.8926	39	0	1	LastDelay	0	0	1	0
93.904	25	0	1	LastDelay	0	0	1	0
93.9196	18	0	1	LastDelay	0	0	1	0
93.9429	14	0	1	LastDelay	0	0	1	0
93.9782	38	0	1	LastDelay	0	0	1	0
93.9961	36	0	1	LastDelay	0.00639117	6391.17	1	1
94.0205	27	0	1	LastDelay	0	0	1	0
94.0459	40	0	1	LastDelay	0.00365032	3650.32	1	1
94.0682	11	0	1	LastDelay	0	0	1	0
94.0743	17	0	1	LastDelay	0.00146995	1469.95	1	1
94.1646	4	0	1	LastDelay	0.00337157	3371.57	1	1
94.173	26	0	1	LastDelay	0	0	1	0
94.1954	6	0	1	LastDelay	0	0	1	0
94.199	32	0	1	LastDelay	0	0	1	0
94.2485	12	0	1	LastDelay	0	0	1	0
94.262	31	0	1	LastDelay	0	0	1	0
94.2926	21	0	1	LastDelay	0	0	1	0
94.2952	23	0	1	LastDelay	0	0	1	0
94.3283	10	0	1	LastDelay	0	0	1	0
94.4143	22	0	1	LastDelay	0	0	1	0
94.4237	35	0	1	LastDelay	0	0	1	0
94.4351	29	0	1	LastDelay	0.00330634	3306.34	1	1
94.5023	33	0	1	LastDelay	0	0	1	0
94.5432	34	0	1	LastDelay	0	0	1	0
94.5962	24	0	1	LastDelay	0.00330625	3306.25	1	1
94.6316	30	0	1	LastDelay	0.0033065	3306.5	1	1
94.752	37	0	1	LastDelay	0	0	1	0
94.8827	5	0	1	LastDelay	0	0	1	0
94.8916	43	0	1	LastDelay	0.516363	516363	1	1
94.8965	39	0	1	LastDelay	0.00385895	3858.95	1	1
94.914	25	0	1	LastDelay	0.0100065	10006.5	1	1
94.9466	14	0	1	LastDelay	0.00368827	3688.27	1	1
94.9815	38	0	1	LastDelay	0.00330653	3306.53	1	1
94.9897	36	0	1	LastDelay	0	0	1	0
95.0423	40	0	1	LastDelay	0	0	1	0
95.0709	16	0	1	LastDelay	0.00330634	3306.34	1	1
95.0728	17	0	1	LastDelay	0	0	1	0
95.0757	11	0	1	LastDelay	0.0075695	7569.5	1	1
95.1612	4	0	1	LastDelay	0	0	1	0
95.2014	6	0	1	LastDelay	0.00597036	5970.36	1	1
95.2014	32	0	1	LastDelay	0.00232626	2326.26	1	1
95.2516	12	0	1	LastDelay	0.00318693	3186.93	1	1
95.2686	31	0	1	LastDelay	0.00661155	6611.55	1	1
95.2977	23	0	1	LastDelay	0.00256684	2566.84	1	1
95.2977	21	0	1	LastDelay	0.00513531	5135.31	1	1
95.3417	15	0	1	LastDelay	0.0114989	11498.9	1	1
95.37	20	0	1	LastDelay	0.00186622	1866.22	1	1
95.3753	43	0	1	LastDelay	0	0	1	0
95.418	22	0	1	LastDelay	0.0036505	3650.5	1	1
95.4248	35	0	1	LastDelay	0.00115697	1156.97	1	1
95.4318	29	0	1	LastDelay	0	0	1	0
95.5057	33	0	1	LastDelay	0.0034429	3442.9	1	1
95.5465	34	0	1	LastDelay	0.00330634	3306.34	1	1
95.5929	24	0	1	LastDelay	0	0	1	0
95.6283	30	0	1	LastDelay	0	0	1	0
95.8891	5	0	1	LastDelay	0.00640431	6404.31	1	1
95.8922	28	0	1	LastDelay	0.00757152	7571.52	1	1
95.8926	39	0	1	LastDelay	0	0	1	0
95.904	25	0	1	LastDelay	0	0	1	0
95.9245	18	0	1	LastDelay	0.00488824	4888.24	1	1
95.9429	14	0	1	LastDelay	0	0	1	0
95.9782	38	0	1	LastDelay	0	0	1	0
96.0491	40	0	1	LastDelay	0.00685033	6850.33	1	1
96.0676	16	0	1	LastDelay	0	0	1	0
96.0682	11	0	1	LastDelay	0	0	1	0
96.0745	17	0	1	LastDelay	0.00170918	1709.18	1	1
96.1954	6	0	1	LastDelay	0	0	1	0
96.199	32	0	1	LastDelay	0	0	1	0
96.2169	2	0	1	LastDelay	0.003346	3346	1	1
96.243	0	0	1	LastDelay	0.00331975	3319.75	1	1
96.2485	12	0	1	LastDelay	0	0	1	0
96.262	31	0	1	LastDelay	0	0	1	0
96.2866	1	0	1	LastDelay	0.000653295	653.295	1	1
96.2926	21	0	1	LastDelay	0	0	1	0
96.2952	23	0	1	LastDelay	0	0	1	0
96.3302	15	0	1	LastDelay	0	0	1	0
96.3316	10	0	1	LastDelay	0.00334532	3345.32	1	1
96.3681	20	0	1	LastDelay	0	0	1	0
96.4143	22	0	1	LastDelay	0	0	1	0
96.4237	35	0	1	LastDelay	0	0	1	0
96.5023	33	0	1	LastDelay	0	0	1	0
96.5372	45	0	1	LastDelay	0.00338469	3384.69	1	1
96.5432	34	0	1	LastDelay	0	0	1	0
96.8508	8	0	1	LastDelay	0.00341	3410	1	1
96.8827	5	0	1	LastDelay	0	0	1	0
96.8846	28	0	1	LastDelay	0	0	1	0
96.9196	18	0	1	LastDelay	0	0	1	0
97.0423	40	0	1	LastDelay	0	0	1	0
97.0728	17	0	1	LastDelay	0	0	1	0
97.2136	2	0	1	LastDelay	0	0	1	0
97.2396	0	0	1	LastDelay	0	0	1	0
97.2533	7	0	1	LastDelay	0.00330605	3306.05	1	1
97.2848	42	0	1	LastDelay	0.00333236	3332.36	1	1
97.2859	1	0	1	LastDelay	0	0	1	0
97.2959	23	0	1	LastDelay	0.000737731	737.731	1	1
97.3283	10	0	1	LastDelay	0	0	1	0
97.5338	45	0	1	LastDelay	0	0	1	0
97.8474	8	0	1	LastDelay	0	0	1	0
98.1972	13	0	1	LastDelay	0.00330655	3306.55	1	1
98.2025	32	0	1	LastDelay	0.00342682	3426.82	1	1
98.25	7	0	1	LastDelay	0	0	1	0
98.2815	42	0	1	LastDelay	0	0	1	0
98.2892	1	0	1	LastDelay	0.0033061	3306.1	1	1
98.2952	23	0	1	LastDelay	0	0	1	0
98.5035	33	0	1	LastDelay	0.00124349	1243.49	1	1
98.7553	37	0	1	LastDelay	0.00330645	3306.45	1	1
98.9063	25	0	1	LastDelay	0.00231008	2310.08	1	1
99.0778	17	0	1	LastDelay	0.00498341	4983.41	1	1
99.1939	13	0	1	LastDelay	0	0	1	0
99.199	32	0	1	LastDelay	0	0	1	0
99.2638	31	0	1	LastDelay	0.00180475	1804.75	1	1
99.2859	1	0	1	LastDelay	0	0	1	0
99.3042	23	0	1	LastDelay	0.00900483	9004.83	1	1
99.4326	29	0	1	LastDelay	0.000873953	873.953	1	1
99.5023	33	0	1	LastDelay	0	0	1	0
99.5472	34	0	1	LastDelay	0.00400602	4006.02	1	1
99.6346	30	0	1	LastDelay	0.00637752	6377.52	1	1
99.752	37	0	1	LastDelay	0	0	1	0
99.904	25	0	1	LastDelay	0	0	1	0
99.9199	18	0	1	LastDelay	0.000273864	273.864	1	1
99.9463	14	0	1	LastDelay	0.00330636	3306.36	1	1
99.9963	36	0	1	LastDelay	0.00657075	6570.75	1	1
