Time	Node	AppId	SeqNo	Type	DelayS	DelayUS	RetxCount	HopCount
14.2173	2	0	1	LastDelay	0.0037036	3703.6	1	1
14.3715	20	0	1	LastDelay	0.00333318	3333.18	1	1
14.8507	8	0	1	LastDelay	0.00331903	3319.03	1	1
15.2024	32	0	1	LastDelay	0.00331904	3319.04	1	1
15.2136	2	0	1	LastDelay	0	0	1	0
15.2476	44	0	1	LastDelay	0.003332	3332	1	1
15.3681	20	0	1	LastDelay	0	0	1	0
15.8474	8	0	1	LastDelay	0	0	1	0
15.9815	38	0	1	LastDelay	0.003319	3319	1	1
16.1763	26	0	1	LastDelay	0.003306	3306	1	1
16.199	32	0	1	LastDelay	0	0	1	0
16.2235	2	0	1	LastDelay	0.0098966	9896.6	1	1
16.2443	44	0	1	LastDelay	0	0	1	0
16.8507	8	0	1	LastDelay	0.00333211	3332.11	1	1
16.9782	38	0	1	LastDelay	0	0	1	0
17.173	26	0	1	LastDelay	0	0	1	0
17.2136	2	0	1	LastDelay	0	0	1	0
17.2893	1	0	1	LastDelay	0.00336578	3365.78	1	1
17.3719	20	0	1	LastDelay	0.00380814	3808.14	1	1
17.8474	8	0	1	LastDelay	0	0	1	0
18.2176	2	0	1	LastDelay	0.0040726	4072.6	1	1
18.255	3	0	1	LastDelay	0.00590636	5906.36	1	1
18.2859	1	0	1	LastDelay	0	0	1	0
18.3681	20	0	1	LastDelay	0	0	1	0
18.3708	9	0	1	LastDelay	0.00330767	3307.67	1	1
18.5402	45	0	1	LastDelay	0.00646992	6469.92	1	1
19.2136	2	0	1	LastDelay	0	0	1	0
19.249	3	0	1	LastDelay	0	0	1	0
19.3335	15	0	1	LastDelay	0.00330629	3306.29	1	1
19.3675	9	0	1	LastDelay	0	0	1	0
19.5056	33	0	1	LastDelay	0.003319	3319	1	1
19.5338	45	0	1	LastDelay	0	0	1	0
20.0238	27	0	1	LastDelay	0.003306	3306	1	1
20.2429	0	0	1	LastDelay	0.00330706	3307.06	1	1
20.2959	21	0	1	LastDelay	0.003319	3319	1	1
20.3302	15	0	1	LastDelay	0	0	1	0
20.3708	9	0	1	LastDelay	0.00330639	3306.39	1	1
20.5023	33	0	1	LastDelay	0	0	1	0
20.8973	39	0	1	LastDelay	0.00471734	4717.34	1	1
21.0205	27	0	1	LastDelay	0	0	1	0
21.2396	0	0	1	LastDelay	0	0	1	0
21.2926	21	0	1	LastDelay	0	0	1	0
21.3675	9	0	1	LastDelay	0	0	1	0
21.8926	39	0	1	LastDelay	0	0	1	0
22.2533	3	0	1	LastDelay	0.00423451	4234.51	1	1
22.2897	1	0	1	LastDelay	0.00377523	3775.23	1	1
23.1646	4	0	1	LastDelay	0.00334638	3346.38	1	1
23.1992	6	0	1	LastDelay	0.00377119	3771.19	1	1
23.249	3	0	1	LastDelay	0	0	1	0
23.2562	11	0	1	LastDelay	0.188007	188007	1	1
23.2859	1	0	1	LastDelay	0	0	1	0
23.886	5	0	1	LastDelay	0.00331932	3319.32	1	1
24.0682	11	0	1	LastDelay	0	0	1	0
24.0709	16	0	1	LastDelay	0.00330618	3306.18	1	1
24.0739	17	0	1	LastDelay	0.00111387	1113.87	1	1
24.1612	4	0	1	LastDelay	0	0	1	0
24.1954	6	0	1	LastDelay	0	0	1	0
24.2852	42	0	1	LastDelay	0.003769	3769	1	1
24.8827	5	0	1	LastDelay	0	0	1	0
25.0676	16	0	1	LastDelay	0	0	1	0
25.0728	17	0	1	LastDelay	0	0	1	0
25.2815	42	0	1	LastDelay	0	0	1	0
25.886	5	0	1	LastDelay	0.00333291	3332.91	1	1
26.1646	4	0	1	LastDelay	0.00337129	3371.29	1	1
26.2429	0	0	1	LastDelay	0.00330639	3306.39	1	1
26.2508	3	0	1	LastDelay	0.00175624	1756.24	1	1
26.8538	8	0	1	LastDelay	0.00640466	6404.66	1	1
26.8827	5	0	1	LastDelay	0	0	1	0
26.9494	14	0	1	LastDelay	0.00644399	6443.99	1	1
27.1612	4	0	1	LastDelay	0	0	1	0
27.2024	32	0	1	LastDelay	0.00331902	3319.02	1	1
27.2207	2	0	1	LastDelay	0.00711832	7118.32	1	1
27.2396	0	0	1	LastDelay	0	0	1	0
27.249	3	0	1	LastDelay	0	0	1	0
27.8474	8	0	1	LastDelay	0	0	1	0
27.9429	14	0	1	LastDelay	0	0	1	0
28.1645	4	0	1	LastDelay	0.0033074	3307.4	1	1
28.199	32	0	1	LastDelay	0	0	1	0
28.2136	2	0	1	LastDelay	0	0	1	0
28.243	0	0	1	LastDelay	0.0033451	3345.1	1	1
28.886	5	0	1	LastDelay	0.00331932	3319.32	1	1
29.1612	4	0	1	LastDelay	0	0	1	0
29.2396	0	0	1	LastDelay	0	0	1	0
29.8511	8	0	1	LastDelay	0.00372836	3728.36	1	1
29.8827	5	0	1	LastDelay	0	0	1	0
30.2893	1	0	1	LastDelay	0.00333213	3332.13	1	1
30.2893	7	0	1	LastDelay	0.0392444	39244.4	1	1
30.3381	10	0	1	LastDelay	0.00987175	9871.75	1	1
30.3754	43	0	1	LastDelay	6.3563e-05	63.563	1	1
30.3784	9	0	1	LastDelay	0.01097	10970	1	1
30.8474	8	0	1	LastDelay	0	0	1	0
30.886	5	0	1	LastDelay	0.00330624	3306.24	1	1
31.243	0	0	1	LastDelay	0.00333212	3332.12	1	1
31.25	7	0	1	LastDelay	0	0	1	0
31.2564	3	0	1	LastDelay	0.00737683	7376.83	1	1
31.2859	1	0	1	LastDelay	0	0	1	0
31.3283	10	0	1	LastDelay	0	0	1	0
31.3675	9	0	1	LastDelay	0	0	1	0
31.3753	43	0	1	LastDelay	0	0	1	0
31.8827	5	0	1	LastDelay	0	0	1	0
32.1763	26	0	1	LastDelay	0.00330716	3307.16	1	1
32.2396	0	0	1	LastDelay	0	0	1	0
32.249	3	0	1	LastDelay	0	0	1	0
32.2911	7	0	1	LastDelay	0.0410514	41051.4	1	1
32.9815	38	0	1	LastDelay	0.003319	3319	1	1
33.1645	4	0	1	LastDelay	0.0033061	3306.1	1	1
33.173	26	0	1	LastDelay	0	0	1	0
33.1972	6	0	1	LastDelay	0.00180894	1808.93	1	1
33.25	7	0	1	LastDelay	0	0	1	0
33.2502	3	0	1	LastDelay	0.00116383	1163.83	1	1
33.2893	1	0	1	LastDelay	0.00333372	3333.72	1	1
33.3708	20	0	1	LastDelay	0.0026918	2691.8	1	1
33.3708	9	0	1	LastDelay	0.00334668	3346.68	1	1
33.886	5	0	1	LastDelay	0.00330615	3306.15	1	1
33.9463	14	0	1	LastDelay	0.00330645	3306.45	1	1
33.9782	38	0	1	LastDelay	0	0	1	0
34.0836	11	0	1	LastDelay	0.0154091	15409.1	1	1
34.1612	4	0	1	LastDelay	0	0	1	0
34.1764	26	0	1	LastDelay	0.003319	3319	1	1
34.1954	6	0	1	LastDelay	0	0	1	0
34.249	3	0	1	LastDelay	0	0	1	0
34.2531	12	0	1	LastDelay	0.00459516	4595.16	1	1
34.2533	44	0	1	LastDelay	0.00901752	9017.52	1	1
34.2853	42	0	1	LastDelay	0.00379549	3795.49	1	1
34.2859	1	0	1	LastDelay	0	0	1	0
34.3316	10	0	1	LastDelay	0.00330712	3307.12	1	1
34.3675	9	0	1	LastDelay	0	0	1	0
34.3681	20	0	1	LastDelay	0	0	1	0
34.4352	29	0	1	LastDelay	0.00343701	3437.01	1	1
34.6321	30	0	1	LastDelay	0.003834	3834	1	1
34.8827	5	0	1	LastDelay	0	0	1	0
34.9429	14	0	1	LastDelay	0	0	1	0
34.9816	38	0	1	LastDelay	0.003371	3371	1	1
34.9935	36	0	1	LastDelay	0.003769	3769	1	1
35.0682	11	0	1	LastDelay	0	0	1	0
35.0775	17	0	1	LastDelay	0.00470281	4702.81	1	1
35.1455	46	0	1	LastDelay	0.003306	3306	1	1
35.173	26	0	1	LastDelay	0	0	1	0
35.2443	44	0	1	LastDelay	0	0	1	0
35.2485	12	0	1	LastDelay	0	0	1	0
35.2566	3	0	1	LastDelay	0.00751808	7518.08	1	1
35.2815	42	0	1	LastDelay	0	0	1	0
35.3283	10	0	1	LastDelay	0	0	1	0
35.3708	9	0	1	LastDelay	0.00330637	3306.37	1	1
35.3742	20	0	1	LastDelay	0.00608022	6080.22	1	1
35.4176	22	0	1	LastDelay	0.003306	3306	1	1
35.4318	29	0	1	LastDelay	0	0	1	0
35.5465	34	0	1	LastDelay	0.003319	3319	1	1
35.6283	30	0	1	LastDelay	0	0	1	0
35.923	18	0	1	LastDelay	0.00335814	3358.14	1	1
35.9463	14	0	1	LastDelay	0.00331969	3319.69	1	1
35.9782	38	0	1	LastDelay	0	0	1	0
35.9897	36	0	1	LastDelay	0	0	1	0
36.0456	40	0	1	LastDelay	0.003306	3306	1	1
36.0728	17	0	1	LastDelay	0	0	1	0
36.0741	16	0	1	LastDelay	0.0064973	6497.3	1	1
36.1422	46	0	1	LastDelay	0	0	1	0
36.1645	4	0	1	LastDelay	0.0033061	3306.1	1	1
36.1732	26	0	1	LastDelay	0.000165504	165.504	1	1
36.2098	32	0	1	LastDelay	0.0107531	10753.1	1	1
36.249	3	0	1	LastDelay	0	0	1	0
36.2509	7	0	1	LastDelay	0.000874143	874.143	1	1
36.2509	44	0	1	LastDelay	0.00663016	6630.16	1	1
36.2851	42	0	1	LastDelay	0.00365521	3655.22	1	1
36.2972	23	0	1	LastDelay	0.00207446	2074.46	1	1
36.3316	10	0	1	LastDelay	0.00333325	3333.25	1	1
36.3347	15	0	1	LastDelay	0.00454744	4547.44	1	1
36.3675	9	0	1	LastDelay	0	0	1	0
36.3681	20	0	1	LastDelay	0	0	1	0
36.4143	22	0	1	LastDelay	0	0	1	0
36.4324	29	0	1	LastDelay	0.000610857	610.857	1	1
36.5432	34	0	1	LastDelay	0	0	1	0
36.9196	18	0	1	LastDelay	0	0	1	0
36.9429	14	0	1	LastDelay	0	0	1	0
36.9961	36	0	1	LastDelay	0.006416	6416	1	1
37.0423	40	0	1	LastDelay	0	0	1	0
37.0676	16	0	1	LastDelay	0	0	1	0
37.0754	17	0	1	LastDelay	0.00255214	2552.14	1	1
37.0885	11	0	1	LastDelay	0.020275	20275	1	1
37.1455	46	0	1	LastDelay	0.003319	3319	1	1
37.1612	4	0	1	LastDelay	0	0	1	0
37.173	26	0	1	LastDelay	0	0	1	0
37.199	32	0	1	LastDelay	0	0	1	0
37.2443	44	0	1	LastDelay	0	0	1	0
37.25	7	0	1	LastDelay	0	0	1	0
37.2533	12	0	1	LastDelay	0.00482947	4829.47	1	1
37.2815	42	0	1	LastDelay	0	0	1	0
37.2941	21	0	1	LastDelay	0.00148016	1480.16	1	1
37.2952	23	0	1	LastDelay	0	0	1	0
37.3283	10	0	1	LastDelay	0	0	1	0
37.3302	15	0	1	LastDelay	0	0	1	0
37.3708	9	0	1	LastDelay	0.00331976	3319.76	1	1
37.4176	22	0	1	LastDelay	0.00330625	3306.25	1	1
37.4315	35	0	1	LastDelay	0.00777342	7773.42	1	1
37.4318	29	0	1	LastDelay	0	0	1	0
37.5016	41	0	1	LastDelay	0.003795	3795	1	1
37.5967	24	0	1	LastDelay	0.003782	3782	1	1
37.6316	30	0	1	LastDelay	0.00330627	3306.27	1	1
37.886	5	0	1	LastDelay	0.00331996	3319.96	1	1
37.8926	28	0	1	LastDelay	0.00804951	8049.51	1	1
37.8961	39	0	1	LastDelay	0.0035126	3512.6	1	1
37.9897	36	0	1	LastDelay	0	0	1	0
38.0239	27	0	1	LastDelay	0.003371	3371	1	1
38.0456	40	0	1	LastDelay	0.003306	3306	1	1
38.0682	11	0	1	LastDelay	0	0	1	0
38.0728	17	0	1	LastDelay	0	0	1	0
38.1422	46	0	1	LastDelay	0	0	1	0
38.1987	6	0	1	LastDelay	0.00330623	3306.23	1	1
38.2018	32	0	1	LastDelay	0.00274728	2747.28	1	1
38.2485	12	0	1	LastDelay	0	0	1	0
38.2544	7	0	1	LastDelay	0.00434499	4344.99	1	1
38.2544	44	0	1	LastDelay	0.0101006	10100.6	1	1
38.2848	42	0	1	LastDelay	0.003306	3306	1	1
38.2926	21	0	1	LastDelay	0	0	1	0
38.3021	23	0	1	LastDelay	0.00688084	6880.84	1	1
38.3316	10	0	1	LastDelay	0.00330626	3306.26	1	1
38.3346	15	0	1	LastDelay	0.00448173	4481.73	1	1
38.3675	9	0	1	LastDelay	0	0	1	0
38.3714	20	0	1	LastDelay	0.003319	3319	1	1
38.4143	22	0	1	LastDelay	0	0	1	0
38.4237	35	0	1	LastDelay	0	0	1	0
38.4351	29	0	1	LastDelay	0.003306	3306	1	1
38.4979	41	0	1	LastDelay	0	0	1	0
38.5465	34	0	1	LastDelay	0.003306	3306	1	1
38.5929	24	0	1	LastDelay	0	0	1	0
38.6283	30	0	1	LastDelay	0	0	1	0
38.8507	8	0	1	LastDelay	0.00332027	3320.27	1	1
38.8827	5	0	1	LastDelay	0	0	1	0
38.8846	28	0	1	LastDelay	0	0	1	0
38.8926	39	0	1	LastDelay	0	0	1	0
38.9229	18	0	1	LastDelay	0.00330601	3306.01	1	1
38.9524	14	0	1	LastDelay	0.00948982	9489.82	1	1
39.0205	27	0	1	LastDelay	0	0	1	0
39.0423	40	0	1	LastDelay	0	0	1	0
39.0749	17	0	1	LastDelay	0.00207855	2078.55	1	1
39.0905	11	0	1	LastDelay	0.0223704	22370.4	1	1
39.1954	6	0	1	LastDelay	0	0	1	0
39.199	32	0	1	LastDelay	0	0	1	0
39.2443	44	0	1	LastDelay	0	0	1	0
39.25	7	0	1	LastDelay	0	0	1	0
39.2534	12	0	1	LastDelay	0.00497657	4976.57	1	1
39.2815	42	0	1	LastDelay	0	0	1	0
39.2893	1	0	1	LastDelay	0.00333246	3332.46	1	1
39.2952	23	0	1	LastDelay	0	0	1	0
39.3283	10	0	1	LastDelay	0	0	1	0
39.3302	15	0	1	LastDelay	0	0	1	0
39.3681	20	0	1	LastDelay	0	0	1	0
39.4186	22	0	1	LastDelay	0.004297	4297	1	1
39.4251	35	0	1	LastDelay	0.00143394	1433.94	1	1
39.4318	29	0	1	LastDelay	0	0	1	0
39.5432	34	0	1	LastDelay	0	0	1	0
39.6024	24	0	1	LastDelay	0.00946102	9461.02	1	1
39.8474	8	0	1	LastDelay	0	0	1	0
39.9196	18	0	1	LastDelay	0	0	1	0
39.9429	14	0	1	LastDelay	0	0	1	0
39.9935	36	0	1	LastDelay	0.003782	3782	1	1
40.0493	40	0	1	LastDelay	0.006973	6973	1	1
40.0682	11	0	1	LastDelay	0	0	1	0
40.0728	17	0	1	LastDelay	0	0	1	0
40.2004	6	0	1	LastDelay	0.00501218	5012.19	1	1
40.2429	0	0	1	LastDelay	0.00330619	3306.19	1	1
40.2485	12	0	1	LastDelay	0	0	1	0
40.2499	13	0	1	LastDelay	0.0560038	56003.8	1	1
40.2859	1	0	1	LastDelay	0	0	1	0
40.3327	15	0	1	LastDelay	0.00249206	2492.06	1	1
40.4143	22	0	1	LastDelay	0	0	1	0
40.4237	35	0	1	LastDelay	0	0	1	0
40.5056	33	0	1	LastDelay	0.00330741	3307.41	1	1
40.5929	24	0	1	LastDelay	0	0	1	0
40.6316	30	0	1	LastDelay	0.003306	3306	1	1
40.8599	8	0	1	LastDelay	0.0125218	12521.8	1	1
40.8879	28	0	1	LastDelay	0.003306	3306	1	1
40.9897	36	0	1	LastDelay	0	0	1	0
41.0238	27	0	1	LastDelay	0.00330751	3307.51	1	1
41.042	19	0	1	LastDelay	0.00334646	3346.46	1	1
41.0423	40	0	1	LastDelay	0	0	1	0
41.0723	11	0	1	LastDelay	0.00411551	4115.51	1	1
41.0757	17	0	1	LastDelay	0.00287253	2872.53	1	1
41.1939	13	0	1	LastDelay	0	0	1	0
41.1954	6	0	1	LastDelay	0	0	1	0
41.2169	2	0	1	LastDelay	0.00333259	3332.59	1	1
41.2396	0	0	1	LastDelay	0	0	1	0
41.2553	7	0	1	LastDelay	0.00528512	5285.12	1	1
41.2966	23	0	1	LastDelay	0.0013846	1384.61	1	1
41.2969	21	0	1	LastDelay	0.00431146	4311.46	1	1
41.3302	15	0	1	LastDelay	0	0	1	0
41.3786	43	0	1	LastDelay	0.00334509	3345.09	1	1
41.4293	35	0	1	LastDelay	0.00561602	5616.02	1	1
41.4412	29	0	1	LastDelay	0.00946339	9463.39	1	1
41.5023	33	0	1	LastDelay	0	0	1	0
41.5371	45	0	1	LastDelay	0.0033197	3319.7	1	1
41.5962	24	0	1	LastDelay	0.003319	3319	1	1
41.6283	30	0	1	LastDelay	0	0	1	0
41.8474	8	0	1	LastDelay	0	0	1	0
41.8846	28	0	1	LastDelay	0	0	1	0
41.8978	39	0	1	LastDelay	0.00517226	5172.26	1	1
41.9074	25	0	1	LastDelay	0.003332	3332	1	1
42.0205	27	0	1	LastDelay	0	0	1	0
42.0386	19	0	1	LastDelay	0	0	1	0
42.0456	40	0	1	LastDelay	0.00331979	3319.79	1	1
42.0682	11	0	1	LastDelay	0	0	1	0
42.0709	16	0	1	LastDelay	0.00334606	3346.06	1	1
42.0728	17	0	1	LastDelay	0	0	1	0
42.1979	6	0	1	LastDelay	0.00254619	2546.19	1	1
42.2136	2	0	1	LastDelay	0	0	1	0
42.244	13	0	1	LastDelay	0.0501517	50151.7	1	1
42.25	7	0	1	LastDelay	0	0	1	0
42.2653	31	0	1	LastDelay	0.00330775	3307.75	1	1
42.288	42	0	1	LastDelay	0.006523	6523	1	1
42.2926	21	0	1	LastDelay	0	0	1	0
42.2952	23	0	1	LastDelay	0	0	1	0
42.3323	15	0	1	LastDelay	0.00213805	2138.05	1	1
42.3753	43	0	1	LastDelay	0	0	1	0
42.4237	35	0	1	LastDelay	0	0	1	0
42.4318	29	0	1	LastDelay	0	0	1	0
42.5016	41	0	1	LastDelay	0.00379613	3796.13	1	1
42.5338	45	0	1	LastDelay	0	0	1	0
42.5929	24	0	1	LastDelay	0	0	1	0
42.886	28	0	1	LastDelay	0.0014425	1442.51	1	1
42.8926	39	0	1	LastDelay	0	0	1	0
42.904	25	0	1	LastDelay	0	0	1	0
42.9463	14	0	1	LastDelay	0.00330761	3307.61	1	1
42.9992	36	0	1	LastDelay	0.00944922	9449.22	1	1
43.0423	40	0	1	LastDelay	0	0	1	0
43.0676	16	0	1	LastDelay	0	0	1	0
43.078	17	0	1	LastDelay	0.00517568	5175.68	1	1
43.1939	13	0	1	LastDelay	0	0	1	0
43.1954	6	0	1	LastDelay	0	0	1	0
43.2028	20	0	1	LastDelay	0.834659	834659	1	1
43.2519	3	0	1	LastDelay	0.00289606	2896.06	1	1
43.2554	7	0	1	LastDelay	0.00533523	5335.23	1	1
43.2554	12	0	1	LastDelay	0.00690648	6906.48	1	1
43.262	31	0	1	LastDelay	0	0	1	0
43.2815	42	0	1	LastDelay	0	0	1	0
43.2892	1	0	1	LastDelay	0.00330609	3306.09	1	1
43.3302	15	0	1	LastDelay	0	0	1	0
43.3316	10	0	1	LastDelay	0.0033061	3306.1	1	1
43.3681	20	0	1	LastDelay	0	0	1	0
43.4336	29	0	1	LastDelay	0.00188274	1882.74	1	1
43.4979	41	0	1	LastDelay	0	0	1	0
43.8846	28	0	1	LastDelay	0	0	1	0
43.886	5	0	1	LastDelay	0.00330611	3306.11	1	1
43.9429	14	0	1	LastDelay	0	0	1	0
43.9897	36	0	1	LastDelay	0	0	1	0
44.0728	17	0	1	LastDelay	0	0	1	0
44.0743	11	0	1	LastDelay	0.00615506	6155.06	1	1
44.1455	46	0	1	LastDelay	0.003306	3306	1	1
44.1645	4	0	1	LastDelay	0.00330602	3306.02	1	1
44.1775	26	0	1	LastDelay	0.00449812	4498.12	1	1
44.1972	6	0	1	LastDelay	0.00178181	1781.81	1	1
44.1972	13	0	1	LastDelay	0.0033073	3307.3	1	1
44.2072	32	0	1	LastDelay	0.00814233	8142.33	1	1
44.243	0	0	1	LastDelay	0.00333206	3332.06	1	1
44.2485	12	0	1	LastDelay	0	0	1	0
44.249	3	0	1	LastDelay	0	0	1	0
44.25	7	0	1	LastDelay	0	0	1	0
44.2676	44	0	1	LastDelay	0.0233548	23354.8	1	1
44.2859	1	0	1	LastDelay	0	0	1	0
44.3283	10	0	1	LastDelay	0	0	1	0
44.3366	15	0	1	LastDelay	0.00642962	6429.62	1	1
44.3744	20	0	1	LastDelay	0.00626397	6263.97	1	1
44.4318	29	0	1	LastDelay	0	0	1	0
44.5967	24	0	1	LastDelay	0.003808	3808	1	1
44.8827	5	0	1	LastDelay	0	0	1	0
44.9229	18	0	1	LastDelay	0.00330631	3306.31	1	1
44.9463	14	0	1	LastDelay	0.00330692	3306.92	1	1
44.9815	38	0	1	LastDelay	0.003306	3306	1	1
45.0456	40	0	1	LastDelay	0.003332	3332	1	1
45.0682	11	0	1	LastDelay	0	0	1	0
45.0854	17	0	1	LastDelay	0.012519	12519	1	1
45.1422	46	0	1	LastDelay	0	0	1	0
45.1612	4	0	1	LastDelay	0	0	1	0
45.173	26	0	1	LastDelay	0	0	1	0
45.1939	13	0	1	LastDelay	0	0	1	0
45.1954	6	0	1	LastDelay	0	0	1	0
45.199	32	0	1	LastDelay	0	0	1	0
45.2396	0	0	1	LastDelay	0	0	1	0
45.2443	44	0	1	LastDelay	0	0	1	0
45.2557	7	0	1	LastDelay	0.00569243	5692.43	1	1
45.289	1	0	1	LastDelay	0.00309374	3093.74	1	1
45.3302	15	0	1	LastDelay	0	0	1	0
45.3681	20	0	1	LastDelay	0	0	1	0
45.436	29	0	1	LastDelay	0.00427809	4278.09	1	1
45.5012	41	0	1	LastDelay	0.003319	3319	1	1
45.5465	34	0	1	LastDelay	0.003306	3306	1	1
45.5929	24	0	1	LastDelay	0	0	1	0
45.8956	28	0	1	LastDelay	0.0110166	11016.6	1	1
45.9196	18	0	1	LastDelay	0	0	1	0
45.9429	14	0	1	LastDelay	0	0	1	0
45.9782	38	0	1	LastDelay	0	0	1	0
45.993	36	0	1	LastDelay	0.003306	3306	1	1
46.0423	40	0	1	LastDelay	0	0	1	0
46.0709	11	0	1	LastDelay	0.00272708	2727.08	1	1
46.0728	17	0	1	LastDelay	0	0	1	0
46.1645	4	0	1	LastDelay	0.00330616	3306.16	1	1
46.1972	6	0	1	LastDelay	0.00180768	1807.68	1	1
46.243	0	0	1	LastDelay	0.00333216	3332.16	1	1
46.25	7	0	1	LastDelay	0	0	1	0
46.2639	12	0	1	LastDelay	0.015476	15476	1	1
46.2848	42	0	1	LastDelay	0.003306	3306	1	1
46.2859	1	0	1	LastDelay	0	0	1	0
46.2984	23	0	1	LastDelay	0.00325475	3254.75	1	1
46.3316	10	0	1	LastDelay	0.00330602	3306.02	1	1
46.3316	15	0	1	LastDelay	0.00142276	1422.76	1	1
46.4313	35	0	1	LastDelay	0.00760304	7603.03	1	1
46.4318	29	0	1	LastDelay	0	0	1	0
46.4979	41	0	1	LastDelay	0	0	1	0
46.5432	34	0	1	LastDelay	0	0	1	0
46.5962	24	0	1	LastDelay	0.003306	3306	1	1
46.6316	30	0	1	LastDelay	0.003332	3332	1	1
46.8846	28	0	1	LastDelay	0	0	1	0
46.886	5	0	1	LastDelay	0.00330605	3306.05	1	1
46.926	18	0	1	LastDelay	0.00639051	6390.51	1	1
46.9897	36	0	1	LastDelay	0	0	1	0
47.0456	40	0	1	LastDelay	0.003306	3306	1	1
47.0682	11	0	1	LastDelay	0	0	1	0
47.0709	16	0	1	LastDelay	0.00330665	3306.65	1	1
47.0898	17	0	1	LastDelay	0.0169712	16971.2	1	1
47.1612	4	0	1	LastDelay	0	0	1	0
47.1954	6	0	1	LastDelay	0	0	1	0
47.2002	13	0	1	LastDelay	0.00637777	6377.77	1	1
47.2396	0	0	1	LastDelay	0	0	1	0
47.2485	12	0	1	LastDelay	0	0	1	0
47.2815	42	0	1	LastDelay	0	0	1	0
47.2952	23	0	1	LastDelay	0	0	1	0
47.3283	10	0	1	LastDelay	0	0	1	0
47.3302	15	0	1	LastDelay	0	0	1	0
47.4237	35	0	1	LastDelay	0	0	1	0
47.4352	29	0	1	LastDelay	0.0033988	3398.8	1	1
47.5929	24	0	1	LastDelay	0	0	1	0
47.6283	30	0	1	LastDelay	0	0	1	0
47.8827	5	0	1	LastDelay	0	0	1	0
47.9196	18	0	1	LastDelay	0	0	1	0
48.0423	40	0	1	LastDelay	0	0	1	0
48.0676	16	0	1	LastDelay	0	0	1	0
48.072	11	0	1	LastDelay	0.00378275	3782.75	1	1
48.0728	17	0	1	LastDelay	0	0	1	0
48.1645	4	0	1	LastDelay	0.0033061	3306.1	1	1
48.1939	13	0	1	LastDelay	0	0	1	0
48.1987	6	0	1	LastDelay	0.0033322	3332.2	1	1
48.243	0	0	1	LastDelay	0.0033321	3332.1	1	1
48.2498	12	0	1	LastDelay	0.00136265	1362.65	1	1
48.2895	1	0	1	LastDelay	0.00356057	3560.57	1	1
48.3316	10	0	1	LastDelay	0.00331902	3319.02	1	1
48.3316	15	0	1	LastDelay	0.00143567	1435.67	1	1
48.3683	20	0	1	LastDelay	0.000177819	177.819	1	1
48.427	35	0	1	LastDelay	0.003319	3319	1	1
48.4318	29	0	1	LastDelay	0	0	1	0
48.5962	24	0	1	LastDelay	0.003306	3306	1	1
48.886	5	0	1	LastDelay	0.00330605	3306.05	1	1
48.9463	14	0	1	LastDelay	0.00330619	3306.19	1	1
48.9815	38	0	1	LastDelay	0.0033459	3345.9	1	1
49.0682	11	0	1	LastDelay	0	0	1	0
49.0709	16	0	1	LastDelay	0.0033196	3319.6	1	1
49.074	17	0	1	LastDelay	0.00115312	1153.12	1	1
49.1612	4	0	1	LastDelay	0	0	1	0
49.1954	6	0	1	LastDelay	0	0	1	0
49.2396	0	0	1	LastDelay	0	0	1	0
49.2485	12	0	1	LastDelay	0	0	1	0
49.251	3	0	1	LastDelay	0.00198076	1980.76	1	1
49.2628	7	0	1	LastDelay	0.0127733	12773.3	1	1
49.2859	1	0	1	LastDelay	0	0	1	0
49.2959	21	0	1	LastDelay	0.00330777	3307.77	1	1
49.3055	23	0	1	LastDelay	0.0102856	10285.6	1	1
49.3283	10	0	1	LastDelay	0	0	1	0
49.3302	15	0	1	LastDelay	0	0	1	0
49.3681	20	0	1	LastDelay	0	0	1	0
49.4176	22	0	1	LastDelay	0.0033195	3319.5	1	1
49.4237	35	0	1	LastDelay	0	0	1	0
49.5465	29	0	1	LastDelay	0.114771	114771	1	1
49.5465	34	0	1	LastDelay	0.00331951	3319.51	1	1
49.5929	24	0	1	LastDelay	0	0	1	0
49.8508	8	0	1	LastDelay	0.00334582	3345.82	1	1
49.8827	5	0	1	LastDelay	0	0	1	0
49.8959	39	0	1	LastDelay	0.00334335	3343.35	1	1
49.9429	14	0	1	LastDelay	0	0	1	0
49.9782	38	0	1	LastDelay	0	0	1	0
49.993	36	0	1	LastDelay	0.00330787	3307.87	1	1
50.0238	27	0	1	LastDelay	0.00332001	3320.01	1	1
50.0461	40	0	1	LastDelay	0.00379556	3795.56	1	1
50.0676	16	0	1	LastDelay	0	0	1	0
50.0719	11	0	1	LastDelay	0.0037031	3703.1	1	1
50.0728	17	0	1	LastDelay	0	0	1	0
50.1455	46	0	1	LastDelay	0.003306	3306	1	1
50.1972	6	0	1	LastDelay	0.00178253	1782.53	1	1
50.1972	13	0	1	LastDelay	0.00330758	3307.58	1	1
50.2258	2	0	1	LastDelay	0.0122462	12246.2	1	1
50.249	3	0	1	LastDelay	0	0	1	0
50.2494	12	0	1	LastDelay	0.000979743	979.743	1	1
50.25	7	0	1	LastDelay	0	0	1	0
50.2926	21	0	1	LastDelay	0	0	1	0
50.2952	23	0	1	LastDelay	0	0	1	0
50.3083	1	0	1	LastDelay	0.0223149	22314.9	1	1
50.3347	15	0	1	LastDelay	0.00454585	4545.85	1	1
50.4143	22	0	1	LastDelay	0	0	1	0
50.4318	29	0	1	LastDelay	0	0	1	0
50.5012	41	0	1	LastDelay	0.003306	3306	1	1
50.5082	33	0	1	LastDelay	0.00588283	5882.83	1	1
50.5371	45	0	1	LastDelay	0.003319	3319	1	1
50.5432	34	0	1	LastDelay	0	0	1	0
50.8474	8	0	1	LastDelay	0	0	1	0
50.886	5	0	1	LastDelay	0.0033191	3319.1	1	1
50.8894	28	0	1	LastDelay	0.00476751	4767.51	1	1
50.8926	39	0	1	LastDelay	0	0	1	0
50.926	18	0	1	LastDelay	0.00640605	6406.05	1	1
50.9897	36	0	1	LastDelay	0	0	1	0
51.0205	27	0	1	LastDelay	0	0	1	0
51.0423	40	0	1	LastDelay	0	0	1	0
51.0682	11	0	1	LastDelay	0	0	1	0
51.0709	16	0	1	LastDelay	0.00333253	3332.53	1	1
51.074	17	0	1	LastDelay	0.00115278	1152.78	1	1
51.1422	46	0	1	LastDelay	0	0	1	0
51.1645	4	0	1	LastDelay	0.00330609	3306.09	1	1
51.1939	13	0	1	LastDelay	0	0	1	0
51.1954	6	0	1	LastDelay	0	0	1	0
51.2136	2	0	1	LastDelay	0	0	1	0
51.2485	12	0	1	LastDelay	0	0	1	0
51.2537	7	0	1	LastDelay	0.00365712	3657.12	1	1
51.2859	1	0	1	LastDelay	0	0	1	0
51.2986	21	0	1	LastDelay	0.00595782	5957.82	1	1
51.3302	15	0	1	LastDelay	0	0	1	0
51.418	22	0	1	LastDelay	0.00371652	3716.52	1	1
51.429	35	0	1	LastDelay	0.00526758	5267.58	1	1
51.4332	29	0	1	LastDelay	0.00145252	1452.52	1	1
51.4979	41	0	1	LastDelay	0	0	1	0
51.5023	33	0	1	LastDelay	0	0	1	0
51.5338	45	0	1	LastDelay	0	0	1	0
51.5465	34	0	1	LastDelay	0.003332	3332	1	1
51.6316	30	0	1	LastDelay	0.003306	3306	1	1
51.8827	5	0	1	LastDelay	0	0	1	0
51.8846	28	0	1	LastDelay	0	0	1	0
51.9196	18	0	1	LastDelay	0	0	1	0
51.9463	14	0	1	LastDelay	0.00330676	3306.76	1	1
51.993	36	0	1	LastDelay	0.003319	3319	1	1
52.0676	16	0	1	LastDelay	0	0	1	0
52.0728	17	0	1	LastDelay	0	0	1	0
52.1455	46	0	1	LastDelay	0.003319	3319	1	1
52.1612	4	0	1	LastDelay	0	0	1	0
52.1975	6	0	1	LastDelay	0.00212607	2126.07	1	1
52.25	7	0	1	LastDelay	0	0	1	0
52.2554	12	0	1	LastDelay	0.00690676	6906.76	1	1
52.2926	21	0	1	LastDelay	0	0	1	0
52.2979	23	0	1	LastDelay	0.00274125	2741.25	1	1
52.3014	1	0	1	LastDelay	0.0154187	15418.7	1	1
52.3346	10	0	1	LastDelay	0.0062948	6294.8	1	1
52.3346	15	0	1	LastDelay	0.00441141	4411.41	1	1
52.4143	22	0	1	LastDelay	0	0	1	0
52.4237	35	0	1	LastDelay	0	0	1	0
52.4318	29	0	1	LastDelay	0	0	1	0
52.5432	34	0	1	LastDelay	0	0	1	0
52.6283	30	0	1	LastDelay	0	0	1	0
52.886	5	0	1	LastDelay	0.00330615	3306.15	1	1
52.8884	28	0	1	LastDelay	0.003795	3795	1	1
52.9429	14	0	1	LastDelay	0	0	1	0
52.9897	36	0	1	LastDelay	0	0	1	0
53.0492	40	0	1	LastDelay	0.00687794	6877.94	1	1
53.0522	19	0	1	LastDelay	0.0135941	13594.1	1	1
53.0745	11	0	1	LastDelay	0.00635085	6350.85	1	1
53.0745	17	0	1	LastDelay	0.00169281	1692.81	1	1
53.1422	46	0	1	LastDelay	0	0	1	0
53.1954	6	0	1	LastDelay	0	0	1	0
53.1972	13	0	1	LastDelay	0.00330618	3306.18	1	1
53.2485	12	0	1	LastDelay	0	0	1	0
53.2529	7	0	1	LastDelay	0.00287463	2874.62	1	1
53.2859	1	0	1	LastDelay	0	0	1	0
53.2874	42	0	1	LastDelay	0.00591851	5918.51	1	1
53.2952	23	0	1	LastDelay	0	0	1	0
53.2985	21	0	1	LastDelay	0.00587205	5872.05	1	1
53.3283	10	0	1	LastDelay	0	0	1	0
53.3302	15	0	1	LastDelay	0	0	1	0
53.4423	29	0	1	LastDelay	0.0105558	10555.8	1	1
53.4423	35	0	1	LastDelay	0.0186189	18618.9	1	1
53.5046	41	0	1	LastDelay	0.00674807	6748.07	1	1
53.6348	30	0	1	LastDelay	0.006497	6497	1	1
53.7553	37	0	1	LastDelay	0.00332074	3320.74	1	1
53.8827	5	0	1	LastDelay	0	0	1	0
53.8846	28	0	1	LastDelay	0	0	1	0
53.9078	25	0	1	LastDelay	0.00379506	3795.06	1	1
54.0386	19	0	1	LastDelay	0	0	1	0
54.0423	40	0	1	LastDelay	0	0	1	0
54.0682	11	0	1	LastDelay	0	0	1	0
54.0728	17	0	1	LastDelay	0	0	1	0
54.1455	46	0	1	LastDelay	0.003306	3306	1	1
54.1939	13	0	1	LastDelay	0	0	1	0
54.1987	6	0	1	LastDelay	0.00330692	3306.92	1	1
54.25	7	0	1	LastDelay	0	0	1	0
54.2519	12	0	1	LastDelay	0.00343431	3434.31	1	1
54.2815	42	0	1	LastDelay	0	0	1	0
54.2926	21	0	1	LastDelay	0	0	1	0
54.3364	15	0	1	LastDelay	0.00629041	6290.41	1	1
54.3791	43	0	1	LastDelay	0.0037841	3784.1	1	1
54.4237	35	0	1	LastDelay	0	0	1	0
54.4318	29	0	1	LastDelay	0	0	1	0
54.4979	41	0	1	LastDelay	0	0	1	0
54.6283	30	0	1	LastDelay	0	0	1	0
54.752	37	0	1	LastDelay	0	0	1	0
54.886	5	0	1	LastDelay	0.00330615	3306.15	1	1
54.904	25	0	1	LastDelay	0	0	1	0
55.0465	19	0	1	LastDelay	0.0078291	7829.1	1	1
55.0709	16	0	1	LastDelay	0.00331905	3319.05	1	1
55.0709	11	0	1	LastDelay	0.0027263	2726.3	1	1
55.0747	17	0	1	LastDelay	0.00185145	1851.45	1	1
55.1422	46	0	1	LastDelay	0	0	1	0
55.1954	6	0	1	LastDelay	0	0	1	0
55.2485	12	0	1	LastDelay	0	0	1	0
55.3302	15	0	1	LastDelay	0	0	1	0
55.335	21	0	1	LastDelay	0.0424063	42406.3	1	1
55.3753	43	0	1	LastDelay	0	0	1	0
55.8827	5	0	1	LastDelay	0	0	1	0
56.0386	19	0	1	LastDelay	0	0	1	0
56.0676	16	0	1	LastDelay	0	0	1	0
56.0682	11	0	1	LastDelay	0	0	1	0
56.0728	17	0	1	LastDelay	0	0	1	0
56.1987	6	0	1	LastDelay	0.00328574	3285.74	1	1
56.2514	12	0	1	LastDelay	0.00290638	2906.38	1	1
56.2926	21	0	1	LastDelay	0	0	1	0
56.3323	15	0	1	LastDelay	0.00211043	2110.43	1	1
56.3714	20	0	1	LastDelay	0.00330653	3306.53	1	1
57.0709	11	0	1	LastDelay	0.00271327	2713.27	1	1
57.0758	17	0	1	LastDelay	0.00293444	2934.44	1	1
57.1954	6	0	1	LastDelay	0	0	1	0
57.2429	0	0	1	LastDelay	0.00330615	3306.15	1	1
57.2485	12	0	1	LastDelay	0	0	1	0
57.2957	21	0	1	LastDelay	0.00312441	3124.41	1	1
57.2957	23	0	1	LastDelay	0.000556618	556.618	1	1
57.3302	15	0	1	LastDelay	0	0	1	0
57.3314	10	0	1	LastDelay	0.00314075	3140.76	1	1
57.3681	20	0	1	LastDelay	0	0	1	0
58.0427	19	0	1	LastDelay	0.00405871	4058.71	1	1
58.0682	11	0	1	LastDelay	0	0	1	0
58.0709	16	0	1	LastDelay	0.00330605	3306.05	1	1
58.0728	17	0	1	LastDelay	0	0	1	0
58.2068	6	0	1	LastDelay	0.0114308	11430.8	1	1
58.2068	13	0	1	LastDelay	0.0129562	12956.2	1	1
58.2396	0	0	1	LastDelay	0	0	1	0
58.2518	7	0	1	LastDelay	0.00173634	1736.34	1	1
58.2877	1	0	1	LastDelay	0.00177577	1775.77	1	1
58.2926	21	0	1	LastDelay	0	0	1	0
58.2952	23	0	1	LastDelay	0	0	1	0
58.3283	10	0	1	LastDelay	0	0	1	0
58.4332	29	0	1	LastDelay	0.00140448	1404.48	1	1
58.886	5	0	1	LastDelay	0.00330732	3307.32	1	1
58.886	28	0	1	LastDelay	0.00139042	1390.42	1	1
58.9229	18	0	1	LastDelay	0.00330757	3307.57	1	1
58.9438	14	0	1	LastDelay	0.000899671	899.671	1	1
59.0386	19	0	1	LastDelay	0	0	1	0
59.0487	40	0	1	LastDelay	0.00639092	6390.92	1	1
59.0676	16	0	1	LastDelay	0	0	1	0
59.0818	17	0	1	LastDelay	0.00898231	8982.31	1	1
59.167	4	0	1	LastDelay	0.00577509	5775.09	1	1
59.1939	13	0	1	LastDelay	0	0	1	0
59.1954	6	0	1	LastDelay	0	0	1	0
59.2429	0	0	1	LastDelay	0.0033061	3306.1	1	1
59.25	7	0	1	LastDelay	0	0	1	0
59.2536	12	0	1	LastDelay	0.00509569	5095.69	1	1
59.2859	1	0	1	LastDelay	0	0	1	0
59.2972	21	0	1	LastDelay	0.00459965	4599.65	1	1
59.2972	23	0	1	LastDelay	0.00203171	2031.71	1	1
59.3307	10	0	1	LastDelay	0.00238037	2380.37	1	1
59.3307	15	0	1	LastDelay	0.000496979	496.979	1	1
59.3697	20	0	1	LastDelay	0.00159614	1596.14	1	1
59.4239	35	0	1	LastDelay	0.000166385	166.385	1	1
59.4318	29	0	1	LastDelay	0	0	1	0
59.8827	5	0	1	LastDelay	0	0	1	0
59.8846	28	0	1	LastDelay	0	0	1	0
59.9196	18	0	1	LastDelay	0	0	1	0
59.9429	14	0	1	LastDelay	0	0	1	0
60.0423	40	0	1	LastDelay	0	0	1	0
60.0714	16	0	1	LastDelay	0.00379213	3792.13	1	1
60.0714	11	0	1	LastDelay	0.0031994	3199.4	1	1
60.0728	17	0	1	LastDelay	0	0	1	0
60.1612	4	0	1	LastDelay	0	0	1	0
60.1764	26	0	1	LastDelay	0.003321	3321	1	1
60.1979	6	0	1	LastDelay	0.00249565	2495.65	1	1
60.2396	0	0	1	LastDelay	0	0	1	0
60.2485	12	0	1	LastDelay	0	0	1	0
60.2926	21	0	1	LastDelay	0	0	1	0
60.2952	23	0	1	LastDelay	0	0	1	0
60.3283	10	0	1	LastDelay	0	0	1	0
60.3302	15	0	1	LastDelay	0	0	1	0
60.3681	20	0	1	LastDelay	0	0	1	0
60.4237	35	0	1	LastDelay	0	0	1	0
60.9815	38	0	1	LastDelay	0.00334573	3345.74	1	1
61.0676	16	0	1	LastDelay	0	0	1	0
61.0682	11	0	1	LastDelay	0	0	1	0
61.0761	17	0	1	LastDelay	0.00330635	3306.35	1	1
61.173	26	0	1	LastDelay	0	0	1	0
61.1954	6	0	1	LastDelay	0	0	1	0
61.2526	3	0	1	LastDelay	0.00359685	3596.85	1	1
61.3361	15	0	1	LastDelay	0.00590686	5906.86	1	1
61.3708	9	0	1	LastDelay	0.00334515	3345.15	1	1
61.9782	38	0	1	LastDelay	0	0	1	0
62.0728	17	0	1	LastDelay	0	0	1	0
62.075	11	0	1	LastDelay	0.00685423	6854.23	1	1
62.2035	32	0	1	LastDelay	0.00446016	4460.16	1	1
62.249	3	0	1	LastDelay	0	0	1	0
62.2498	12	0	1	LastDelay	0.00136118	1361.18	1	1
62.2536	44	0	1	LastDelay	0.0093039	9303.9	1	1
62.2959	21	0	1	LastDelay	0.00330602	3306.02	1	1
62.3044	23	0	1	LastDelay	0.00925582	9255.82	1	1
62.3302	15	0	1	LastDelay	0	0	1	0
62.3316	10	0	1	LastDelay	0.0033321	3332.1	1	1
62.3675	9	0	1	LastDelay	0	0	1	0
62.4176	22	0	1	LastDelay	0.00330667	3306.67	1	1
62.9463	14	0	1	LastDelay	0.00330608	3306.08	1	1
62.9815	38	0	1	LastDelay	0.003319	3319	1	1
63.0238	27	0	1	LastDelay	0.00330766	3307.66	1	1
63.0682	11	0	1	LastDelay	0	0	1	0
63.0782	17	0	1	LastDelay	0.00534572	5345.72	1	1
63.1646	4	0	1	LastDelay	0.0033581	3358.1	1	1
63.1776	26	0	1	LastDelay	0.00456334	4563.34	1	1
63.199	32	0	1	LastDelay	0	0	1	0
63.2006	6	0	1	LastDelay	0.00520049	5200.49	1	1
63.2006	13	0	1	LastDelay	0.00672631	6726.31	1	1
63.2407	0	0	1	LastDelay	0.00100984	1009.84	1	1
63.2443	44	0	1	LastDelay	0	0	1	0
63.2485	12	0	1	LastDelay	0	0	1	0
63.2666	3	0	1	LastDelay	0.0175377	17537.7	1	1
63.2666	7	0	1	LastDelay	0.0165618	16561.8	1	1
63.2911	1	0	1	LastDelay	0.00515526	5155.26	1	1
63.2926	21	0	1	LastDelay	0	0	1	0
63.2952	23	0	1	LastDelay	0	0	1	0
63.3283	10	0	1	LastDelay	0	0	1	0
63.4143	22	0	1	LastDelay	0	0	1	0
63.4323	29	0	1	LastDelay	0.000558547	558.547	1	1
63.5962	24	0	1	LastDelay	0.00330614	3306.14	1	1
63.6316	30	0	1	LastDelay	0.00330609	3306.09	1	1
63.9029	28	0	1	LastDelay	0.0183442	18344.2	1	1
63.9429	14	0	1	LastDelay	0	0	1	0
63.9782	38	0	1	LastDelay	0	0	1	0
64.0205	27	0	1	LastDelay	0	0	1	0
64.0725	11	0	1	LastDelay	0.00428757	4287.57	1	1
64.0728	17	0	1	LastDelay	0	0	1	0
64.1455	46	0	1	LastDelay	0.003306	3306	1	1
64.1612	4	0	1	LastDelay	0	0	1	0
64.173	26	0	1	LastDelay	0	0	1	0
64.1939	13	0	1	LastDelay	0	0	1	0
64.1954	6	0	1	LastDelay	0	0	1	0
64.2396	0	0	1	LastDelay	0	0	1	0
64.249	3	0	1	LastDelay	0	0	1	0
64.25	7	0	1	LastDelay	0	0	1	0
64.2859	1	0	1	LastDelay	0	0	1	0
64.297	23	0	1	LastDelay	0.00185951	1859.51	1	1
64.3714	20	0	1	LastDelay	0.00330607	3306.07	1	1
64.4318	29	0	1	LastDelay	0	0	1	0
64.5929	24	0	1	LastDelay	0	0	1	0
64.6283	30	0	1	LastDelay	0	0	1	0
64.8846	28	0	1	LastDelay	0	0	1	0
65.042	19	0	1	LastDelay	0.00330604	3306.04	1	1
65.0682	11	0	1	LastDelay	0	0	1	0
65.0778	17	0	1	LastDelay	0.00494847	4948.47	1	1
65.1422	46	0	1	LastDelay	0	0	1	0
65.1762	26	0	1	LastDelay	0.00320798	3207.98	1	1
65.199	6	0	1	LastDelay	0.00365134	3651.34	1	1
65.2525	12	0	1	LastDelay	0.00409011	4090.11	1	1
65.2952	23	0	1	LastDelay	0	0	1	0
65.2959	21	0	1	LastDelay	0.00331914	3319.14	1	1
65.3319	15	0	1	LastDelay	0.00176574	1765.74	1	1
65.3681	20	0	1	LastDelay	0	0	1	0
65.886	5	0	1	LastDelay	0.00330616	3306.16	1	1
65.9229	18	0	1	LastDelay	0.0033064	3306.4	1	1
66.0243	27	0	1	LastDelay	0.00384669	3846.69	1	1
66.0386	19	0	1	LastDelay	0	0	1	0
66.0709	16	0	1	LastDelay	0.00330617	3306.17	1	1
66.0709	11	0	1	LastDelay	0.00271343	2713.43	1	1
66.0728	17	0	1	LastDelay	0	0	1	0
66.173	26	0	1	LastDelay	0	0	1	0
66.1954	6	0	1	LastDelay	0	0	1	0
66.2485	12	0	1	LastDelay	0	0	1	0
66.2926	21	0	1	LastDelay	0	0	1	0
66.3302	15	0	1	LastDelay	0	0	1	0
66.4176	22	0	1	LastDelay	0.00330612	3306.12	1	1
66.5056	33	0	1	LastDelay	0.00332057	3320.57	1	1
66.8508	8	0	1	LastDelay	0.00334514	3345.14	1	1
66.8827	5	0	1	LastDelay	0	0	1	0
66.8959	39	0	1	LastDelay	0.00331908	3319.08	1	1
66.9196	18	0	1	LastDelay	0	0	1	0
67.0205	27	0	1	LastDelay	0	0	1	0
67.0676	16	0	1	LastDelay	0	0	1	0
67.0682	11	0	1	LastDelay	0	0	1	0
67.2169	2	0	1	LastDelay	0.00334513	3345.13	1	1
67.2429	0	0	1	LastDelay	0.0033061	3306.1	1	1
67.3001	23	0	1	LastDelay	0.00487788	4877.88	1	1
67.3368	15	0	1	LastDelay	0.00659484	6594.84	1	1
67.3726	20	0	1	LastDelay	0.00448705	4487.05	1	1
67.4143	22	0	1	LastDelay	0	0	1	0
67.5023	33	0	1	LastDelay	0	0	1	0
67.5371	45	0	1	LastDelay	0.0033062	3306.2	1	1
67.8474	8	0	1	LastDelay	0	0	1	0
67.8926	39	0	1	LastDelay	0	0	1	0
68.0396	19	0	1	LastDelay	0.000946649	946.649	1	1
68.074	11	0	1	LastDelay	0.00579743	5797.43	1	1
68.074	17	0	1	LastDelay	0.0011393	1139.3	1	1
68.1645	4	0	1	LastDelay	0.00330616	3306.16	1	1
68.1819	26	0	1	LastDelay	0.00885212	8852.12	1	1
68.1973	6	0	1	LastDelay	0.00194898	1948.98	1	1
68.2136	2	0	1	LastDelay	0	0	1	0
68.2396	0	0	1	LastDelay	0	0	1	0
68.2518	12	0	1	LastDelay	0.0033061	3306.1	1	1
68.2952	23	0	1	LastDelay	0	0	1	0
68.2959	21	0	1	LastDelay	0.00331902	3319.02	1	1
68.3302	15	0	1	LastDelay	0	0	1	0
68.3316	10	0	1	LastDelay	0.00330615	3306.15	1	1
68.3681	20	0	1	LastDelay	0	0	1	0
68.4176	22	0	1	LastDelay	0.00330605	3306.05	1	1
68.441	29	0	1	LastDelay	0.00927151	9271.51	1	1
68.5087	33	0	1	LastDelay	0.00644987	6449.87	1	1
68.5338	45	0	1	LastDelay	0	0	1	0
68.8928	28	0	1	LastDelay	0.00824729	8247.29	1	1
68.9155	25	0	1	LastDelay	0.0114337	11433.7	1	1
68.9259	18	0	1	LastDelay	0.00626905	6269.05	1	1
68.9457	14	0	1	LastDelay	0.00278194	2781.94	1	1
69.0386	19	0	1	LastDelay	0	0	1	0
69.0682	11	0	1	LastDelay	0	0	1	0
69.0728	17	0	1	LastDelay	0	0	1	0
69.1612	4	0	1	LastDelay	0	0	1	0
69.173	26	0	1	LastDelay	0	0	1	0
69.1954	6	0	1	LastDelay	0	0	1	0
69.2429	0	0	1	LastDelay	0.00330602	3306.02	1	1
69.2485	12	0	1	LastDelay	0	0	1	0
69.2926	21	0	1	LastDelay	0	0	1	0
69.2985	23	0	1	LastDelay	0.00330625	3306.25	1	1
69.3017	31	0	1	LastDelay	0.0397286	39728.6	1	1
69.3283	10	0	1	LastDelay	0	0	1	0
69.3788	43	0	1	LastDelay	0.00347523	3475.23	1	1
69.4143	22	0	1	LastDelay	0	0	1	0
69.4318	29	0	1	LastDelay	0	0	1	0
69.5012	41	0	1	LastDelay	0.00332057	3320.57	1	1
69.5023	33	0	1	LastDelay	0	0	1	0
69.5962	24	0	1	LastDelay	0.00330682	3306.82	1	1
69.7554	37	0	1	LastDelay	0.003423	3423	1	1
69.8846	28	0	1	LastDelay	0	0	1	0
69.904	25	0	1	LastDelay	0	0	1	0
69.9196	18	0	1	LastDelay	0	0	1	0
69.9429	14	0	1	LastDelay	0	0	1	0
70.0716	11	0	1	LastDelay	0.00340065	3400.65	1	1
70.0753	17	0	1	LastDelay	0.00250065	2500.65	1	1
70.1804	26	0	1	LastDelay	0.0073879	7387.9	1	1
70.1997	6	0	1	LastDelay	0.00431243	4312.43	1	1
70.2396	0	0	1	LastDelay	0	0	1	0
70.2518	12	0	1	LastDelay	0.00330615	3306.15	1	1
70.262	31	0	1	LastDelay	0	0	1	0
70.2877	1	0	1	LastDelay	0.00180127	1801.27	1	1
70.2952	23	0	1	LastDelay	0	0	1	0
70.3316	10	0	1	LastDelay	0.003333	3333	1	1
70.3316	15	0	1	LastDelay	0.00144961	1449.61	1	1
70.3753	43	0	1	LastDelay	0	0	1	0
70.4276	35	0	1	LastDelay	0.00389749	3897.49	1	1
70.4383	29	0	1	LastDelay	0.00650239	6502.39	1	1
70.4979	41	0	1	LastDelay	0	0	1	0
70.5929	24	0	1	LastDelay	0	0	1	0
70.752	37	0	1	LastDelay	0	0	1	0
70.8904	28	0	1	LastDelay	0.00583461	5834.61	1	1
70.9061	25	0	1	LastDelay	0.00212029	2120.3	1	1
70.9256	18	0	1	LastDelay	0.00601478	6014.78	1	1
71.0238	27	0	1	LastDelay	0.0033062	3306.2	1	1
71.0471	19	0	1	LastDelay	0.00845333	8453.33	1	1
71.0682	11	0	1	LastDelay	0	0	1	0
71.0728	17	0	1	LastDelay	0	0	1	0
71.1455	46	0	1	LastDelay	0.00330602	3306.02	1	1
71.173	26	0	1	LastDelay	0	0	1	0
71.1954	6	0	1	LastDelay	0	0	1	0
71.2485	12	0	1	LastDelay	0	0	1	0
71.2815	42	0	1	LastDelay	2.9788e-05	29.788	1	1
71.2859	1	0	1	LastDelay	0	0	1	0
71.2963	21	0	1	LastDelay	0.00367387	3673.87	1	1
71.2963	23	0	1	LastDelay	0.00110563	1105.63	1	1
71.3283	10	0	1	LastDelay	0	0	1	0
71.3302	15	0	1	LastDelay	0	0	1	0
71.3727	20	0	1	LastDelay	0.00457828	4578.28	1	1
71.4237	35	0	1	LastDelay	0	0	1	0
71.4318	29	0	1	LastDelay	0	0	1	0
71.5012	41	0	1	LastDelay	0.003306	3306	1	1
71.6316	30	0	1	LastDelay	0.00331996	3319.96	1	1
71.8846	28	0	1	LastDelay	0	0	1	0
71.886	5	0	1	LastDelay	0.00332087	3320.87	1	1
71.904	25	0	1	LastDelay	0	0	1	0
71.9196	18	0	1	LastDelay	0	0	1	0
72.0205	27	0	1	LastDelay	0	0	1	0
72.0386	19	0	1	LastDelay	0	0	1	0
72.0727	11	0	1	LastDelay	0.00454657	4546.57	1	1
72.0758	17	0	1	LastDelay	0.00295967	2959.67	1	1
72.1422	46	0	1	LastDelay	0	0	1	0
72.1821	26	0	1	LastDelay	0.00908578	9085.78	1	1
72.2505	12	0	1	LastDelay	0.00202104	2021.05	1	1
72.2815	42	0	1	LastDelay	0	0	1	0
72.2926	21	0	1	LastDelay	0	0	1	0
72.2952	23	0	1	LastDelay	0	0	1	0
72.3316	10	0	1	LastDelay	0.0033062	3306.2	1	1
72.3316	15	0	1	LastDelay	0.00142282	1422.82	1	1
72.3681	20	0	1	LastDelay	0	0	1	0
72.4176	22	0	1	LastDelay	0.00330615	3306.15	1	1
72.4382	29	0	1	LastDelay	0.00647573	6475.73	1	1
72.4979	41	0	1	LastDelay	0	0	1	0
72.6283	30	0	1	LastDelay	0	0	1	0
72.8827	5	0	1	LastDelay	0	0	1	0
72.8879	28	0	1	LastDelay	0.0033069	3306.9	1	1
72.9218	18	0	1	LastDelay	0.0021602	2160.2	1	1
72.9496	14	0	1	LastDelay	0.00664126	6641.26	1	1
73.0402	19	0	1	LastDelay	0.00158564	1585.64	1	1
73.0682	11	0	1	LastDelay	0	0	1	0
73.0719	16	0	1	LastDelay	0.00435314	4353.14	1	1
73.0728	17	0	1	LastDelay	0	0	1	0
73.1645	4	0	1	LastDelay	0.00330616	3306.16	1	1
73.173	26	0	1	LastDelay	0	0	1	0
73.1972	6	0	1	LastDelay	0.00178266	1782.66	1	1
73.1972	13	0	1	LastDelay	0.00330784	3307.84	1	1
73.243	0	0	1	LastDelay	0.0033191	3319.1	1	1
73.2485	12	0	1	LastDelay	0	0	1	0
73.2893	1	0	1	LastDelay	0.00339475	3394.75	1	1
73.3029	23	0	1	LastDelay	0.00771397	7713.97	1	1
73.3283	10	0	1	LastDelay	0	0	1	0
73.3302	15	0	1	LastDelay	0	0	1	0
73.3753	20	0	1	LastDelay	0.00716539	7165.39	1	1
73.4143	22	0	1	LastDelay	0	0	1	0
73.4318	29	0	1	LastDelay	0	0	1	0
73.5966	24	0	1	LastDelay	0.00366405	3664.05	1	1
73.6291	30	0	1	LastDelay	0.00084047	840.47	1	1
73.8846	28	0	1	LastDelay	0	0	1	0
73.9058	25	0	1	LastDelay	0.00180198	1801.98	1	1
73.9196	18	0	1	LastDelay	0	0	1	0
73.9429	14	0	1	LastDelay	0	0	1	0
74.0238	27	0	1	LastDelay	0.00331915	3319.15	1	1
74.0386	19	0	1	LastDelay	0	0	1	0
74.0676	16	0	1	LastDelay	0	0	1	0
74.0749	17	0	1	LastDelay	0.00206287	2062.87	1	1
74.1612	4	0	1	LastDelay	0	0	1	0
74.1764	26	0	1	LastDelay	0.00331947	3319.47	1	1
74.1939	13	0	1	LastDelay	0	0	1	0
74.1954	6	0	1	LastDelay	0	0	1	0
74.2001	32	0	1	LastDelay	0.00108655	1086.55	1	1
74.2396	0	0	1	LastDelay	0	0	1	0
74.2859	1	0	1	LastDelay	0	0	1	0
74.2952	23	0	1	LastDelay	0	0	1	0
74.3354	15	0	1	LastDelay	0.00522124	5221.23	1	1
74.3681	20	0	1	LastDelay	0	0	1	0
74.5929	24	0	1	LastDelay	0	0	1	0
74.6283	30	0	1	LastDelay	0	0	1	0
74.8963	28	0	1	LastDelay	0.0116974	11697.4	1	1
74.904	25	0	1	LastDelay	0	0	1	0
75.0205	27	0	1	LastDelay	0	0	1	0
75.0709	16	0	1	LastDelay	0.00330617	3306.17	1	1
75.0709	11	0	1	LastDelay	0.00271345	2713.45	1	1
75.0728	17	0	1	LastDelay	0	0	1	0
75.173	26	0	1	LastDelay	0	0	1	0
75.199	32	0	1	LastDelay	0	0	1	0
75.2512	12	0	1	LastDelay	0.00279104	2791.04	1	1
75.2964	23	0	1	LastDelay	0.00121532	1215.32	1	1
75.2995	21	0	1	LastDelay	0.00686771	6867.71	1	1
75.3302	15	0	1	LastDelay	0	0	1	0
75.3323	10	0	1	LastDelay	0.00401524	4015.24	1	1
75.3714	20	0	1	LastDelay	0.00330634	3306.34	1	1
75.4176	22	0	1	LastDelay	0.00331959	3319.59	1	1
75.4362	29	0	1	LastDelay	0.00442471	4424.71	1	1
75.5056	33	0	1	LastDelay	0.00333352	3333.52	1	1
75.5962	24	0	1	LastDelay	0.00330623	3306.23	1	1
75.8846	28	0	1	LastDelay	0	0	1	0
75.886	5	0	1	LastDelay	0.00331906	3319.06	1	1
75.9128	25	0	1	LastDelay	0.00882359	8823.59	1	1
75.9197	18	0	1	LastDelay	5.9603e-05	59.603	1	1
75.9465	14	0	1	LastDelay	0.00350734	3507.34	1	1
76.0676	16	0	1	LastDelay	0	0	1	0
76.0682	11	0	1	LastDelay	0	0	1	0
76.0762	17	0	1	LastDelay	0.00331935	3319.35	1	1
76.1645	4	0	1	LastDelay	0.0033061	3306.1	1	1
76.1741	26	0	1	LastDelay	0.00106905	1069.05	1	1
76.197	6	0	1	LastDelay	0.00162289	1622.89	1	1
76.21	32	0	1	LastDelay	0.0109522	10952.2	1	1
76.2192	2	0	1	LastDelay	0.00564143	5641.43	1	1
76.2419	0	0	1	LastDelay	0.00221138	2211.38	1	1
76.2485	12	0	1	LastDelay	0	0	1	0
76.2641	3	0	1	LastDelay	0.0150074	15007.4	1	1
76.2641	44	0	1	LastDelay	0.0197866	19786.6	1	1
76.2926	21	0	1	LastDelay	0	0	1	0
76.2952	23	0	1	LastDelay	0	0	1	0
76.3283	10	0	1	LastDelay	0	0	1	0
76.3335	15	0	1	LastDelay	0.00331914	3319.14	1	1
76.3681	20	0	1	LastDelay	0	0	1	0
76.3684	9	0	1	LastDelay	0.000892653	892.653	1	1
76.4143	22	0	1	LastDelay	0	0	1	0
76.4318	29	0	1	LastDelay	0	0	1	0
76.5023	33	0	1	LastDelay	0	0	1	0
76.5372	45	0	1	LastDelay	0.0033712	3371.2	1	1
76.5929	24	0	1	LastDelay	0	0	1	0
76.8507	8	0	1	LastDelay	0.003306	3306	1	1
76.8827	5	0	1	LastDelay	0	0	1	0
76.8941	28	0	1	LastDelay	0.00947482	9474.82	1	1
76.904	25	0	1	LastDelay	0	0	1	0
76.9112	39	0	1	LastDelay	0.018632	18632	1	1
76.9196	18	0	1	LastDelay	0	0	1	0
76.9429	14	0	1	LastDelay	0	0	1	0
76.9815	38	0	1	LastDelay	0.00333201	3332.01	1	1
77.0728	17	0	1	LastDelay	0	0	1	0
77.0746	11	0	1	LastDelay	0.00647239	6472.39	1	1
77.1612	4	0	1	LastDelay	0	0	1	0
77.173	26	0	1	LastDelay	0	0	1	0
77.1954	6	0	1	LastDelay	0	0	1	0
77.199	32	0	1	LastDelay	0	0	1	0
77.2136	2	0	1	LastDelay	0	0	1	0
77.2396	0	0	1	LastDelay	0	0	1	0
77.2443	44	0	1	LastDelay	0	0	1	0
77.249	3	0	1	LastDelay	0	0	1	0
77.2966	23	0	1	LastDelay	0.0014368	1436.8	1	1
77.3302	15	0	1	LastDelay	0	0	1	0
77.3316	10	0	1	LastDelay	0.0033191	3319.1	1	1
77.3675	9	0	1	LastDelay	0	0	1	0
77.434	29	0	1	LastDelay	0.00222299	2222.99	1	1
77.5338	45	0	1	LastDelay	0	0	1	0
77.6316	30	0	1	LastDelay	0.00330733	3307.33	1	1
77.8474	8	0	1	LastDelay	0	0	1	0
77.8846	28	0	1	LastDelay	0	0	1	0
77.8926	39	0	1	LastDelay	0	0	1	0
77.9207	18	0	1	LastDelay	0.00108743	1087.43	1	1
77.9782	38	0	1	LastDelay	0	0	1	0
78.0401	19	0	1	LastDelay	0.00141904	1419.04	1	1
78.0682	11	0	1	LastDelay	0	0	1	0
78.074	17	0	1	LastDelay	0.00112781	1127.81	1	1
78.1854	26	0	1	LastDelay	0.0123826	12382.6	1	1
78.2042	6	0	1	LastDelay	0.00879866	8798.66	1	1
78.2422	0	0	1	LastDelay	0.00252931	2529.31	1	1
78.2501	7	0	1	LastDelay	8.6357e-05	86.357	1	1
78.2532	12	0	1	LastDelay	0.00477033	4770.33	1	1
78.2917	1	0	1	LastDelay	0.0057479	5747.9	1	1
78.2952	23	0	1	LastDelay	0	0	1	0
78.3283	10	0	1	LastDelay	0	0	1	0
78.3335	15	0	1	LastDelay	0.00330665	3306.65	1	1
78.3726	20	0	1	LastDelay	0.00452591	4525.91	1	1
78.4318	29	0	1	LastDelay	0	0	1	0
78.4448	35	0	1	LastDelay	0.0210784	21078.4	1	1
78.5056	33	0	1	LastDelay	0.00330717	3307.17	1	1
78.5465	34	0	1	LastDelay	0.00330635	3306.35	1	1
78.6283	30	0	1	LastDelay	0	0	1	0
78.886	5	0	1	LastDelay	0.00330605	3306.05	1	1
78.9003	28	0	1	LastDelay	0.0157256	15725.6	1	1
78.9174	25	0	1	LastDelay	0.0134142	13414.2	1	1
78.9196	18	0	1	LastDelay	0	0	1	0
79.0386	19	0	1	LastDelay	0	0	1	0
79.0709	16	0	1	LastDelay	0.00330606	3306.06	1	1
79.0728	17	0	1	LastDelay	0	0	1	0
79.0747	11	0	1	LastDelay	0.00649691	6496.91	1	1
79.173	26	0	1	LastDelay	0	0	1	0
79.1954	6	0	1	LastDelay	0	0	1	0
79.2188	2	0	1	LastDelay	0.00527835	5278.35	1	1
79.2396	0	0	1	LastDelay	0	0	1	0
79.2485	12	0	1	LastDelay	0	0	1	0
79.25	7	0	1	LastDelay	0	0	1	0
79.2859	1	0	1	LastDelay	0	0	1	0
79.2993	23	0	1	LastDelay	0.00415201	4152.01	1	1
79.3302	15	0	1	LastDelay	0	0	1	0
79.3681	20	0	1	LastDelay	0	0	1	0
79.4237	35	0	1	LastDelay	0	0	1	0
79.5023	33	0	1	LastDelay	0	0	1	0
79.5432	34	0	1	LastDelay	0	0	1	0
79.8827	5	0	1	LastDelay	0	0	1	0
79.8846	28	0	1	LastDelay	0	0	1	0
79.904	25	0	1	LastDelay	0	0	1	0
80.0676	16	0	1	LastDelay	0	0	1	0
80.0682	11	0	1	LastDelay	0	0	1	0
80.2136	2	0	1	LastDelay	0	0	1	0
80.2952	23	0	1	LastDelay	0	0	1	0
80.2959	21	0	1	LastDelay	0.00331914	3319.14	1	1
80.333	15	0	1	LastDelay	0.00280906	2809.06	1	1
80.333	31	0	1	LastDelay	0.0709598	70959.8	1	1
80.3718	20	0	1	LastDelay	0.00368407	3684.07	1	1
80.4176	22	0	1	LastDelay	0.00331917	3319.17	1	1
80.8961	28	0	1	LastDelay	0.0114733	11473.3	1	1
80.9199	25	0	1	LastDelay	0.0159163	15916.3	1	1
80.9199	18	0	1	LastDelay	0.00030866	308.66	1	1
80.9479	14	0	1	LastDelay	0.004998	4998	1	1
81.0269	27	0	1	LastDelay	0.00641628	6416.28	1	1
81.0712	11	0	1	LastDelay	0.0030568	3056.8	1	1
81.0746	17	0	1	LastDelay	0.00181416	1814.16	1	1
81.1645	4	0	1	LastDelay	0.00330616	3306.16	1	1
81.1967	6	0	1	LastDelay	0.0012925	1292.5	1	1
81.1998	32	0	1	LastDelay	0.000733083	733.083	1	1
81.2442	0	0	1	LastDelay	0.00453569	4535.69	1	1
81.2514	12	0	1	LastDelay	0.00295816	2958.16	1	1
81.262	31	0	1	LastDelay	0	0	1	0
81.2926	21	0	1	LastDelay	0	0	1	0
81.2953	23	0	1	LastDelay	0.000152424	152.424	1	1
81.3294	10	0	1	LastDelay	0.00110587	1105.87	1	1
81.3302	15	0	1	LastDelay	0	0	1	0
81.3681	20	0	1	LastDelay	0	0	1	0
81.4143	22	0	1	LastDelay	0	0	1	0
81.4319	29	0	1	LastDelay	0.000137126	137.126	1	1
81.5087	33	0	1	LastDelay	0.00644264	6442.64	1	1
81.5219	3	0	1	LastDelay	0.272831	272831	1	1
81.6316	30	0	1	LastDelay	0.00330698	3306.98	1	1
81.8846	28	0	1	LastDelay	0	0	1	0
81.904	25	0	1	LastDelay	0	0	1	0
81.9196	18	0	1	LastDelay	0	0	1	0
81.9429	14	0	1	LastDelay	0	0	1	0
81.9815	38	0	1	LastDelay	0.00334678	3346.78	1	1
81.9937	40	0	1	LastDelay	0.951447	951447	1	1
82.0205	27	0	1	LastDelay	0	0	1	0
82.0423	40	0	1	LastDelay	0	0	1	0
82.0682	11	0	1	LastDelay	0	0	1	0
82.0728	17	0	1	LastDelay	0	0	1	0
82.1456	46	0	1	LastDelay	0.00333209	3332.09	1	1
82.1612	4	0	1	LastDelay	0	0	1	0
82.1954	6	0	1	LastDelay	0	0	1	0
82.199	32	0	1	LastDelay	0	0	1	0
82.2396	0	0	1	LastDelay	0	0	1	0
82.2476	44	0	1	LastDelay	0.00331911	3319.11	1	1
82.2485	12	0	1	LastDelay	0	0	1	0
82.249	3	0	1	LastDelay	0	0	1	0
82.2848	42	0	1	LastDelay	0.003319	3319	1	1
82.2952	23	0	1	LastDelay	0	0	1	0
82.3283	10	0	1	LastDelay	0	0	1	0
82.3708	9	0	1	LastDelay	0.00334506	3345.06	1	1
82.4176	22	0	1	LastDelay	0.00330606	3306.06	1	1
82.4318	29	0	1	LastDelay	0	0	1	0
82.5012	41	0	1	LastDelay	0.003306	3306	1	1
82.5023	33	0	1	LastDelay	0	0	1	0
82.5465	34	0	1	LastDelay	0.00330646	3306.46	1	1
82.6283	30	0	1	LastDelay	0	0	1	0
82.886	5	0	1	LastDelay	0.00330606	3306.06	1	1
82.8901	28	0	1	LastDelay	0.00555434	5554.34	1	1
82.9098	25	0	1	LastDelay	0.00576184	5761.84	1	1
82.9463	14	0	1	LastDelay	0.00330616	3306.16	1	1
82.9782	38	0	1	LastDelay	0	0	1	0
83.0238	27	0	1	LastDelay	0.00330615	3306.15	1	1
83.042	19	0	1	LastDelay	0.0033191	3319.1	1	1
83.0484	40	0	1	LastDelay	0.00614997	6149.97	1	1
83.0751	11	0	1	LastDelay	0.00694411	6944.11	1	1
83.0751	17	0	1	LastDelay	0.00228598	2285.98	1	1
83.1422	46	0	1	LastDelay	0	0	1	0
83.1779	26	0	1	LastDelay	0.00490564	4905.64	1	1
83.2024	6	0	1	LastDelay	0.00697642	6976.42	1	1
83.2024	32	0	1	LastDelay	0.0033324	3332.4	1	1
83.2422	0	0	1	LastDelay	0.00251425	2514.25	1	1
83.2443	44	0	1	LastDelay	0	0	1	0
83.2517	12	0	1	LastDelay	0.00327124	3271.24	1	1
83.2534	7	0	1	LastDelay	0.00333209	3332.09	1	1
83.2637	31	0	1	LastDelay	0.00170995	1709.95	1	1
83.2815	42	0	1	LastDelay	0	0	1	0
83.2996	21	0	1	LastDelay	0.00695966	6959.66	1	1
83.2996	23	0	1	LastDelay	0.00439143	4391.43	1	1
83.3321	15	0	1	LastDelay	0.00189129	1891.29	1	1
83.3321	10	0	1	LastDelay	0.00377477	3774.77	1	1
83.3675	9	0	1	LastDelay	0	0	1	0
83.3706	20	0	1	LastDelay	0.00245406	2454.06	1	1
83.4143	22	0	1	LastDelay	0	0	1	0
83.4328	29	0	1	LastDelay	0.00108855	1088.55	1	1
83.4825	35	0	1	LastDelay	0.0588208	58820.8	1	1
83.4979	41	0	1	LastDelay	0	0	1	0
83.503	33	0	1	LastDelay	0.000681079	681.079	1	1
83.5432	34	0	1	LastDelay	0	0	1	0
83.5962	24	0	1	LastDelay	0.00333205	3332.05	1	1
83.6283	30	0	1	LastDelay	1.1688e-05	11.688	1	1
83.8827	5	0	1	LastDelay	0	0	1	0
83.8846	28	0	1	LastDelay	0	0	1	0
83.904	25	0	1	LastDelay	0	0	1	0
83.926	18	0	1	LastDelay	0.00640346	6403.46	1	1
83.9429	14	0	1	LastDelay	0	0	1	0
83.9815	38	0	1	LastDelay	0.00334687	3346.87	1	1
84.0205	27	0	1	LastDelay	0	0	1	0
84.0386	19	0	1	LastDelay	0	0	1	0
84.0423	40	0	1	LastDelay	0	0	1	0
84.0682	11	0	1	LastDelay	0	0	1	0
84.0709	16	0	1	LastDelay	0.00331907	3319.07	1	1
84.0728	17	0	1	LastDelay	0	0	1	0
84.173	26	0	1	LastDelay	0	0	1	0
84.1954	6	0	1	LastDelay	0	0	1	0
84.199	32	0	1	LastDelay	0	0	1	0
84.2396	0	0	1	LastDelay	0	0	1	0
84.2476	44	0	1	LastDelay	0.00331945	3319.45	1	1
84.2485	12	0	1	LastDelay	0	0	1	0
84.25	7	0	1	LastDelay	0	0	1	0
84.2524	3	0	1	LastDelay	0.00333211	3332.11	1	1
84.262	31	0	1	LastDelay	0	0	1	0
84.2926	21	0	1	LastDelay	0	0	1	0
84.2952	23	0	1	LastDelay	0	0	1	0
84.3283	10	0	1	LastDelay	0	0	1	0
84.3302	15	0	1	LastDelay	0	0	1	0
84.3681	20	0	1	LastDelay	0	0	1	0
84.3708	9	0	1	LastDelay	0.00330615	3306.15	1	1
84.4176	22	0	1	LastDelay	0.00330607	3306.07	1	1
84.4237	35	0	1	LastDelay	0	0	1	0
84.4318	29	0	1	LastDelay	0	0	1	0
84.5023	33	0	1	LastDelay	0	0	1	0
84.5469	34	0	1	LastDelay	0.0036519	3651.9	1	1
84.5929	24	0	1	LastDelay	0	0	1	0
84.6283	30	0	1	LastDelay	0	0	1	0
84.8863	28	0	1	LastDelay	0.00172168	1721.68	1	1
84.9103	25	0	1	LastDelay	0.00631078	6310.78	1	1
84.9196	18	0	1	LastDelay	0	0	1	0
84.9782	38	0	1	LastDelay	0	0	1	0
85.0676	16	0	1	LastDelay	0	0	1	0
85.0756	17	0	1	LastDelay	0.00276188	2761.88	1	1
85.1645	4	0	1	LastDelay	0.00330632	3306.32	1	1
85.1792	26	0	1	LastDelay	0.00620225	6202.24	1	1
85.2103	6	0	1	LastDelay	0.0148624	14862.4	1	1
85.2443	44	0	1	LastDelay	0	0	1	0
85.249	3	0	1	LastDelay	0	0	1	0
85.2529	12	0	1	LastDelay	0.00440699	4406.99	1	1
85.2625	31	0	1	LastDelay	0.000448562	448.562	1	1
85.2997	23	0	1	LastDelay	0.00448935	4489.35	1	1
85.3296	10	0	1	LastDelay	0.0012889	1288.9	1	1
85.3374	15	0	1	LastDelay	0.00724456	7244.56	1	1
85.3675	9	0	1	LastDelay	0	0	1	0
85.4143	22	0	1	LastDelay	0	0	1	0
85.4399	29	0	1	LastDelay	0.00815002	8150.02	1	1
85.5432	34	0	1	LastDelay	0	0	1	0
85.6316	30	0	1	LastDelay	0.00330619	3306.19	1	1
85.8846	28	0	1	LastDelay	0	0	1	0
85.886	5	0	1	LastDelay	0.00330631	3306.31	1	1
85.904	25	0	1	LastDelay	0	0	1	0
85.9273	18	0	1	LastDelay	0.00770959	7709.59	1	1
85.9434	14	0	1	LastDelay	0.00044908	449.08	1	1
85.9465	39	0	1	LastDelay	0.0538626	53862.6	1	1
86.0238	27	0	1	LastDelay	0.00330645	3306.45	1	1
86.0728	17	0	1	LastDelay	0	0	1	0
86.074	11	0	1	LastDelay	0.00579847	5798.47	1	1
86.1612	4	0	1	LastDelay	0	0	1	0
86.173	26	0	1	LastDelay	0	0	1	0
86.1954	6	0	1	LastDelay	0	0	1	0
86.2293	2	0	1	LastDelay	0.0157446	15744.6	1	1
86.2416	0	0	1	LastDelay	0.00197505	1975.05	1	1
86.2485	12	0	1	LastDelay	0	0	1	0
86.262	31	0	1	LastDelay	0	0	1	0
86.2952	23	0	1	LastDelay	0	0	1	0
86.2959	21	0	1	LastDelay	0.00330607	3306.07	1	1
86.3283	10	0	1	LastDelay	0	0	1	0
86.3302	15	0	1	LastDelay	0	0	1	0
86.3723	20	0	1	LastDelay	0.00418357	4183.57	1	1
86.4176	22	0	1	LastDelay	0.00330662	3306.62	1	1
86.4307	35	0	1	LastDelay	0.00703624	7036.24	1	1
86.4318	29	0	1	LastDelay	0	0	1	0
86.5063	33	0	1	LastDelay	0.0040399	4039.9	1	1
86.5962	24	0	1	LastDelay	0.00330612	3306.12	1	1
86.6283	30	0	1	LastDelay	0	0	1	0
86.8827	5	0	1	LastDelay	0	0	1	0
86.8879	28	0	1	LastDelay	0.00330737	3307.37	1	1
86.8926	39	0	1	LastDelay	0	0	1	0
86.9084	25	0	1	LastDelay	0.00438139	4381.39	1	1
86.9196	18	0	1	LastDelay	0	0	1	0
86.9429	14	0	1	LastDelay	0	0	1	0
87.0205	27	0	1	LastDelay	0	0	1	0
87.0427	40	0	1	LastDelay	0.000441565	441.565	1	1
87.0682	11	0	1	LastDelay	0	0	1	0
87.0753	17	0	1	LastDelay	0.00251399	2513.99	1	1
87.182	26	0	1	LastDelay	0.00895514	8955.14	1	1
87.1985	6	0	1	LastDelay	0.00305918	3059.18	1	1
87.2015	32	0	1	LastDelay	0.00248605	2486.05	1	1
87.2136	2	0	1	LastDelay	0	0	1	0
87.2396	0	0	1	LastDelay	0	0	1	0
87.2518	12	0	1	LastDelay	0.00331908	3319.08	1	1
87.2679	31	0	1	LastDelay	0.00592763	5927.64	1	1
87.2926	21	0	1	LastDelay	0	0	1	0
87.2947	1	0	1	LastDelay	0.00873783	8737.83	1	1
87.3012	23	0	1	LastDelay	0.00599079	5990.79	1	1
87.3365	15	0	1	LastDelay	0.00632431	6324.31	1	1
87.3365	10	0	1	LastDelay	0.0082079	8207.9	1	1
87.3681	20	0	1	LastDelay	0	0	1	0
87.4143	22	0	1	LastDelay	0	0	1	0
87.4237	35	0	1	LastDelay	0	0	1	0
87.4351	29	0	1	LastDelay	0.00330611	3306.11	1	1
87.5023	33	0	1	LastDelay	0	0	1	0
87.5465	34	0	1	LastDelay	0.00330636	3306.36	1	1
87.5929	24	0	1	LastDelay	0	0	1	0
87.6316	30	0	1	LastDelay	0.00330619	3306.19	1	1
87.8846	28	0	1	LastDelay	0	0	1	0
87.904	25	0	1	LastDelay	0	0	1	0
87.9086	39	0	1	LastDelay	0.0159638	15963.8	1	1
87.9471	14	0	1	LastDelay	0.00410359	4103.59	1	1
88.0238	27	0	1	LastDelay	0.0033062	3306.2	1	1
88.0423	40	0	1	LastDelay	0	0	1	0
88.0728	17	0	1	LastDelay	0	0	1	0
88.0739	11	0	1	LastDelay	0.00577212	5772.12	1	1
88.0739	16	0	1	LastDelay	0.00636514	6365.14	1	1
88.1677	4	0	1	LastDelay	0.00651184	6511.84	1	1
88.173	26	0	1	LastDelay	0	0	1	0
88.1954	6	0	1	LastDelay	0	0	1	0
88.199	32	0	1	LastDelay	0	0	1	0
88.246	0	0	1	LastDelay	0.00637785	6377.85	1	1
88.2485	12	0	1	LastDelay	0	0	1	0
88.2538	7	0	1	LastDelay	0.0037921	3792.09	1	1
88.262	31	0	1	LastDelay	0	0	1	0
88.2859	1	0	1	LastDelay	0	0	1	0
88.2952	23	0	1	LastDelay	0	0	1	0
88.3283	10	0	1	LastDelay	0	0	1	0
88.3302	15	0	1	LastDelay	0	0	1	0
88.4176	22	0	1	LastDelay	0.00330716	3307.16	1	1
88.4283	35	0	1	LastDelay	0.00459849	4598.49	1	1
88.4318	29	0	1	LastDelay	0	0	1	0
88.5056	33	0	1	LastDelay	0.00330605	3306.05	1	1
88.5432	34	0	1	LastDelay	0	0	1	0
88.6283	30	0	1	LastDelay	0	0	1	0
88.7553	37	0	1	LastDelay	0.00332066	3320.66	1	1
88.8507	8	0	1	LastDelay	0.00330696	3306.96	1	1
88.8863	28	0	1	LastDelay	0.00175878	1758.79	1	1
88.8926	39	0	1	LastDelay	0	0	1	0
88.9058	25	0	1	LastDelay	0.00179025	1790.25	1	1
88.9226	18	0	1	LastDelay	0.00293043	2930.43	1	1
88.9429	14	0	1	LastDelay	0	0	1	0
88.9792	38	0	1	LastDelay	0.000954595	954.595	1	1
88.9957	36	0	1	LastDelay	0.00595886	5958.86	1	1
89.0205	27	0	1	LastDelay	0	0	1	0
89.042	19	0	1	LastDelay	0.00335925	3359.25	1	1
89.0462	40	0	1	LastDelay	0.00386903	3869.03	1	1
89.0676	16	0	1	LastDelay	0	0	1	0
89.0682	11	0	1	LastDelay	0	0	1	0
89.0929	3	0	1	LastDelay	0.843861	843861	1	1
89.0929	44	0	1	LastDelay	0.84864	848640	1	1
89.1612	4	0	1	LastDelay	0	0	1	0
89.1763	26	0	1	LastDelay	0.00330654	3306.54	1	1
89.1972	6	0	1	LastDelay	0.00179398	1793.98	1	1
89.2082	32	0	1	LastDelay	0.00914769	9147.69	1	1
89.2185	2	0	1	LastDelay	0.00490728	4907.28	1	1
89.2396	0	0	1	LastDelay	0	0	1	0
89.2443	44	0	1	LastDelay	0	0	1	0
89.249	3	0	1	LastDelay	0	0	1	0
89.25	7	0	1	LastDelay	0	0	1	0
89.2634	31	0	1	LastDelay	0.00139577	1395.77	1	1
89.2889	1	0	1	LastDelay	0.00298314	2983.14	1	1
89.2989	21	0	1	LastDelay	0.00625718	6257.18	1	1
89.2989	23	0	1	LastDelay	0.0036889	3688.9	1	1
89.3286	10	0	1	LastDelay	0.000320525	320.525	1	1
89.3324	15	0	1	LastDelay	0.00226074	2260.74	1	1
89.3741	20	0	1	LastDelay	0.00602621	6026.21	1	1
89.3777	43	0	1	LastDelay	0.00243316	2433.16	1	1
89.3808	9	0	1	LastDelay	0.0132873	13287.3	1	1
89.4143	22	0	1	LastDelay	0	0	1	0
89.4237	35	0	1	LastDelay	0	0	1	0
89.4351	29	0	1	LastDelay	0.00330615	3306.15	1	1
89.5023	33	0	1	LastDelay	0	0	1	0
89.5371	45	0	1	LastDelay	0.00334519	3345.19	1	1
89.752	37	0	1	LastDelay	0	0	1	0
89.8474	8	0	1	LastDelay	0	0	1	0
89.8846	28	0	1	LastDelay	0	0	1	0
89.899	39	0	1	LastDelay	0.00639354	6393.54	1	1
89.904	25	0	1	LastDelay	0	0	1	0
89.9196	18	0	1	LastDelay	0	0	1	0
89.9782	38	0	1	LastDelay	0	0	1	0
89.9897	36	0	1	LastDelay	0	0	1	0
90.0238	27	0	1	LastDelay	0.00330602	3306.02	1	1
90.0386	19	0	1	LastDelay	0	0	1	0
90.0423	40	0	1	LastDelay	0	0	1	0
90.0832	17	0	1	LastDelay	0.0103665	10366.5	1	1
90.0832	11	0	1	LastDelay	0.0150248	15024.8	1	1
90.1645	4	0	1	LastDelay	0.00330708	3307.08	1	1
90.173	26	0	1	LastDelay	0	0	1	0
90.1954	6	0	1	LastDelay	0	0	1	0
90.199	32	0	1	LastDelay	0	0	1	0
90.2136	2	0	1	LastDelay	0	0	1	0
90.2505	12	0	1	LastDelay	0.00204795	2047.95	1	1
90.262	31	0	1	LastDelay	0	0	1	0
90.2859	1	0	1	LastDelay	0	0	1	0
90.2926	21	0	1	LastDelay	0	0	1	0
90.2952	23	0	1	LastDelay	0	0	1	0
90.3283	10	0	1	LastDelay	0	0	1	0
90.3302	15	0	1	LastDelay	0	0	1	0
90.3675	9	0	1	LastDelay	0	0	1	0
90.3681	20	0	1	LastDelay	0	0	1	0
90.3753	43	0	1	LastDelay	0	0	1	0
90.4176	22	0	1	LastDelay	0.00330672	3306.72	1	1
90.4252	35	0	1	LastDelay	0.0014618	1461.8	1	1
90.4318	29	0	1	LastDelay	0	0	1	0
90.5033	33	0	1	LastDelay	0.00100407	1004.07	1	1
90.5338	45	0	1	LastDelay	0	0	1	0
90.5993	24	0	1	LastDelay	0.00640355	6403.55	1	1
90.7614	37	0	1	LastDelay	0.00945074	9450.74	1	1
90.8507	8	0	1	LastDelay	0.00332032	3320.32	1	1
90.8926	39	0	1	LastDelay	0	0	1	0
90.9011	28	0	1	LastDelay	0.0164888	16488.8	1	1
90.9045	25	0	1	LastDelay	0.000476864	476.864	1	1
90.9246	18	0	1	LastDelay	0.00499024	4990.24	1	1
90.9435	14	0	1	LastDelay	0.00051186	511.86	1	1
90.9868	38	0	1	LastDelay	0.00859742	8597.42	1	1
91.0205	27	0	1	LastDelay	0	0	1	0
91.0467	40	0	1	LastDelay	0.00439752	4397.52	1	1
91.0682	11	0	1	LastDelay	0	0	1	0
91.0728	17	0	1	LastDelay	0	0	1	0
91.1612	4	0	1	LastDelay	0	0	1	0
91.1763	26	0	1	LastDelay	0.00330604	3306.04	1	1
91.1969	6	0	1	LastDelay	0.0015527	1552.7	1	1
91.2399	0	0	1	LastDelay	0.000217913	217.913	1	1
91.2485	12	0	1	LastDelay	0	0	1	0
91.2639	31	0	1	LastDelay	0.00184983	1849.83	1	1
91.2673	3	0	1	LastDelay	0.0182258	18225.8	1	1
91.2868	1	0	1	LastDelay	0.000824786	824.786	1	1
91.2929	21	0	1	LastDelay	0.000325997	325.997	1	1
91.3025	23	0	1	LastDelay	0.00732699	7326.99	1	1
91.3371	15	0	1	LastDelay	0.00697211	6972.11	1	1
91.3734	20	0	1	LastDelay	0.00526746	5267.46	1	1
91.4143	22	0	1	LastDelay	0	0	1	0
91.4237	35	0	1	LastDelay	0	0	1	0
91.5023	33	0	1	LastDelay	0	0	1	0
91.5371	45	0	1	LastDelay	0.00330615	3306.15	1	1
91.5929	24	0	1	LastDelay	0	0	1	0
91.752	37	0	1	LastDelay	0	0	1	0
91.8474	8	0	1	LastDelay	0	0	1	0
91.8846	28	0	1	LastDelay	0	0	1	0
91.8968	39	0	1	LastDelay	0.00415229	4152.29	1	1
91.904	25	0	1	LastDelay	0	0	1	0
91.9196	18	0	1	LastDelay	0	0	1	0
91.9429	14	0	1	LastDelay	0	0	1	0
91.9782	38	0	1	LastDelay	0	0	1	0
92.0423	40	0	1	LastDelay	0	0	1	0
92.0784	11	0	1	LastDelay	0.010231	10231	1	1
92.0815	17	0	1	LastDelay	0.00866987	8669.87	1	1
92.173	26	0	1	LastDelay	0	0	1	0
92.1954	6	0	1	LastDelay	0	0	1	0
92.1972	13	0	1	LastDelay	0.0033191	3319.1	1	1
92.2026	32	0	1	LastDelay	0.00357323	3573.23	1	1
92.2396	0	0	1	LastDelay	0	0	1	0
92.249	3	0	1	LastDelay	0	0	1	0
92.2518	12	0	1	LastDelay	0.00330618	3306.18	1	1
92.2534	7	0	1	LastDelay	0.00333205	3332.05	1	1
92.262	31	0	1	LastDelay	0	0	1	0
92.2859	1	0	1	LastDelay	0	0	1	0
92.2926	21	0	1	LastDelay	0	0	1	0
92.2952	23	0	1	LastDelay	0	0	1	0
92.3302	15	0	1	LastDelay	0	0	1	0
92.3681	20	0	1	LastDelay	0	0	1	0
92.4293	35	0	1	LastDelay	0.00562672	5626.72	1	1
92.5012	41	0	1	LastDelay	0.00330787	3307.87	1	1
92.5338	45	0	1	LastDelay	0	0	1	0
92.8891	5	0	1	LastDelay	0.00639128	6391.28	1	1
92.8891	28	0	1	LastDelay	0.00447438	4474.38	1	1
92.8926	39	0	1	LastDelay	0	0	1	0
92.9046	25	0	1	LastDelay	0.000570846	570.846	1	1
92.925	18	0	1	LastDelay	0.00536946	5369.45	1	1
92.9914	36	0	1	LastDelay	0.00170614	1706.14	1	1
93.0244	27	0	1	LastDelay	0.00390674	3906.74	1	1
93.0682	11	0	1	LastDelay	0	0	1	0
93.0728	17	0	1	LastDelay	0	0	1	0
93.0732	16	0	1	LastDelay	0.00560423	5604.23	1	1
93.1455	46	0	1	LastDelay	0.00331908	3319.08	1	1
93.1645	4	0	1	LastDelay	0.00330747	3307.47	1	1
93.1782	26	0	1	LastDelay	0.00521032	5210.32	1	1
93.1939	13	0	1	LastDelay	0	0	1	0
93.1984	6	0	1	LastDelay	0.00304938	3049.38	1	1
93.199	32	0	1	LastDelay	0	0	1	0
93.2485	12	0	1	LastDelay	0	0	1	0
93.25	7	0	1	LastDelay	0	0	1	0
93.2637	31	0	1	LastDelay	0.00172305	1723.05	1	1
93.2848	42	0	1	LastDelay	0.0033581	3358.1	1	1
93.29	1	0	1	LastDelay	0.00404129	4041.29	1	1
93.2965	23	0	1	LastDelay	0.00134322	1343.22	1	1
93.2965	21	0	1	LastDelay	0.0039118	3911.8	1	1
93.3326	10	0	1	LastDelay	0.00431322	4313.22	1	1
93.3326	15	0	1	LastDelay	0.00243034	2430.34	1	1
93.3685	20	0	1	LastDelay	0.000379804	379.804	1	1
93.3854	43	0	1	LastDelay	0.0101427	10142.7	1	1
93.4145	22	0	1	LastDelay	0.000197912	197.912	1	1
93.4237	35	0	1	LastDelay	0	0	1	0
93.4384	29	0	1	LastDelay	0.00664067	6640.67	1	1
93.4979	41	0	1	LastDelay	0	0	1	0
93.5049	33	0	1	LastDelay	0.00263658	2636.58	1	1
93.5405	45	0	1	LastDelay	0.00674867	6748.67	1	1
93.5962	24	0	1	LastDelay	0.00330639	3306.39	1	1
93.6342	30	0	1	LastDelay	0.00596948	5969.48	1	1
93.7594	37	0	1	LastDelay	0.00742097	7420.97	1	1
93.8827	5	0	1	LastDelay	0	0	1	0
93.8846	28	0	1	LastDelay	0	0	1	0
93.899	39	0	1	LastDelay	0.0063787	6378.7	1	1
93.904	25	0	1	LastDelay	0	0	1	0
93.9196	18	0	1	LastDelay	0	0	1	0
93.9493	14	0	1	LastDelay	0.00639048	6390.48	1	1
93.9897	36	0	1	LastDelay	0	0	1	0
94.0205	27	0	1	LastDelay	0	0	1	0
94.042	19	0	1	LastDelay	0.00335812	3358.12	1	1
94.0676	16	0	1	LastDelay	0	0	1	0
94.0691	11	0	1	LastDelay	0.000972936	972.936	1	1
94.0733	17	0	1	LastDelay	0.000416427	416.427	1	1
94.1422	46	0	1	LastDelay	0	0	1	0
94.1612	4	0	1	LastDelay	0	0	1	0
94.173	26	0	1	LastDelay	0	0	1	0
94.1954	6	0	1	LastDelay	0	0	1	0
94.2024	32	0	1	LastDelay	0.00331912	3319.12	1	1
94.226	2	0	1	LastDelay	0.012464	12464	1	1
94.25	12	0	1	LastDelay	0.00158837	1588.37	1	1
94.2505	7	0	1	LastDelay	0.000474179	474.179	1	1
94.262	31	0	1	LastDelay	0	0	1	0
94.2815	42	0	1	LastDelay	0	0	1	0
94.2859	1	0	1	LastDelay	0	0	1	0
94.2926	21	0	1	LastDelay	0	0	1	0
94.2952	23	0	1	LastDelay	0	0	1	0
94.3283	10	0	1	LastDelay	0	0	1	0
94.3302	15	0	1	LastDelay	0	0	1	0
94.3681	20	0	1	LastDelay	0	0	1	0
94.3753	43	0	1	LastDelay	0	0	1	0
94.4143	22	0	1	LastDelay	0	0	1	0
94.427	35	0	1	LastDelay	0.00330643	3306.43	1	1
94.4318	29	0	1	LastDelay	0	0	1	0
94.5023	33	0	1	LastDelay	0	0	1	0
94.5338	45	0	1	LastDelay	0	0	1	0
94.5929	24	0	1	LastDelay	0	0	1	0
94.6283	30	0	1	LastDelay	0	0	1	0
94.752	37	0	1	LastDelay	0	0	1	0
94.8926	39	0	1	LastDelay	0	0	1	0
94.8942	28	0	1	LastDelay	0.00959905	9599.05	1	1
94.9203	18	0	1	LastDelay	0.000714702	714.702	1	1
94.9237	25	0	1	LastDelay	0.0197257	19725.7	1	1
94.9429	14	0	1	LastDelay	0	0	1	0
94.9976	36	0	1	LastDelay	0.00789468	7894.68	1	1
95.0238	27	0	1	LastDelay	0.00330692	3306.92	1	1
95.0386	19	0	1	LastDelay	0	0	1	0
95.049	40	0	1	LastDelay	0.00669665	6696.65	1	1
95.0682	11	0	1	LastDelay	0	0	1	0
95.0728	17	0	1	LastDelay	0	0	1	0
95.0735	16	0	1	LastDelay	0.0059658	5965.8	1	1
95.1755	26	0	1	LastDelay	0.00249817	2498.17	1	1
95.1973	6	0	1	LastDelay	0.00189915	1899.15	1	1
95.199	32	0	1	LastDelay	0	0	1	0
95.2136	2	0	1	LastDelay	0	0	1	0
95.2402	0	0	1	LastDelay	0.000549629	549.629	1	1
95.2485	12	0	1	LastDelay	0	0	1	0
95.25	7	0	1	LastDelay	0	0	1	0
95.2714	31	0	1	LastDelay	0.009426	9426	1	1
95.2955	23	0	1	LastDelay	0.000326775	326.775	1	1
95.2955	21	0	1	LastDelay	0.00289533	2895.33	1	1
95.3732	20	0	1	LastDelay	0.00512302	5123.02	1	1
95.4237	35	0	1	LastDelay	0	0	1	0
95.5088	33	0	1	LastDelay	0.00652893	6528.93	1	1
95.5465	34	0	1	LastDelay	0.00330618	3306.18	1	1
95.7553	37	0	1	LastDelay	0.00331994	3319.94	1	1
95.8846	28	0	1	LastDelay	0	0	1	0
95.8928	39	0	1	LastDelay	0.000197925	197.925	1	1
95.904	25	0	1	LastDelay	0	0	1	0
95.9196	18	0	1	LastDelay	0	0	1	0
95.9463	14	0	1	LastDelay	0.00331902	3319.02	1	1
95.9897	36	0	1	LastDelay	0	0	1	0
96.0205	27	0	1	LastDelay	0	0	1	0
96.0423	40	0	1	LastDelay	0	0	1	0
96.0676	16	0	1	LastDelay	0	0	1	0
96.0749	17	0	1	LastDelay	0.00206268	2062.68	1	1
96.1676	4	0	1	LastDelay	0.00639199	6391.99	1	1
96.173	26	0	1	LastDelay	0	0	1	0
96.1954	6	0	1	LastDelay	0	0	1	0
96.2396	0	0	1	LastDelay	0	0	1	0
96.262	31	0	1	LastDelay	0	0	1	0
96.2926	21	0	1	LastDelay	0	0	1	0
96.2952	23	0	1	LastDelay	0	0	1	0
96.3381	15	0	1	LastDelay	0.0079238	7923.8	1	1
96.3681	20	0	1	LastDelay	0	0	1	0
96.4259	35	0	1	LastDelay	0.00220012	2200.12	1	1
96.4355	29	0	1	LastDelay	0.00370811	3708.11	1	1
96.5012	41	0	1	LastDelay	0.00330749	3307.49	1	1
96.5023	33	0	1	LastDelay	0	0	1	0
96.5432	34	0	1	LastDelay	0	0	1	0
96.752	37	0	1	LastDelay	0	0	1	0
96.8894	28	0	1	LastDelay	0.00484401	4844.01	1	1
96.8926	39	0	1	LastDelay	0	0	1	0
96.908	25	0	1	LastDelay	0.00394324	3943.24	1	1
96.9214	18	0	1	LastDelay	0.00176135	1761.35	1	1
96.9429	14	0	1	LastDelay	0	0	1	0
96.9958	36	0	1	LastDelay	0.00604662	6046.62	1	1
97.0247	27	0	1	LastDelay	0.0041662	4166.2	1	1
97.0433	19	0	1	LastDelay	0.00464048	4640.48	1	1
97.0517	40	0	1	LastDelay	0.00943683	9436.83	1	1
97.0728	17	0	1	LastDelay	0	0	1	0
97.1612	4	0	1	LastDelay	0	0	1	0
97.201	32	0	1	LastDelay	0.00200042	2000.42	1	1
97.201	6	0	1	LastDelay	0.00564502	5645.02	1	1
97.2402	0	0	1	LastDelay	0.000605497	605.497	1	1
97.2506	12	0	1	LastDelay	0.00216111	2161.11	1	1
97.2506	7	0	1	LastDelay	0.000590313	590.313	1	1
97.2643	31	0	1	LastDelay	0.00232539	2325.39	1	1
97.2921	42	0	1	LastDelay	0.0106226	10622.6	1	1
97.2959	21	0	1	LastDelay	0.00333202	3332.02	1	1
97.2994	23	0	1	LastDelay	0.00419124	4191.24	1	1
97.3302	15	0	1	LastDelay	0	0	1	0
97.3801	43	0	1	LastDelay	0.00484911	4849.11	1	1
97.3866	20	0	1	LastDelay	0.0184922	18492.2	1	1
97.4203	22	0	1	LastDelay	0.00594501	5945.01	1	1
97.4237	35	0	1	LastDelay	0	0	1	0
97.4318	29	0	1	LastDelay	0	0	1	0
97.4979	41	0	1	LastDelay	0	0	1	0
97.546	34	0	1	LastDelay	0.00279304	2793.04	1	1
97.5962	24	0	1	LastDelay	0.00330682	3306.82	1	1
97.6315	30	0	1	LastDelay	0.00328049	3280.49	1	1
97.7583	37	0	1	LastDelay	0.00637758	6377.58	1	1
97.8846	28	0	1	LastDelay	0	0	1	0
97.886	5	0	1	LastDelay	0.00330785	3307.85	1	1
97.8983	39	0	1	LastDelay	0.00566732	5667.32	1	1
97.904	25	0	1	LastDelay	0	0	1	0
97.9196	18	0	1	LastDelay	0	0	1	0
97.9463	14	0	1	LastDelay	0.00331906	3319.06	1	1
97.9821	38	0	1	LastDelay	0.00390957	3909.57	1	1
97.9897	36	0	1	LastDelay	0	0	1	0
98.0205	27	0	1	LastDelay	0	0	1	0
98.0386	19	0	1	LastDelay	0	0	1	0
98.0423	40	0	1	LastDelay	0	0	1	0
98.0709	16	0	1	LastDelay	0.00330643	3306.43	1	1
98.0743	17	0	1	LastDelay	0.00143417	1434.17	1	1
98.0773	11	0	1	LastDelay	0.00916376	9163.76	1	1
98.1456	46	0	1	LastDelay	0.0033583	3358.3	1	1
98.1773	26	0	1	LastDelay	0.00425944	4259.44	1	1
98.1954	6	0	1	LastDelay	0	0	1	0
98.199	32	0	1	LastDelay	0	0	1	0
98.2396	0	0	1	LastDelay	0	0	1	0
98.2485	12	0	1	LastDelay	0	0	1	0
98.25	7	0	1	LastDelay	0	0	1	0
98.262	31	0	1	LastDelay	0	0	1	0
98.2815	42	0	1	LastDelay	0	0	1	0
98.2926	21	0	1	LastDelay	0	0	1	0
98.2952	23	0	1	LastDelay	0	0	1	0
98.3316	15	0	1	LastDelay	0.00142376	1423.76	1	1
98.3316	10	0	1	LastDelay	0.00330781	3307.81	1	1
98.3681	20	0	1	LastDelay	0	0	1	0
98.3753	43	0	1	LastDelay	0	0	1	0
98.4143	22	0	1	LastDelay	0	0	1	0
98.4301	35	0	1	LastDelay	0.00639053	6390.52	1	1
98.4373	29	0	1	LastDelay	0.00551489	5514.89	1	1
98.5046	33	0	1	LastDelay	0.00226697	2266.97	1	1
98.5429	45	0	1	LastDelay	0.00912937	9129.36	1	1
98.5432	34	0	1	LastDelay	0	0	1	0
98.5929	24	0	1	LastDelay	0	0	1	0
98.6283	30	0	1	LastDelay	0	0	1	0
98.752	37	0	1	LastDelay	0	0	1	0
98.8508	8	0	1	LastDelay	0.00335852	3358.52	1	1
98.8827	5	0	1	LastDelay	0	0	1	0
98.8879	28	0	1	LastDelay	0.0033208	3320.8	1	1
98.8926	39	0	1	LastDelay	0	0	1	0
98.9113	25	0	1	LastDelay	0.00723124	7231.24	1	1
98.9218	18	0	1	LastDelay	0.0022129	2212.9	1	1
98.9429	14	0	1	LastDelay	0	0	1	0
98.9782	38	0	1	LastDelay	0	0	1	0
98.9965	36	0	1	LastDelay	0.00675976	6759.76	1	1
99.0229	27	0	1	LastDelay	0.00238178	2381.78	1	1
99.0505	40	0	1	LastDelay	0.00821023	8210.24	1	1
99.0676	16	0	1	LastDelay	0	0	1	0
99.0682	11	0	1	LastDelay	0	0	1	0
99.0728	17	0	1	LastDelay	0	0	1	0
99.1422	46	0	1	LastDelay	0	0	1	0
99.1646	4	0	1	LastDelay	0.00333282	3332.82	1	1
99.173	26	0	1	LastDelay	0	0	1	0
99.2073	32	0	1	LastDelay	0.00828087	8280.87	1	1
99.2475	0	0	1	LastDelay	0.00782018	7820.18	1	1
99.2509	12	0	1	LastDelay	0.00242131	2421.32	1	1
99.2654	31	0	1	LastDelay	0.00336548	3365.48	1	1
99.2941	21	0	1	LastDelay	0.00153347	1533.47	1	1
99.298	42	0	1	LastDelay	0.0165264	16526.4	1	1
99.3014	23	0	1	LastDelay	0.00627147	6271.47	1	1
99.3283	10	0	1	LastDelay	0	0	1	0
99.3302	15	0	1	LastDelay	0	0	1	0
99.3714	20	0	1	LastDelay	0.0033062	3306.2	1	1
99.4176	22	0	1	LastDelay	0.00331947	3319.47	1	1
99.4237	35	0	1	LastDelay	0	0	1	0
99.4318	29	0	1	LastDelay	0	0	1	0
99.5023	33	0	1	LastDelay	0	0	1	0
99.5338	45	0	1	LastDelay	0	0	1	0
99.8474	8	0	1	LastDelay	0	0	1	0
99.8846	28	0	1	LastDelay	0	0	1	0
99.8959	39	0	1	LastDelay	0.00330611	3306.11	1	1
99.904	25	0	1	LastDelay	0	0	1	0
99.9196	18	0	1	LastDelay	0	0	1	0
99.9815	38	0	1	LastDelay	0.0033063	3306.3	1	1
99.9897	36	0	1	LastDelay	0	0	1	0
