Time	Node	AppId	SeqNo	Type	DelayS	DelayUS	RetxCount	HopCount
18.0035	3	1	14	LastDelay	0.00350664	3506.64	1	1
18.0035	3	1	14	FullDelay	0.00350664	3506.64	1	1
18.0035	2	1	14	LastDelay	0.00350667	3506.67	1	1
18.0035	2	1	14	FullDelay	0.00350667	3506.67	1	1
19.0039	3	1	0	LastDelay	0.00385678	3856.78	1	1
19.0039	3	1	0	FullDelay	19.0039	1.90039e+07	4	1
19.0039	2	1	0	LastDelay	0.00385681	3856.81	1	1
19.0039	2	1	0	FullDelay	19.0039	1.90039e+07	4	1
20.0044	3	1	1	LastDelay	0.00439421	4394.21	1	1
20.0044	3	1	1	FullDelay	19.0044	1.90044e+07	3	1
20.0044	2	1	1	LastDelay	0.00439426	4394.26	1	1
20.0044	2	1	1	FullDelay	19.0044	1.90044e+07	3	1
21	1	1	1	LastDelay	0	0	1	1
21	1	1	1	FullDelay	20	2e+07	3	1
21.004	3	1	2	LastDelay	0.00397717	3977.17	1	1
21.004	3	1	2	FullDelay	18.004	1.8004e+07	3	1
22.0027	1	1	17	LastDelay	0.00265984	2659.84	1	1
22.0027	1	1	17	FullDelay	0.00265984	2659.84	1	1
22.005	2	1	3	LastDelay	0.00504301	5043.01	1	1
22.005	2	1	3	FullDelay	17.005	1.7005e+07	2	1
22.005	3	1	3	LastDelay	0.00504308	5043.08	1	1
22.005	3	1	3	FullDelay	17.005	1.7005e+07	2	1
23.0066	2	1	4	LastDelay	0.00656998	6569.98	1	1
23.0066	2	1	4	FullDelay	17.0066	1.70066e+07	2	1
23.0066	3	1	4	LastDelay	0.00657007	6570.07	1	1
23.0066	3	1	4	FullDelay	17.0066	1.70066e+07	2	1
24.0072	0	1	19	LastDelay	0.00721862	7218.61	1	1
24.0072	0	1	19	FullDelay	0.00721862	7218.61	1	1
25.0092	1	1	3	LastDelay	0.00923342	9233.42	1	1
25.0092	1	1	3	FullDelay	20.0092	2.00092e+07	2	1
26.0078	5	1	21	LastDelay	0.007797	7797	1	1
26.0078	5	1	21	FullDelay	0.007797	7797	1	1
27.0066	1	1	5	LastDelay	0.00655868	6558.68	1	1
27.0066	1	1	5	FullDelay	19.0066	1.90066e+07	2	1
28.0031	0	1	3	LastDelay	0.00306291	3062.91	1	1
28.0031	0	1	3	FullDelay	23.0031	2.30031e+07	2	1
28.0065	5	1	1	LastDelay	0.0065218	6521.8	1	1
28.0065	5	1	1	FullDelay	27.0065	2.70065e+07	4	1
29.0026	4	1	24	LastDelay	0.00262055	2620.55	1	1
29.0026	4	1	24	FullDelay	0.00262055	2620.55	1	1
30.0042	5	1	3	LastDelay	0.00416627	4166.27	1	1
30.0042	5	1	3	FullDelay	25.0042	2.50042e+07	2	1
30.0095	1	1	8	LastDelay	0.00947557	9475.57	1	1
30.0095	1	1	8	FullDelay	19.0095	1.90095e+07	2	1
32.003	5	1	5	LastDelay	0.00297223	2972.23	1	1
32.003	5	1	5	FullDelay	24.003	2.4003e+07	2	1
34.0033	5	1	7	LastDelay	0.00333561	3335.61	1	1
34.0033	5	1	7	FullDelay	24.0033	2.40033e+07	2	1
34.0053	4	1	4	LastDelay	0.00530258	5302.58	1	1
34.0053	4	1	4	FullDelay	28.0053	2.80053e+07	2	1
34.0073	1	1	12	LastDelay	0.0072696	7269.6	1	1
34.0073	1	1	12	FullDelay	18.0073	1.80073e+07	2	1
35.0041	5	1	8	LastDelay	0.00411426	4114.26	1	1
35.0041	5	1	8	FullDelay	24.0041	2.40041e+07	2	1
37.0034	8	1	32	LastDelay	0.0033619	3361.9	1	1
37.0034	8	1	32	FullDelay	0.0033619	3361.9	1	1
38.0031	0	1	0	LastDelay	0.00310509	3105.09	1	1
38.0031	0	1	0	FullDelay	38.0031	3.80031e+07	5	1
38.0031	8	1	0	LastDelay	0.00310514	3105.14	1	1
38.0031	8	1	0	FullDelay	38.0031	3.80031e+07	4	1
39.0033	9	1	33	LastDelay	0.00334899	3348.99	1	1
39.0033	9	1	33	FullDelay	0.00334899	3348.99	1	1
39.0033	7	1	33	LastDelay	0.00334912	3349.12	1	1
39.0033	7	1	33	FullDelay	0.00334912	3349.12	1	1
39.0033	6	1	33	LastDelay	0.00334916	3349.16	1	1
39.0033	6	1	33	FullDelay	0.00334916	3349.16	1	1
39.0068	1	1	4	LastDelay	0.00681828	6818.27	1	1
39.0068	1	1	4	FullDelay	33.0068	3.30068e+07	3	1
39.0099	5	1	12	LastDelay	0.0099366	9936.6	1	1
39.0099	5	1	12	FullDelay	23.0099	2.30099e+07	2	1
39.0123	4	1	9	LastDelay	0.0123437	12343.7	1	1
39.0123	4	1	9	FullDelay	26.0123	2.60123e+07	2	1
40.0037	5	1	0	LastDelay	0.00369814	3698.14	1	1
40.0037	5	1	0	FullDelay	40.0037	4.00037e+07	5	1
40.0037	9	1	0	LastDelay	0.00369819	3698.18	1	1
40.0037	9	1	0	FullDelay	40.0037	4.00037e+07	4	1
40.0037	7	1	0	LastDelay	0.00369826	3698.26	1	1
40.0037	7	1	0	FullDelay	40.0037	4.00037e+07	4	1
40.0037	6	1	0	LastDelay	0.00369833	3698.33	1	1
40.0037	6	1	0	FullDelay	40.0037	4.00037e+07	4	1
40.0087	8	1	2	LastDelay	0.00867309	8673.09	1	1
40.0087	8	1	2	FullDelay	37.0087	3.70087e+07	3	1
42.0261	8	1	4	LastDelay	0.0260793	26079.3	1	1
42.0261	8	1	4	FullDelay	36.0261	3.60261e+07	2	1
43.0026	4	1	0	LastDelay	0.0026207	2620.7	1	1
43.0026	4	1	0	FullDelay	43.0026	4.30026e+07	5	1
43.0049	9	1	3	LastDelay	0.00493897	4938.97	1	1
43.0049	9	1	3	FullDelay	38.0049	3.80049e+07	3	1
43.0049	6	1	3	LastDelay	0.00493902	4939.02	1	1
43.0049	6	1	3	FullDelay	38.0049	3.80049e+07	3	1
43.0049	7	1	3	LastDelay	0.00493905	4939.05	1	1
43.0049	7	1	3	FullDelay	38.0049	3.80049e+07	3	1
43.0366	8	1	5	LastDelay	0.0365608	36560.8	1	1
43.0366	8	1	5	FullDelay	35.0366	3.50366e+07	2	1
44.0072	9	1	4	LastDelay	0.00715434	7154.34	1	1
44.0072	9	1	4	FullDelay	38.0072	3.80072e+07	2	1
44.0072	5	1	4	LastDelay	0.00715435	7154.35	1	1
44.0072	5	1	4	FullDelay	38.0072	3.80072e+07	3	1
44.0072	6	1	4	LastDelay	0.00715438	7154.38	1	1
44.0072	6	1	4	FullDelay	38.0072	3.80072e+07	2	1
44.0072	7	1	4	LastDelay	0.00715456	7154.56	1	1
44.0072	7	1	4	FullDelay	38.0072	3.80072e+07	2	1
45.0026	5	1	15	LastDelay	0.00262048	2620.47	1	1
45.0026	5	1	15	FullDelay	26.0026	2.60026e+07	2	1
46.0037	9	1	6	LastDelay	0.0037001	3700.1	1	1
46.0037	9	1	6	FullDelay	37.0037	3.70037e+07	2	1
46.0037	5	1	6	LastDelay	0.00370011	3700.11	1	1
46.0037	5	1	6	FullDelay	37.0037	3.70037e+07	3	1
46.0037	6	1	6	LastDelay	0.00370013	3700.13	1	1
46.0037	6	1	6	FullDelay	37.0037	3.70037e+07	2	1
46.0095	1	1	11	LastDelay	0.00953834	9538.34	1	1
46.0095	1	1	11	FullDelay	31.0095	3.10095e+07	3	1
46.0146	7	1	6	LastDelay	0.0145716	14571.6	1	2
46.0146	7	1	6	FullDelay	37.0146	3.70146e+07	2	2
47.0067	0	1	9	LastDelay	0.0067411	6741.1	1	1
47.0067	0	1	9	FullDelay	34.0067	3.40067e+07	3	1
47.0132	9	1	7	LastDelay	0.0132094	13209.4	1	1
47.0132	9	1	7	FullDelay	37.0132	3.70132e+07	2	1
48.026	8	1	10	LastDelay	0.0259977	25997.7	1	1
48.026	8	1	10	FullDelay	34.026	3.4026e+07	2	1
49.0026	8	1	11	LastDelay	0.00259442	2594.41	1	1
49.0026	8	1	11	FullDelay	34.0026	3.40026e+07	2	1
49.0026	0	1	11	LastDelay	0.00259443	2594.43	1	1
49.0026	0	1	11	FullDelay	34.0026	3.40026e+07	3	1
50.0034	8	1	12	LastDelay	0.00336167	3361.67	1	1
50.0034	8	1	12	FullDelay	34.0034	3.40034e+07	2	1
50.0034	0	1	12	LastDelay	0.00336168	3361.68	1	1
50.0034	0	1	12	FullDelay	34.0034	3.40034e+07	3	1
50.0053	10	1	44	LastDelay	0.00534168	5341.68	1	1
50.0053	10	1	44	FullDelay	0.00534168	5341.68	1	1
50.0053	11	1	44	LastDelay	0.00534176	5341.76	1	1
50.0053	11	1	44	FullDelay	0.00534176	5341.76	1	1
51.0026	8	1	13	LastDelay	0.00262089	2620.89	1	1
51.0026	8	1	13	FullDelay	34.0026	3.40026e+07	2	1
51.0081	11	1	0	LastDelay	0.00806223	8062.23	1	1
51.0081	11	1	0	FullDelay	51.0081	5.10081e+07	4	1
52.0076	8	1	1	LastDelay	0.0076232	7623.2	1	1
52.0076	8	1	1	FullDelay	51.0076	5.10076e+07	5	1
52.0076	11	1	1	LastDelay	0.00762329	7623.29	1	1
52.0076	11	1	1	FullDelay	51.0076	5.10076e+07	4	1
52.0104	4	1	14	LastDelay	0.0103794	10379.4	1	2
52.0104	4	1	14	FullDelay	34.0104	3.40104e+07	2	2
52.0206	9	1	12	LastDelay	0.020576	20576	1	1
52.0206	9	1	12	FullDelay	36.0206	3.60206e+07	2	1
53	8	1	14	LastDelay	0	0	1	1
53	8	1	14	FullDelay	35	3.5e+07	2	1
53.0041	10	1	2	LastDelay	0.00410255	4102.56	1	1
53.0041	10	1	2	FullDelay	50.0041	5.00041e+07	3	1
54.0053	5	1	13	LastDelay	0.00526799	5267.99	1	1
54.0053	5	1	13	FullDelay	37.0053	3.70053e+07	3	1
54.0211	11	1	3	LastDelay	0.0210593	21059.3	1	1
54.0211	11	1	3	FullDelay	49.0211	4.90211e+07	3	1
55.0102	11	1	4	LastDelay	0.0102293	10229.3	1	1
55.0102	11	1	4	FullDelay	49.0102	4.90102e+07	2	1
55.0347	9	1	2	LastDelay	0.0346855	34685.5	1	1
55.0347	9	1	2	FullDelay	52.0347	5.20347e+07	4	1
56.0026	14	1	50	LastDelay	0.00260749	2607.49	1	1
56.0026	14	1	50	FullDelay	0.00260749	2607.49	1	1
56.0026	15	1	50	LastDelay	0.00260751	2607.51	1	1
56.0026	15	1	50	FullDelay	0.00260751	2607.51	1	1
56.0321	12	1	50	LastDelay	0.0320577	32057.7	1	2
56.0321	12	1	50	FullDelay	0.0320577	32057.7	1	2
56.0398	10	1	5	LastDelay	0.0398477	39847.7	1	1
56.0398	10	1	5	FullDelay	48.0398	4.80398e+07	2	1
57	6	1	15	LastDelay	0	0	1	1
57	6	1	15	FullDelay	38	3.8e+07	2	1
57	9	1	15	LastDelay	0	0	1	1
57	9	1	15	FullDelay	38	3.8e+07	2	1
57.0026	8	1	6	LastDelay	0.0026074	2607.4	1	1
57.0026	8	1	6	FullDelay	48.0026	4.80026e+07	3	1
57.0026	10	1	6	LastDelay	0.00260741	2607.41	1	1
57.0026	10	1	6	FullDelay	48.0026	4.80026e+07	2	1
57.0026	0	1	6	LastDelay	0.00260741	2607.41	1	1
57.0026	0	1	6	FullDelay	48.0026	4.80026e+07	4	1
57.0073	11	1	6	LastDelay	0.00729567	7295.67	1	1
57.0073	11	1	6	FullDelay	48.0073	4.80073e+07	2	1
57.0272	4	1	1	LastDelay	0.0271522	27152.2	1	1
57.0272	4	1	1	FullDelay	56.0272	5.60272e+07	6	1
58	14	1	1	LastDelay	0	0	1	1
58	14	1	1	FullDelay	57	5.7e+07	4	1
58.0033	15	1	1	LastDelay	0.00333572	3335.72	1	2
58.0033	15	1	1	FullDelay	57.0033	5.70033e+07	4	2
58.0033	12	1	1	LastDelay	0.00333594	3335.94	1	2
58.0033	12	1	1	FullDelay	57.0033	5.70033e+07	4	2
58.0206	8	1	7	LastDelay	0.020619	20619	1	1
58.0206	8	1	7	FullDelay	48.0206	4.80206e+07	3	1
58.0206	0	1	7	LastDelay	0.0206191	20619.1	1	1
58.0206	0	1	7	FullDelay	48.0206	4.80206e+07	4	1
59.0067	8	1	8	LastDelay	0.00672104	6721.04	1	1
59.0067	8	1	8	FullDelay	48.0067	4.80067e+07	3	1
59.0114	14	1	2	LastDelay	0.0113535	11353.5	1	1
59.0114	14	1	2	FullDelay	56.0114	5.60114e+07	3	1
59.0114	15	1	2	LastDelay	0.0113535	11353.5	1	1
59.0114	15	1	2	FullDelay	56.0114	5.60114e+07	3	1
59.0262	6	1	16	LastDelay	0.0261819	26181.9	1	1
59.0262	6	1	16	FullDelay	39.0262	3.90262e+07	2	1
60	5	1	16	LastDelay	0	0	1	1
60	5	1	16	FullDelay	40	4e+07	3	1
60	15	1	3	LastDelay	0	0	1	1
60	15	1	3	FullDelay	55	5.5e+07	3	1
60.0156	14	1	3	LastDelay	0.0155964	15596.4	1	2
60.0156	14	1	3	FullDelay	55.0156	5.50156e+07	3	2
60.0156	12	1	3	LastDelay	0.0155965	15596.5	1	2
60.0156	12	1	3	FullDelay	55.0156	5.50156e+07	3	2
61.0055	8	1	17	LastDelay	0.00550388	5503.88	1	1
61.0055	8	1	17	FullDelay	39.0055	3.90055e+07	2	1
61.0116	14	1	4	LastDelay	0.0116405	11640.5	1	1
61.0116	14	1	4	FullDelay	55.0116	5.50116e+07	2	1
62.0137	14	1	5	LastDelay	0.0136801	13680.1	1	1
62.0137	14	1	5	FullDelay	54.0137	5.40137e+07	2	1
63.0096	14	1	6	LastDelay	0.00956419	9564.19	1	1
63.0096	14	1	6	FullDelay	54.0096	5.40096e+07	2	1
63.0169	4	1	7	LastDelay	0.0169146	16914.6	1	1
63.0169	4	1	7	FullDelay	53.0169	5.30169e+07	4	1
63.0258	15	1	6	LastDelay	0.0258038	25803.8	1	2
63.0258	15	1	6	FullDelay	54.0258	5.40258e+07	2	2
64	12	1	7	LastDelay	0	0	1	1
64	12	1	7	FullDelay	54	5.4e+07	2	1
64	14	1	7	LastDelay	0	0	1	1
64	14	1	7	FullDelay	54	5.4e+07	2	1
64	15	1	7	LastDelay	0	0	1	1
64	15	1	7	FullDelay	54	5.4e+07	2	1
64.0068	4	1	8	LastDelay	0.00679205	6792.05	1	1
64.0068	4	1	8	FullDelay	53.0068	5.30068e+07	4	1
64.0164	17	1	58	LastDelay	0.016396	16396	1	1
64.0164	17	1	58	FullDelay	0.016396	16396	1	1
64.0206	8	1	20	LastDelay	0.0206397	20639.7	1	1
64.0206	8	1	20	FullDelay	39.0206	3.90206e+07	2	1
64.023	9	1	11	LastDelay	0.0229819	22981.9	1	1
64.023	9	1	11	FullDelay	49.023	4.9023e+07	3	1
64.023	6	1	11	LastDelay	0.022982	22982	1	1
64.023	6	1	11	FullDelay	49.023	4.9023e+07	3	1
65	11	1	14	LastDelay	0	0	1	1
65	11	1	14	FullDelay	47	4.7e+07	2	1
65	12	1	8	LastDelay	0	0	1	1
65	12	1	8	FullDelay	54	5.4e+07	2	1
65	14	1	8	LastDelay	0	0	1	1
65	14	1	8	FullDelay	54	5.4e+07	2	1
65	15	1	8	LastDelay	0	0	1	1
65	15	1	8	FullDelay	54	5.4e+07	2	1
66.0134	9	1	13	LastDelay	0.0133764	13376.4	1	1
66.0134	9	1	13	FullDelay	49.0134	4.90134e+07	3	1
66.019	0	1	2	LastDelay	0.0190187	19018.7	1	1
66.019	0	1	2	FullDelay	63.019	6.3019e+07	6	1
66.019	11	1	2	LastDelay	0.0190188	19018.8	1	1
66.019	11	1	2	FullDelay	63.019	6.3019e+07	4	1
66.0215	15	1	9	LastDelay	0.0214648	21464.8	1	1
66.0215	15	1	9	FullDelay	53.0215	5.30215e+07	2	1
67	9	1	1	LastDelay	0	0	1	1
67	9	1	1	FullDelay	66	6.6e+07	6	1
67	17	1	2	LastDelay	0	0	1	1
67	17	1	2	FullDelay	64	6.4e+07	3	1
67.0034	15	1	10	LastDelay	0.00341159	3411.59	1	1
67.0034	15	1	10	FullDelay	53.0034	5.30034e+07	2	1
67.008	4	1	11	LastDelay	0.00795807	7958.07	1	1
67.008	4	1	11	FullDelay	52.008	5.2008e+07	4	1
67.0259	14	1	10	LastDelay	0.0258653	25865.3	1	2
67.0259	14	1	10	FullDelay	53.0259	5.30259e+07	2	2
67.0332	8	1	3	LastDelay	0.0332141	33214.1	1	1
67.0332	8	1	3	FullDelay	62.0332	6.20332e+07	4	1
68	15	1	11	LastDelay	0	0	1	1
68	15	1	11	FullDelay	53	5.3e+07	2	1
68	17	1	3	LastDelay	0	0	1	1
68	17	1	3	FullDelay	63	6.3e+07	3	1
68.0161	11	1	16	LastDelay	0.0160617	16061.7	1	1
68.0161	11	1	16	FullDelay	48.0161	4.80161e+07	2	1
69	4	1	15	LastDelay	0	0	1	1
69	4	1	15	FullDelay	50	5e+07	3	1
69	8	1	16	LastDelay	0	0	1	1
69	8	1	16	FullDelay	49	4.9e+07	3	1
69	17	1	4	LastDelay	0	0	1	1
69	17	1	4	FullDelay	63	6.3e+07	2	1
69.0127	14	1	12	LastDelay	0.0127456	12745.6	1	1
69.0127	14	1	12	FullDelay	53.0127	5.30127e+07	2	1
71.0026	10	1	7	LastDelay	0.00260755	2607.55	1	1
71.0026	10	1	7	FullDelay	61.0026	6.10026e+07	3	1
71.0026	11	1	7	LastDelay	0.00260763	2607.63	1	1
71.0026	11	1	7	FullDelay	61.0026	6.10026e+07	3	1
71.0157	14	1	13	LastDelay	0.0156571	15657.1	1	1
71.0157	14	1	13	FullDelay	54.0157	5.40157e+07	2	1
71.0157	15	1	13	LastDelay	0.0156571	15657.1	1	1
71.0157	15	1	13	FullDelay	54.0157	5.40157e+07	2	1
71.0287	4	1	2	LastDelay	0.0287153	28715.3	1	1
71.0287	4	1	2	FullDelay	68.0287	6.80287e+07	6	1
72	12	1	2	LastDelay	0	0	1	1
72	12	1	2	FullDelay	69	6.9e+07	4	1
72	17	1	7	LastDelay	0	0	1	1
72	17	1	7	FullDelay	62	6.2e+07	2	1
72.0219	0	1	8	LastDelay	0.0218729	21872.9	1	1
72.0219	0	1	8	FullDelay	61.0219	6.10219e+07	5	1
72.0219	11	1	8	LastDelay	0.021873	21873	1	1
72.0219	11	1	8	FullDelay	61.0219	6.10219e+07	3	1
73	5	1	25	LastDelay	0	0	1	1
73	5	1	25	FullDelay	0	0	1	1
73	12	1	14	LastDelay	0	0	1	1
73	12	1	14	FullDelay	55	5.5e+07	2	1
73	17	1	8	LastDelay	0	0	1	1
73	17	1	8	FullDelay	62	6.2e+07	2	1
73.0044	0	1	15	LastDelay	0.00443506	4435.06	1	1
73.0044	0	1	15	FullDelay	54.0044	5.40044e+07	3	1
73.0044	15	1	15	LastDelay	0.00443508	4435.08	1	1
73.0044	15	1	15	FullDelay	54.0044	5.40044e+07	2	1
73.0075	10	1	9	LastDelay	0.00752733	7527.33	1	1
73.0075	10	1	9	FullDelay	60.0075	6.00075e+07	3	1
73.0099	11	1	9	LastDelay	0.00986955	9869.55	1	1
73.0099	11	1	9	FullDelay	60.0099	6.00099e+07	3	1
74	17	1	9	LastDelay	0	0	1	1
74	17	1	9	FullDelay	61	6.1e+07	2	1
74.009	9	1	8	LastDelay	0.00904885	9048.85	1	1
74.009	9	1	8	FullDelay	63.009	6.3009e+07	4	1
74.014	16	1	6	LastDelay	0.0140299	14029.9	1	1
74.014	16	1	6	FullDelay	65.014	6.5014e+07	2	1
74.014	21	1	6	LastDelay	0.01403	14030	1	1
74.014	21	1	6	FullDelay	65.014	6.5014e+07	2	1
75	4	1	6	LastDelay	0	0	1	1
75	4	1	6	FullDelay	66	6.6e+07	5	1
75	17	1	10	LastDelay	0	0	1	1
75	17	1	10	FullDelay	61	6.1e+07	2	1
75.0171	11	1	11	LastDelay	0.0171156	17115.6	1	1
75.0171	11	1	11	FullDelay	60.0171	6.00171e+07	3	1
76	0	1	17	LastDelay	0	0	1	1
76	0	1	17	FullDelay	54	5.4e+07	3	1
76	17	1	11	LastDelay	0	0	1	1
76	17	1	11	FullDelay	61	6.1e+07	2	1
76.0075	4	1	18	LastDelay	0.00748161	7481.61	1	1
76.0075	4	1	18	FullDelay	53.0075	5.30075e+07	2	1
77.0041	20	1	2	LastDelay	0.00412463	4124.63	1	1
77.0041	20	1	2	FullDelay	74.0041	7.40041e+07	3	1
77.033	21	1	2	LastDelay	0.0329687	32968.7	1	2
77.033	21	1	2	FullDelay	74.033	7.4033e+07	3	2
78	6	1	12	LastDelay	0	0	1	2
78	6	1	12	FullDelay	62	6.2e+07	4	2
78.0087	19	1	9	LastDelay	0.0087012	8701.2	1	1
78.0087	19	1	9	FullDelay	65.0087	6.50087e+07	2	1
79	0	1	21	LastDelay	0	0	1	1
79	0	1	21	FullDelay	0	0	1	1
79	12	1	9	LastDelay	0	0	1	1
79	12	1	9	FullDelay	66	6.6e+07	3	1
79	14	1	9	LastDelay	0	0	1	1
79	14	1	9	FullDelay	66	6.6e+07	3	1
79.0056	8	1	22	LastDelay	0.00557814	5578.14	1	1
79.0056	8	1	22	FullDelay	52.0056	5.20056e+07	3	1
79.009	20	1	10	LastDelay	0.00904558	9045.58	1	1
79.009	20	1	10	FullDelay	65.009	6.5009e+07	2	1
79.021	21	1	10	LastDelay	0.0209777	20977.7	1	1
79.021	21	1	10	FullDelay	65.021	6.5021e+07	2	1
79.021	16	1	10	LastDelay	0.0209777	20977.7	1	1
79.021	16	1	10	FullDelay	65.021	6.5021e+07	2	1
79.0283	18	1	10	LastDelay	0.0283395	28339.5	1	1
79.0283	18	1	10	FullDelay	65.0283	6.50283e+07	2	1
80	12	1	10	LastDelay	0	0	1	1
80	12	1	10	FullDelay	66	6.6e+07	3	1
80.003	4	1	20	LastDelay	0.00301033	3010.33	1	1
80.003	4	1	20	FullDelay	55.003	5.5003e+07	2	1
80.003	15	1	20	LastDelay	0.00301037	3010.37	1	1
80.003	15	1	20	FullDelay	55.003	5.5003e+07	2	1
80.0122	8	1	28	LastDelay	0.0121899	12189.9	1	1
80.0122	8	1	28	FullDelay	47.0122	4.70122e+07	2	1
80.0288	0	1	1	LastDelay	0.0288179	28817.9	1	1
80.0288	0	1	1	FullDelay	79.0288	7.90288e+07	9	1
81.0041	10	1	4	LastDelay	0.00406774	4067.74	1	1
81.0041	10	1	4	FullDelay	75.0041	7.50041e+07	4	1
82	5	1	20	LastDelay	0	0	1	2
82	5	1	20	FullDelay	57	5.7e+07	4	2
82.0046	10	1	14	LastDelay	0.00457767	4577.67	1	1
82.0046	10	1	14	FullDelay	64.0046	6.40046e+07	3	1
82.0046	6	1	14	LastDelay	0.00457774	4577.74	1	1
82.0046	6	1	14	FullDelay	64.0046	6.40046e+07	4	1
82.0069	4	1	21	LastDelay	0.00691981	6919.81	1	1
82.0069	4	1	21	FullDelay	56.0069	5.60069e+07	2	1
82.0425	20	1	13	LastDelay	0.0424971	42497.1	1	1
82.0425	20	1	13	FullDelay	65.0425	6.50425e+07	2	1
82.0425	19	1	13	LastDelay	0.0424971	42497.1	1	1
82.0425	19	1	13	FullDelay	65.0425	6.50425e+07	2	1
82.0425	21	1	13	LastDelay	0.0424971	42497.1	1	1
82.0425	21	1	13	FullDelay	65.0425	6.50425e+07	2	1
82.0425	18	1	13	LastDelay	0.0424972	42497.2	1	1
82.0425	18	1	13	FullDelay	65.0425	6.50425e+07	2	1
82.0425	23	1	13	LastDelay	0.0424974	42497.4	1	1
82.0425	23	1	13	FullDelay	65.0425	6.50425e+07	2	1
83	16	1	14	LastDelay	0	0	1	1
83	16	1	14	FullDelay	65	6.5e+07	2	1
83	18	1	14	LastDelay	0	0	1	1
83	18	1	14	FullDelay	65	6.5e+07	2	1
83	19	1	14	LastDelay	0	0	1	1
83	19	1	14	FullDelay	65	6.5e+07	2	1
83	20	1	14	LastDelay	0	0	1	1
83	20	1	14	FullDelay	65	6.5e+07	2	1
83	21	1	14	LastDelay	0	0	1	1
83	21	1	14	FullDelay	65	6.5e+07	2	1
83	22	1	14	LastDelay	0	0	1	1
83	22	1	14	FullDelay	65	6.5e+07	2	1
83	23	1	14	LastDelay	0	0	1	1
83	23	1	14	FullDelay	65	6.5e+07	2	1
84	4	1	22	LastDelay	0	0	1	1
84	4	1	22	FullDelay	57	5.7e+07	2	1
84.0101	5	1	23	LastDelay	0.0101144	10114.4	1	1
84.0101	5	1	23	FullDelay	25.0101	2.50101e+07	3	1
84.0128	16	1	15	LastDelay	0.0128318	12831.8	1	1
84.0128	16	1	15	FullDelay	65.0128	6.50128e+07	2	1
84.0128	22	1	15	LastDelay	0.0128319	12831.9	1	1
84.0128	22	1	15	FullDelay	65.0128	6.50128e+07	2	1
85	5	1	24	LastDelay	0	0	1	1
85	5	1	24	FullDelay	18	1.8e+07	2	1
85.0097	20	1	16	LastDelay	0.00968052	9680.51	1	1
85.0097	20	1	16	FullDelay	65.0097	6.50097e+07	2	1
85.0097	19	1	16	LastDelay	0.00968055	9680.55	1	1
85.0097	19	1	16	FullDelay	65.0097	6.50097e+07	2	1
85.0097	21	1	16	LastDelay	0.00968055	9680.55	1	1
85.0097	21	1	16	FullDelay	65.0097	6.50097e+07	2	1
85.0097	9	1	16	LastDelay	0.00968055	9680.55	1	1
85.0097	9	1	16	FullDelay	65.0097	6.50097e+07	4	1
85.0097	22	1	16	LastDelay	0.00968055	9680.55	1	1
85.0097	22	1	16	FullDelay	65.0097	6.50097e+07	2	1
85.0097	17	1	16	LastDelay	0.00968065	9680.65	1	1
85.0097	17	1	16	FullDelay	65.0097	6.50097e+07	2	1
85.0097	18	1	16	LastDelay	0.00968068	9680.68	1	1
85.0097	18	1	16	FullDelay	65.0097	6.50097e+07	2	1
86	0	1	16	LastDelay	0	0	1	1
86	0	1	16	FullDelay	66	6.6e+07	4	1
86.0105	22	1	1	LastDelay	0.0105271	10527.1	1	1
86.0105	22	1	1	FullDelay	85.0105	8.50105e+07	4	1
86.0105	20	1	1	LastDelay	0.0105271	10527.1	1	1
86.0105	20	1	1	FullDelay	85.0105	8.50105e+07	4	1
86.0105	21	1	1	LastDelay	0.0105272	10527.2	1	1
86.0105	21	1	1	FullDelay	85.0105	8.50105e+07	4	1
86.0105	16	1	1	LastDelay	0.0105272	10527.2	1	1
86.0105	16	1	1	FullDelay	85.0105	8.50105e+07	4	1
87	0	1	18	LastDelay	0	0	1	1
87	0	1	18	FullDelay	64	6.4e+07	3	1
87	17	1	18	LastDelay	0	0	1	1
87	17	1	18	FullDelay	64	6.4e+07	2	1
87	20	1	17	LastDelay	0	0	1	1
87	20	1	17	FullDelay	65	6.5e+07	2	1
87	22	1	17	LastDelay	0	0	1	1
87	22	1	17	FullDelay	65	6.5e+07	2	1
87.0149	21	1	17	LastDelay	0.0148816	14881.6	1	2
87.0149	21	1	17	FullDelay	65.0149	6.50149e+07	2	2
87.0149	16	1	17	LastDelay	0.0148817	14881.7	1	2
87.0149	16	1	17	FullDelay	65.0149	6.50149e+07	2	2
87.0269	18	1	17	LastDelay	0.0269035	26903.5	1	1
87.0269	18	1	17	FullDelay	65.0269	6.50269e+07	2	1
87.0269	23	1	17	LastDelay	0.0269036	26903.6	1	1
87.0269	23	1	17	FullDelay	65.0269	6.50269e+07	2	1
88	14	1	17	LastDelay	0	0	1	1
88	14	1	17	FullDelay	66	6.6e+07	3	1
88.0115	19	1	18	LastDelay	0.0114891	11489.1	1	1
88.0115	19	1	18	FullDelay	65.0115	6.50115e+07	2	1
88.0115	21	1	18	LastDelay	0.0114891	11489.1	1	1
88.0115	21	1	18	FullDelay	65.0115	6.50115e+07	2	1
88.0208	22	1	18	LastDelay	0.0208459	20845.9	1	1
88.0208	22	1	18	FullDelay	65.0208	6.50208e+07	2	1
88.0208	16	1	18	LastDelay	0.020846	20846	1	1
88.0208	16	1	18	FullDelay	65.0208	6.50208e+07	2	1
88.0208	23	1	18	LastDelay	0.020846	20846	1	1
88.0208	23	1	18	FullDelay	65.0208	6.50208e+07	2	1
89	14	1	18	LastDelay	0	0	1	1
89	14	1	18	FullDelay	66	6.6e+07	3	1
89.0061	20	1	19	LastDelay	0.00610049	6100.49	1	1
89.0061	20	1	19	FullDelay	65.0061	6.50061e+07	2	1
89.0061	21	1	19	LastDelay	0.00610052	6100.52	1	1
89.0061	21	1	19	FullDelay	65.0061	6.50061e+07	2	1
89.0061	22	1	19	LastDelay	0.00610061	6100.61	1	1
89.0061	22	1	19	FullDelay	65.0061	6.50061e+07	2	1
89.0061	18	1	19	LastDelay	0.00610062	6100.62	1	1
89.0061	18	1	19	FullDelay	65.0061	6.50061e+07	2	1
89.0061	23	1	19	LastDelay	0.00610067	6100.67	1	1
89.0061	23	1	19	FullDelay	65.0061	6.50061e+07	2	1
89.0061	16	1	19	LastDelay	0.00610072	6100.72	1	1
89.0061	16	1	19	FullDelay	65.0061	6.50061e+07	2	1
89.0061	26	1	19	LastDelay	0.00610083	6100.83	1	1
89.0061	26	1	19	FullDelay	65.0061	6.50061e+07	2	1
89.0127	25	1	19	LastDelay	0.0126891	12689.1	1	2
89.0127	25	1	19	FullDelay	65.0127	6.50127e+07	2	2
89.0135	24	1	19	LastDelay	0.0134541	13454.1	1	2
89.0135	24	1	19	FullDelay	65.0135	6.50135e+07	2	2
89.0166	27	1	19	LastDelay	0.0166365	16636.5	1	1
89.0166	27	1	19	FullDelay	65.0166	6.50166e+07	2	1
90	4	1	19	LastDelay	0	0	1	1
90	4	1	19	FullDelay	66	6.6e+07	3	1
90	6	1	19	LastDelay	0	0	1	1
90	6	1	19	FullDelay	66	6.6e+07	3	1
90	14	1	19	LastDelay	0	0	1	1
90	14	1	19	FullDelay	66	6.6e+07	3	1
90	17	1	12	LastDelay	0	0	1	1
90	17	1	12	FullDelay	74	7.4e+07	3	1
90.0075	19	1	20	LastDelay	0.00749509	7495.09	1	1
90.0075	19	1	20	FullDelay	65.0075	6.50075e+07	2	1
90.0075	21	1	20	LastDelay	0.00749509	7495.09	1	1
90.0075	21	1	20	FullDelay	65.0075	6.50075e+07	2	1
90.0138	20	1	20	LastDelay	0.0137606	13760.6	1	1
90.0138	20	1	20	FullDelay	65.0138	6.50138e+07	2	1
90.0138	18	1	20	LastDelay	0.0137607	13760.7	1	1
90.0138	18	1	20	FullDelay	65.0138	6.50138e+07	2	1
90.0138	23	1	20	LastDelay	0.0137607	13760.7	1	1
90.0138	23	1	20	FullDelay	65.0138	6.50138e+07	2	1
90.0138	22	1	20	LastDelay	0.0137608	13760.8	1	1
90.0138	22	1	20	FullDelay	65.0138	6.50138e+07	2	1
90.0138	16	1	20	LastDelay	0.0137609	13760.9	1	1
90.0138	16	1	20	FullDelay	65.0138	6.50138e+07	2	1
90.0165	11	1	13	LastDelay	0.0164782	16478.2	1	1
90.0165	11	1	13	FullDelay	73.0165	7.30165e+07	4	1
91	6	1	20	LastDelay	0	0	1	1
91	6	1	20	FullDelay	66	6.6e+07	2	1
91	14	1	20	LastDelay	0	0	1	1
91	14	1	20	FullDelay	66	6.6e+07	3	1
91.0098	20	1	21	LastDelay	0.0098305	9830.5	1	1
91.0098	20	1	21	FullDelay	65.0098	6.50098e+07	2	1
91.0098	8	1	21	LastDelay	0.0098305	9830.5	1	1
91.0098	8	1	21	FullDelay	65.0098	6.50098e+07	4	1
91.0098	19	1	21	LastDelay	0.00983053	9830.53	1	1
91.0098	19	1	21	FullDelay	65.0098	6.50098e+07	2	1
91.0098	21	1	21	LastDelay	0.00983053	9830.53	1	1
91.0098	21	1	21	FullDelay	65.0098	6.50098e+07	2	1
91.0098	23	1	21	LastDelay	0.00983065	9830.65	1	1
91.0098	23	1	21	FullDelay	65.0098	6.50098e+07	2	1
91.0098	26	1	21	LastDelay	0.00983067	9830.67	1	1
91.0098	26	1	21	FullDelay	65.0098	6.50098e+07	2	1
91.0156	16	1	21	LastDelay	0.0155631	15563.1	1	1
91.0156	16	1	21	FullDelay	65.0156	6.50156e+07	2	1
92.0082	12	1	19	LastDelay	0.00820053	8200.53	1	1
92.0082	12	1	19	FullDelay	68.0082	6.80082e+07	2	1
92.0082	11	1	19	LastDelay	0.00820056	8200.56	1	1
92.0082	11	1	19	FullDelay	68.0082	6.80082e+07	3	1
92.0247	20	1	22	LastDelay	0.0247399	24739.8	1	1
92.0247	20	1	22	FullDelay	65.0247	6.50247e+07	2	1
92.0247	19	1	22	LastDelay	0.0247399	24739.9	1	1
92.0247	19	1	22	FullDelay	65.0247	6.50247e+07	2	1
92.0247	18	1	22	LastDelay	0.0247399	24739.9	1	1
92.0247	18	1	22	FullDelay	65.0247	6.50247e+07	2	1
92.0247	26	1	22	LastDelay	0.02474	24740	1	1
92.0247	26	1	22	FullDelay	65.0247	6.50247e+07	2	1
92.0247	27	1	22	LastDelay	0.02474	24740	1	1
92.0247	27	1	22	FullDelay	65.0247	6.50247e+07	2	1
92.0388	22	1	22	LastDelay	0.038832	38832	1	1
92.0388	22	1	22	FullDelay	65.0388	6.50388e+07	2	1
93.009	9	1	23	LastDelay	0.0089966	8996.6	1	1
93.009	9	1	23	FullDelay	65.009	6.5009e+07	3	1
93.0163	20	1	23	LastDelay	0.0162869	16286.9	1	2
93.0163	20	1	23	FullDelay	65.0163	6.50163e+07	2	2
93.0163	19	1	23	LastDelay	0.0162869	16286.9	1	2
93.0163	19	1	23	FullDelay	65.0163	6.50163e+07	2	2
93.0163	26	1	23	LastDelay	0.0162869	16286.9	1	2
93.0163	26	1	23	FullDelay	65.0163	6.50163e+07	2	2
93.0163	27	1	23	LastDelay	0.016287	16287	1	2
93.0163	27	1	23	FullDelay	65.0163	6.50163e+07	2	2
93.0163	24	1	23	LastDelay	0.0162871	16287.1	1	2
93.0163	24	1	23	FullDelay	65.0163	6.50163e+07	2	2
93.0163	25	1	23	LastDelay	0.0162872	16287.2	1	2
93.0163	25	1	23	FullDelay	65.0163	6.50163e+07	2	2
94	11	1	20	LastDelay	0	0	1	1
94	11	1	20	FullDelay	69	6.9e+07	3	1
94.0064	20	1	24	LastDelay	0.00644272	6442.72	1	1
94.0064	20	1	24	FullDelay	65.0064	6.50064e+07	2	1
94.0064	19	1	24	LastDelay	0.00644275	6442.75	1	1
94.0064	19	1	24	FullDelay	65.0064	6.50064e+07	2	1
94.0064	26	1	24	LastDelay	0.00644276	6442.76	1	1
94.0064	26	1	24	FullDelay	65.0064	6.50064e+07	2	1
94.0064	18	1	24	LastDelay	0.00644278	6442.78	1	1
94.0064	18	1	24	FullDelay	65.0064	6.50064e+07	2	1
94.0099	23	1	24	LastDelay	0.0098994	9899.4	1	1
94.0099	23	1	24	FullDelay	65.0099	6.50099e+07	2	1
94.0122	21	1	24	LastDelay	0.0122415	12241.5	1	1
94.0122	21	1	24	FullDelay	65.0122	6.50122e+07	2	1
94.0122	27	1	24	LastDelay	0.0122416	12241.6	1	1
94.0122	27	1	24	FullDelay	65.0122	6.50122e+07	2	1
94.0122	25	1	24	LastDelay	0.0122417	12241.7	1	1
94.0122	25	1	24	FullDelay	65.0122	6.50122e+07	2	1
94.0122	24	1	24	LastDelay	0.0122417	12241.7	1	1
94.0122	24	1	24	FullDelay	65.0122	6.50122e+07	2	1
94.0165	6	1	2	LastDelay	0.0165403	16540.3	1	1
94.0165	6	1	2	FullDelay	91.0165	9.10165e+07	7	1
94.0479	28	1	24	LastDelay	0.0478629	47862.9	1	2
94.0479	28	1	24	FullDelay	65.0479	6.50479e+07	2	2
95.0073	17	1	15	LastDelay	0.00728725	7287.25	1	1
95.0073	17	1	15	FullDelay	76.0073	7.60073e+07	3	1
95.0339	19	1	25	LastDelay	0.0338786	33878.6	1	1
95.0339	19	1	25	FullDelay	65.0339	6.50339e+07	2	1
95.0339	25	1	25	LastDelay	0.0338787	33878.7	1	1
95.0339	25	1	25	FullDelay	65.0339	6.50339e+07	2	1
95.0339	24	1	25	LastDelay	0.0338788	33878.8	1	1
95.0339	24	1	25	FullDelay	65.0339	6.50339e+07	2	1
95.0339	28	1	25	LastDelay	0.0338789	33878.9	1	1
95.0339	28	1	25	FullDelay	65.0339	6.50339e+07	2	1
96.0026	8	1	23	LastDelay	0.00260732	2607.32	1	1
96.0026	8	1	23	FullDelay	68.0026	6.80026e+07	4	1
96.0328	26	1	26	LastDelay	0.0327879	32787.9	1	1
96.0328	26	1	26	FullDelay	65.0328	6.50328e+07	2	1
96.0328	25	1	26	LastDelay	0.032788	32788	1	1
96.0328	25	1	26	FullDelay	65.0328	6.50328e+07	2	1
97	14	1	23	LastDelay	0	0	1	1
97	14	1	23	FullDelay	69	6.9e+07	3	1
97.0192	18	1	27	LastDelay	0.019157	19157	1	1
97.0192	18	1	27	FullDelay	65.0192	6.50192e+07	2	1
97.0192	21	1	27	LastDelay	0.019157	19157	1	1
97.0192	21	1	27	FullDelay	65.0192	6.50192e+07	2	1
97.0192	23	1	27	LastDelay	0.0191571	19157.1	1	1
97.0192	23	1	27	FullDelay	65.0192	6.50192e+07	2	1
97.0192	27	1	27	LastDelay	0.0191571	19157.1	1	1
97.0192	27	1	27	FullDelay	65.0192	6.50192e+07	2	1
97.0192	28	1	27	LastDelay	0.0191571	19157.1	1	1
97.0192	28	1	27	FullDelay	65.0192	6.50192e+07	2	1
98.0044	20	1	28	LastDelay	0.00442586	4425.86	1	1
98.0044	20	1	28	FullDelay	65.0044	6.50044e+07	2	1
98.0044	28	1	28	LastDelay	0.00442588	4425.88	1	1
98.0044	28	1	28	FullDelay	65.0044	6.50044e+07	2	1
98.0044	18	1	28	LastDelay	0.00442588	4425.88	1	1
98.0044	18	1	28	FullDelay	65.0044	6.50044e+07	2	1
98.0044	26	1	28	LastDelay	0.00442589	4425.89	1	1
98.0044	26	1	28	FullDelay	65.0044	6.50044e+07	2	1
98.0044	19	1	28	LastDelay	0.00442589	4425.89	1	1
98.0044	19	1	28	FullDelay	65.0044	6.50044e+07	2	1
98.0044	25	1	28	LastDelay	0.00442589	4425.89	1	1
98.0044	25	1	28	FullDelay	65.0044	6.50044e+07	2	1
98.0044	21	1	28	LastDelay	0.0044259	4425.9	1	1
98.0044	21	1	28	FullDelay	65.0044	6.50044e+07	2	1
98.0044	23	1	28	LastDelay	0.00442591	4425.91	1	1
98.0044	23	1	28	FullDelay	65.0044	6.50044e+07	2	1
98.0044	27	1	28	LastDelay	0.00442592	4425.92	1	1
98.0044	27	1	28	FullDelay	65.0044	6.50044e+07	2	1
99.0033	20	1	29	LastDelay	0.00330968	3309.68	1	1
99.0033	20	1	29	FullDelay	65.0033	6.50033e+07	2	1
99.0033	26	1	29	LastDelay	0.00330971	3309.7	1	1
99.0033	26	1	29	FullDelay	65.0033	6.50033e+07	2	1
99.0033	18	1	29	LastDelay	0.00330971	3309.71	1	1
99.0033	18	1	29	FullDelay	65.0033	6.50033e+07	2	1
99.0033	23	1	29	LastDelay	0.00330973	3309.73	1	1
99.0033	23	1	29	FullDelay	65.0033	6.50033e+07	2	1
99.008	25	1	29	LastDelay	0.00797011	7970.11	1	1
99.008	25	1	29	FullDelay	65.008	6.5008e+07	2	1
99.008	19	1	29	LastDelay	0.00797012	7970.12	1	1
99.008	19	1	29	FullDelay	65.008	6.5008e+07	2	1
99.008	21	1	29	LastDelay	0.00797014	7970.14	1	1
99.008	21	1	29	FullDelay	65.008	6.5008e+07	2	1
99.008	24	1	29	LastDelay	0.00797016	7970.16	1	1
99.008	24	1	29	FullDelay	65.008	6.5008e+07	2	1
99.008	27	1	29	LastDelay	0.00797016	7970.16	1	1
99.008	27	1	29	FullDelay	65.008	6.5008e+07	2	1
99.008	28	1	29	LastDelay	0.00797024	7970.24	1	1
99.008	28	1	29	FullDelay	65.008	6.5008e+07	2	1
99.008	29	1	29	LastDelay	0.00797037	7970.37	1	1
99.008	29	1	29	FullDelay	65.008	6.5008e+07	2	1
