Time	Node	AppId	SeqNo	Type	DelayS	DelayUS	RetxCount	HopCount
15.249	3	0	1	LastDelay	0	0	1	1
16.0205	27	0	1	LastDelay	0	0	1	3
16.2526	2	0	1	LastDelay	0.0390549	39054.9	1	1
16.2526	3	0	1	LastDelay	0.00356651	3566.51	1	1
16.2926	21	0	1	LastDelay	0	0	1	3
16.3302	15	0	1	LastDelay	0	0	1	3
16.3675	9	0	1	LastDelay	0	0	1	2
16.5023	33	0	1	LastDelay	0	0	1	3
16.5338	45	0	1	LastDelay	0	0	1	3
16.8926	39	0	1	LastDelay	0	0	1	3
17.2136	2	0	1	LastDelay	0	0	1	0
17.249	3	0	1	LastDelay	0	0	1	0
17.2895	1	0	1	LastDelay	0.00351327	3513.27	1	1
18.2169	2	0	1	LastDelay	0.00335727	3357.27	1	1
18.2558	3	0	1	LastDelay	0.00671239	6712.39	1	1
18.2859	1	0	1	LastDelay	0	0	1	0
19.2136	2	0	1	LastDelay	0	0	1	0
19.2396	0	0	1	LastDelay	0	0	1	1
19.249	3	0	1	LastDelay	0	0	1	0
19.2952	23	0	1	LastDelay	0	0	1	3
19.3283	10	0	1	LastDelay	0	0	1	3
19.4143	22	0	1	LastDelay	0	0	1	3
19.4237	35	0	1	LastDelay	0	0	1	3
19.4318	29	0	1	LastDelay	0	0	1	3
19.4979	41	0	1	LastDelay	0	0	1	3
19.5432	34	0	1	LastDelay	0	0	1	3
19.5929	24	0	1	LastDelay	0	0	1	3
19.6283	30	0	1	LastDelay	0	0	1	3
19.8827	5	0	1	LastDelay	0	0	1	2
19.8846	28	0	1	LastDelay	0	0	1	3
19.9196	18	0	1	LastDelay	0	0	1	3
19.9897	36	0	1	LastDelay	0	0	1	3
20.0423	40	0	1	LastDelay	0	0	1	3
20.0676	16	0	1	LastDelay	0	0	1	3
20.0682	11	0	1	LastDelay	0	0	1	3
20.1422	46	0	1	LastDelay	0	0	1	3
20.1612	4	0	1	LastDelay	0	0	1	2
20.1954	6	0	1	LastDelay	0	0	1	3
20.2485	12	0	1	LastDelay	0	0	1	3
20.2524	3	0	1	LastDelay	0.00335648	3356.48	1	1
20.2815	42	0	1	LastDelay	0	0	1	3
20.2893	1	0	1	LastDelay	0.00333065	3330.65	1	1
21.2169	2	0	1	LastDelay	0.00333009	3330.09	1	1
21.249	3	0	1	LastDelay	0	0	1	0
21.2859	1	0	1	LastDelay	0	0	1	0
22.2136	2	0	1	LastDelay	0	0	1	0
23.165	4	0	1	LastDelay	0.00376512	3765.12	1	1
23.8902	5	0	1	LastDelay	0.0074895	7489.5	1	1
24.1612	4	0	1	LastDelay	0	0	1	0
24.1992	6	0	1	LastDelay	0.00376605	3766.05	1	1
24.2524	3	0	1	LastDelay	0.00335618	3356.18	1	1
24.2894	1	0	1	LastDelay	0.00347319	3473.19	1	1
24.8827	5	0	1	LastDelay	0	0	1	0
25.1647	4	0	1	LastDelay	0.00344788	3447.88	1	1
25.1681	8	0	1	LastDelay	0.320713	320713	1	1
25.1764	26	0	1	LastDelay	0.00333111	3331.11	1	1
25.1954	6	0	1	LastDelay	0	0	1	0
25.2476	44	0	1	LastDelay	0.003343	3343	1	1
25.249	3	0	1	LastDelay	0	0	1	0
25.2859	1	0	1	LastDelay	0	0	1	0
25.3715	20	0	1	LastDelay	0.003343	3343	1	1
25.8474	8	0	1	LastDelay	0	0	1	0
25.9463	14	0	1	LastDelay	0.003356	3356	1	1
25.9816	38	0	1	LastDelay	0.003369	3369	1	1
26.1612	4	0	1	LastDelay	0	0	1	0
26.173	26	0	1	LastDelay	0	0	1	0
26.2024	32	0	1	LastDelay	0.00333	3330	1	1
26.2443	44	0	1	LastDelay	0	0	1	0
26.3681	20	0	1	LastDelay	0	0	1	0
26.9429	14	0	1	LastDelay	0	0	1	0
26.9782	38	0	1	LastDelay	0	0	1	0
27.199	32	0	1	LastDelay	0	0	1	0
27.2526	3	0	1	LastDelay	0.00352962	3529.62	1	1
27.3722	9	0	1	LastDelay	0.00476344	4763.44	1	1
27.8508	8	0	1	LastDelay	0.00334396	3343.96	1	1
27.8861	5	0	1	LastDelay	0.00342156	3421.56	1	1
28.1646	4	0	1	LastDelay	0.00333081	3330.81	1	1
28.22	2	0	1	LastDelay	0.00643944	6439.44	1	1
28.243	0	0	1	LastDelay	0.0033301	3330.1	1	1
28.249	3	0	1	LastDelay	0	0	1	0
28.2893	1	0	1	LastDelay	0.0033434	3343.4	1	1
28.3335	15	0	1	LastDelay	0.00334424	3344.24	1	1
28.3675	9	0	1	LastDelay	0	0	1	0
28.5088	33	0	1	LastDelay	0.00653027	6530.27	1	1
28.8474	8	0	1	LastDelay	0	0	1	0
28.8827	5	0	1	LastDelay	0	0	1	0
29.1612	4	0	1	LastDelay	0	0	1	0
29.2136	2	0	1	LastDelay	0	0	1	0
29.2396	0	0	1	LastDelay	0	0	1	0
29.2859	1	0	1	LastDelay	0	0	1	0
29.3302	15	0	1	LastDelay	0	0	1	0
29.5023	33	0	1	LastDelay	0	0	1	0
29.8508	8	0	1	LastDelay	0.00335653	3356.53	1	1
30.2434	0	0	1	LastDelay	0.00379158	3791.58	1	1
30.2524	3	0	1	LastDelay	0.0033437	3343.7	1	1
30.8474	8	0	1	LastDelay	0	0	1	0
31.1646	4	0	1	LastDelay	0.00333126	3331.26	1	1
31.1684	7	0	1	LastDelay	0.918365	918365	1	1
31.2396	0	0	1	LastDelay	0	0	1	0
31.249	3	0	1	LastDelay	0	0	1	0
31.25	7	0	1	LastDelay	0	0	1	1
32.1612	4	0	1	LastDelay	0	0	1	0
33.8508	8	0	1	LastDelay	0.00338233	3382.33	1	1
34.3712	9	0	1	LastDelay	0.00369927	3699.27	1	1
34.8474	8	0	1	LastDelay	0	0	1	0
35.1646	4	0	1	LastDelay	0.0033301	3330.1	1	1
35.243	0	0	1	LastDelay	0.00334304	3343.04	1	1
35.2504	7	0	1	LastDelay	0.000349539	349.539	1	1
35.3675	9	0	1	LastDelay	0	0	1	0
35.8508	8	0	1	LastDelay	0.00334379	3343.79	1	1
35.886	5	0	1	LastDelay	0.00334307	3343.07	1	1
36.1612	4	0	1	LastDelay	0	0	1	0
36.2396	0	0	1	LastDelay	0	0	1	0
36.25	7	0	1	LastDelay	0	0	1	0
36.2893	1	0	1	LastDelay	0.00336913	3369.13	1	1
36.332	15	0	1	LastDelay	0.00184292	1842.92	1	1
36.8474	8	0	1	LastDelay	0	0	1	0
36.8827	5	0	1	LastDelay	0	0	1	0
37.1646	4	0	1	LastDelay	0.0033431	3343.1	1	1
37.243	0	0	1	LastDelay	0.00334304	3343.04	1	1
37.2586	7	0	1	LastDelay	0.00858884	8588.84	1	1
37.2859	1	0	1	LastDelay	0	0	1	0
37.3302	15	0	1	LastDelay	0	0	1	0
37.3781	9	0	1	LastDelay	0.0106439	10643.9	1	1
38.1612	4	0	1	LastDelay	0	0	1	0
38.1987	6	0	1	LastDelay	0.00334313	3343.13	1	1
38.2396	0	0	1	LastDelay	0	0	1	0
38.25	7	0	1	LastDelay	0	0	1	0
38.3675	9	0	1	LastDelay	0	0	1	0
39.1954	6	0	1	LastDelay	0	0	1	0
39.243	0	0	1	LastDelay	0.0033431	3343.1	1	1
40.2396	0	0	1	LastDelay	0	0	1	0
40.2537	7	0	1	LastDelay	0.00363757	3637.57	1	1
40.2893	1	0	1	LastDelay	0.00333004	3330.04	1	1
40.3316	10	0	1	LastDelay	0.00333033	3330.33	1	1
40.3316	15	0	1	LastDelay	0.00144735	1447.35	1	1
40.8508	8	0	1	LastDelay	0.00335665	3356.65	1	1
40.9501	14	0	1	LastDelay	0.00713854	7138.54	1	1
41.1987	6	0	1	LastDelay	0.00334303	3343.03	1	1
41.2174	2	0	1	LastDelay	0.00380678	3806.78	1	1
41.243	0	0	1	LastDelay	0.00333005	3330.05	1	1
41.25	7	0	1	LastDelay	0	0	1	0
41.2859	1	0	1	LastDelay	0	0	1	0
41.3283	10	0	1	LastDelay	0	0	1	0
41.3302	15	0	1	LastDelay	0	0	1	0
41.5371	45	0	1	LastDelay	0.0033307	3330.7	1	1
41.8474	8	0	1	LastDelay	0	0	1	0
41.8865	5	0	1	LastDelay	0.00379142	3791.42	1	1
41.9429	14	0	1	LastDelay	0	0	1	0
42.1646	4	0	1	LastDelay	0.00333004	3330.04	1	1
42.1954	6	0	1	LastDelay	0	0	1	0
42.2136	2	0	1	LastDelay	0	0	1	0
42.2396	0	0	1	LastDelay	0	0	1	0
42.2522	7	0	1	LastDelay	0.00216883	2168.82	1	1
42.2553	12	0	1	LastDelay	0.00683539	6835.39	1	1
42.3327	15	0	1	LastDelay	0.00249093	2490.93	1	1
42.5338	45	0	1	LastDelay	0	0	1	0
42.8827	5	0	1	LastDelay	0	0	1	0
42.9463	14	0	1	LastDelay	0.00334379	3343.79	1	1
43.0715	11	0	1	LastDelay	0.00333007	3330.07	1	1
43.1612	4	0	1	LastDelay	0	0	1	0
43.1977	6	0	1	LastDelay	0.00230495	2304.95	1	1
43.2485	12	0	1	LastDelay	0	0	1	0
43.25	7	0	1	LastDelay	0	0	1	0
43.2893	1	0	1	LastDelay	0.00334382	3343.82	1	1
43.3302	15	0	1	LastDelay	0	0	1	0
43.3316	10	0	1	LastDelay	0.00334325	3343.25	1	1
43.9429	14	0	1	LastDelay	0	0	1	0
44.0682	11	0	1	LastDelay	0	0	1	0
44.1684	13	0	1	LastDelay	0.974549	974549	1	1
44.1939	13	0	1	LastDelay	0	0	1	1
44.1954	6	0	1	LastDelay	0	0	1	0
44.243	0	0	1	LastDelay	0.0033301	3330.1	1	1
44.2492	12	0	1	LastDelay	0.000701098	701.098	1	1
44.2531	7	0	1	LastDelay	0.00305427	3054.27	1	1
44.2859	1	0	1	LastDelay	0	0	1	0
44.3283	10	0	1	LastDelay	0	0	1	0
44.9463	14	0	1	LastDelay	0.00334411	3344.11	1	1
45.071	11	0	1	LastDelay	0.00281593	2815.93	1	1
45.0741	16	0	1	LastDelay	0.00653008	6530.08	1	1
45.0741	17	0	1	LastDelay	0.00127926	1279.26	1	1
45.1972	6	0	1	LastDelay	0.00183171	1831.71	1	1
45.1972	13	0	1	LastDelay	0.00335712	3357.12	1	1
45.2396	0	0	1	LastDelay	0	0	1	0
45.2485	12	0	1	LastDelay	0	0	1	0
45.25	7	0	1	LastDelay	0	0	1	0
45.2893	1	0	1	LastDelay	0.00334307	3343.07	1	1
45.3316	10	0	1	LastDelay	0.00335617	3356.17	1	1
45.3316	15	0	1	LastDelay	0.00147289	1472.89	1	1
45.886	5	0	1	LastDelay	0.0033431	3343.1	1	1
45.9429	14	0	1	LastDelay	0	0	1	0
46.0676	16	0	1	LastDelay	0	0	1	0
46.0682	11	0	1	LastDelay	0	0	1	0
46.0728	17	0	1	LastDelay	0	0	1	0
46.1646	4	0	1	LastDelay	0.00333034	3330.34	1	1
46.1939	13	0	1	LastDelay	0	0	1	0
46.1954	6	0	1	LastDelay	0	0	1	0
46.2504	12	0	1	LastDelay	0.00192357	1923.57	1	1
46.2504	7	0	1	LastDelay	0.000352677	352.677	1	1
46.2859	1	0	1	LastDelay	0	0	1	0
46.3283	10	0	1	LastDelay	0	0	1	0
46.3302	15	0	1	LastDelay	0	0	1	0
46.8827	5	0	1	LastDelay	0	0	1	0
47.0727	11	0	1	LastDelay	0.00450534	4505.34	1	1
47.0758	17	0	1	LastDelay	0.00294282	2942.82	1	1
47.1612	4	0	1	LastDelay	0	0	1	0
47.2485	12	0	1	LastDelay	0	0	1	0
47.25	7	0	1	LastDelay	0	0	1	0
47.3371	15	0	1	LastDelay	0.00698574	6985.74	1	1
48.0682	11	0	1	LastDelay	0	0	1	0
48.0728	17	0	1	LastDelay	0	0	1	0
48.2003	13	0	1	LastDelay	0.00647759	6477.59	1	1
48.2493	12	0	1	LastDelay	0.000819321	819.321	1	1
48.2893	1	0	1	LastDelay	0.00333046	3330.46	1	1
48.3302	15	0	1	LastDelay	0	0	1	0
49.0755	17	0	1	LastDelay	0.00265419	2654.19	1	1
49.1646	4	0	1	LastDelay	0.0033563	3356.3	1	1
49.1939	13	0	1	LastDelay	0	0	1	0
49.2485	12	0	1	LastDelay	0	0	1	0
49.2859	1	0	1	LastDelay	0	0	1	0
49.3351	15	0	1	LastDelay	0.00493793	4937.93	1	1
50.0713	11	0	1	LastDelay	0.00309382	3093.82	1	1
50.0728	17	0	1	LastDelay	0	0	1	0
50.1612	4	0	1	LastDelay	0	0	1	0
50.1979	6	0	1	LastDelay	0.00250455	2504.55	1	1
50.2503	12	0	1	LastDelay	0.00184156	1841.56	1	1
50.3302	15	0	1	LastDelay	0	0	1	0
51.0682	11	0	1	LastDelay	0	0	1	0
51.0744	17	0	1	LastDelay	0.00153078	1530.78	1	1
51.1646	4	0	1	LastDelay	0.0033301	3330.1	1	1
51.1954	6	0	1	LastDelay	0	0	1	0
51.1972	13	0	1	LastDelay	0.0033561	3356.1	1	1
51.2485	12	0	1	LastDelay	0	0	1	0
51.2506	7	0	1	LastDelay	0.000588043	588.043	1	1
51.3317	10	0	1	LastDelay	0.0033821	3382.1	1	1
51.3317	15	0	1	LastDelay	0.0014987	1498.7	1	1
51.8975	20	0	1	LastDelay	0.529355	529355	1	1
51.9463	14	0	1	LastDelay	0.00334308	3343.08	1	1
52.0728	17	0	1	LastDelay	0	0	1	0
52.0744	11	0	1	LastDelay	0.00617564	6175.64	1	1
52.1612	4	0	1	LastDelay	0	0	1	0
52.1939	13	0	1	LastDelay	0	0	1	0
52.25	7	0	1	LastDelay	0	0	1	0
52.2503	12	0	1	LastDelay	0.00181688	1816.88	1	1
52.3283	10	0	1	LastDelay	0	0	1	0
52.3302	15	0	1	LastDelay	0	0	1	0
52.3681	20	0	1	LastDelay	0	0	1	0
52.886	5	0	1	LastDelay	0.00334315	3343.15	1	1
52.9429	14	0	1	LastDelay	0	0	1	0
53.0682	11	0	1	LastDelay	0	0	1	0
53.0778	17	0	1	LastDelay	0.00496866	4968.66	1	1
53.1977	6	0	1	LastDelay	0.0022654	2265.4	1	1
53.2485	12	0	1	LastDelay	0	0	1	0
53.2969	21	0	1	LastDelay	0.00430352	4303.52	1	1
53.3385	15	0	1	LastDelay	0.00838931	8389.32	1	1
53.3753	20	0	1	LastDelay	0.00718553	7185.53	1	1
53.8827	5	0	1	LastDelay	0	0	1	0
54.0728	17	0	1	LastDelay	0	0	1	0
54.082	11	0	1	LastDelay	0.0138046	13804.6	1	1
54.1954	6	0	1	LastDelay	0	0	1	0
54.2513	12	0	1	LastDelay	0.00282001	2820.01	1	1
54.2926	21	0	1	LastDelay	0	0	1	0
54.3302	15	0	1	LastDelay	0	0	1	0
54.3316	10	0	1	LastDelay	0.00334315	3343.15	1	1
54.3681	20	0	1	LastDelay	0	0	1	0
54.8864	5	0	1	LastDelay	0.00368674	3686.74	1	1
55.042	19	0	1	LastDelay	0.0033573	3357.3	1	1
55.0682	11	0	1	LastDelay	0	0	1	0
55.0709	16	0	1	LastDelay	0.0033302	3330.2	1	1
55.074	17	0	1	LastDelay	0.00117433	1174.33	1	1
55.1678	4	0	1	LastDelay	0.00660848	6608.48	1	1
55.1972	6	0	1	LastDelay	0.00180542	1805.42	1	1
55.1972	13	0	1	LastDelay	0.0033306	3330.6	1	1
55.2454	0	0	1	LastDelay	0.0057219	5721.9	1	1
55.2485	12	0	1	LastDelay	0	0	1	0
55.2928	21	0	1	LastDelay	0.000154162	154.162	1	1
55.3021	1	0	1	LastDelay	0.0161857	16185.7	1	1
55.3283	10	0	1	LastDelay	0	0	1	0
55.3761	20	0	1	LastDelay	0.00797554	7975.54	1	1
55.8827	5	0	1	LastDelay	0	0	1	0
55.9261	18	0	1	LastDelay	0.00643921	6439.21	1	1
55.9451	14	0	1	LastDelay	0.00212956	2129.56	1	1
56.0386	19	0	1	LastDelay	0	0	1	0
56.0676	16	0	1	LastDelay	0	0	1	0
56.0715	11	0	1	LastDelay	0.00333025	3330.25	1	1
56.0728	17	0	1	LastDelay	0	0	1	0
56.1612	4	0	1	LastDelay	0	0	1	0
56.1939	13	0	1	LastDelay	0	0	1	0
56.1954	6	0	1	LastDelay	0	0	1	0
56.2396	0	0	1	LastDelay	0	0	1	0
56.2859	1	0	1	LastDelay	0	0	1	0
56.2926	21	0	1	LastDelay	0	0	1	0
56.2985	23	0	1	LastDelay	0.00333097	3330.97	1	1
56.3316	10	0	1	LastDelay	0.0033691	3369.1	1	1
56.3316	15	0	1	LastDelay	0.0014857	1485.7	1	1
56.3681	20	0	1	LastDelay	0	0	1	0
56.886	5	0	1	LastDelay	0.00334315	3343.15	1	1
56.9196	18	0	1	LastDelay	0	0	1	0
56.9429	14	0	1	LastDelay	0	0	1	0
57.0682	11	0	1	LastDelay	0	0	1	0
57.0747	17	0	1	LastDelay	0.00187351	1873.51	1	1
57.2014	6	0	1	LastDelay	0.00595807	5958.07	1	1
57.2499	12	0	1	LastDelay	0.00143384	1433.84	1	1
57.2952	23	0	1	LastDelay	0	0	1	0
57.3283	10	0	1	LastDelay	0	0	1	0
57.3302	15	0	1	LastDelay	0	0	1	0
57.3714	20	0	1	LastDelay	0.00333035	3330.35	1	1
57.8827	5	0	1	LastDelay	0	0	1	0
57.923	18	0	1	LastDelay	0.00334394	3343.94	1	1
57.9463	14	0	1	LastDelay	0.003331	3331	1	1
58.0713	11	0	1	LastDelay	0.00313294	3132.94	1	1
58.0728	17	0	1	LastDelay	0	0	1	0
58.1954	6	0	1	LastDelay	0	0	1	0
58.2485	12	0	1	LastDelay	0	0	1	0
58.3036	23	0	1	LastDelay	0.008404	8404	1	1
58.3681	20	0	1	LastDelay	0	0	1	0
58.4177	22	0	1	LastDelay	0.00334348	3343.48	1	1
58.9196	18	0	1	LastDelay	0	0	1	0
58.9429	14	0	1	LastDelay	0	0	1	0
59.0424	19	0	1	LastDelay	0.00373858	3738.58	1	1
59.0682	11	0	1	LastDelay	0	0	1	0
59.0792	17	0	1	LastDelay	0.00640731	6407.31	1	1
59.1972	13	0	1	LastDelay	0.00333036	3330.36	1	1
59.1972	6	0	1	LastDelay	0.00180577	1805.77	1	1
59.2893	1	0	1	LastDelay	0.00333077	3330.77	1	1
59.2927	21	0	1	LastDelay	0.000128408	128.408	1	1
59.2952	23	0	1	LastDelay	0	0	1	0
59.3319	15	0	1	LastDelay	0.00178983	1789.83	1	1
59.4143	22	0	1	LastDelay	0	0	1	0
59.886	5	0	1	LastDelay	0.0033432	3343.2	1	1
59.943	14	0	1	LastDelay	7.6597e-05	76.597	1	1
60.0386	19	0	1	LastDelay	0	0	1	0
60.0713	11	0	1	LastDelay	0.00311942	3119.42	1	1
60.0728	17	0	1	LastDelay	0	0	1	0
60.1646	4	0	1	LastDelay	0.0033302	3330.2	1	1
60.1939	13	0	1	LastDelay	0	0	1	0
60.1954	6	0	1	LastDelay	0	0	1	0
60.243	0	0	1	LastDelay	0.0033431	3343.1	1	1
60.253	12	0	1	LastDelay	0.00458012	4580.12	1	1
60.2859	1	0	1	LastDelay	0	0	1	0
60.2926	21	0	1	LastDelay	0	0	1	0
60.3302	15	0	1	LastDelay	0	0	1	0
60.3715	20	0	1	LastDelay	0.00334317	3343.17	1	1
60.4207	22	0	1	LastDelay	0.00641295	6412.95	1	1
60.8827	5	0	1	LastDelay	0	0	1	0
60.923	18	0	1	LastDelay	0.00336955	3369.55	1	1
60.9429	14	0	1	LastDelay	0	0	1	0
61.0682	11	0	1	LastDelay	0	0	1	0
61.0747	17	0	1	LastDelay	0.0018614	1861.4	1	1
61.1612	4	0	1	LastDelay	0	0	1	0
61.1974	6	0	1	LastDelay	0.00200095	2000.95	1	1
61.2396	0	0	1	LastDelay	0	0	1	0
61.2485	12	0	1	LastDelay	0	0	1	0
61.2959	21	0	1	LastDelay	0.00333034	3330.34	1	1
61.2959	23	0	1	LastDelay	0.000762175	762.175	1	1
61.3323	15	0	1	LastDelay	0.00213321	2133.21	1	1
61.3681	20	0	1	LastDelay	0	0	1	0
61.4143	22	0	1	LastDelay	0	0	1	0
61.5962	24	0	1	LastDelay	0.00333129	3331.29	1	1
61.9196	18	0	1	LastDelay	0	0	1	0
61.993	36	0	1	LastDelay	0.00333086	3330.86	1	1
62.0709	11	0	1	LastDelay	0.00275037	2750.37	1	1
62.0709	16	0	1	LastDelay	0.0033432	3343.2	1	1
62.0728	17	0	1	LastDelay	0	0	1	0
62.1954	6	0	1	LastDelay	0	0	1	0
62.2499	12	0	1	LastDelay	0.00143319	1433.19	1	1
62.2848	42	0	1	LastDelay	0.0033309	3330.9	1	1
62.2926	21	0	1	LastDelay	0	0	1	0
62.2944	1	0	1	LastDelay	0.00845351	8453.51	1	1
62.2952	23	0	1	LastDelay	0	0	1	0
62.3302	15	0	1	LastDelay	0	0	1	0
62.3722	20	0	1	LastDelay	0.00404397	4043.97	1	1
62.435	29	0	1	LastDelay	0.00328924	3289.24	1	1
62.5929	24	0	1	LastDelay	0	0	1	0
62.923	18	0	1	LastDelay	0.00334313	3343.13	1	1
62.9897	36	0	1	LastDelay	0	0	1	0
63.0676	16	0	1	LastDelay	0	0	1	0
63.0682	11	0	1	LastDelay	0	0	1	0
63.1646	4	0	1	LastDelay	0.00333014	3330.14	1	1
63.2485	12	0	1	LastDelay	0	0	1	0
63.2538	7	0	1	LastDelay	0.00381936	3819.36	1	1
63.2815	42	0	1	LastDelay	0	0	1	0
63.2859	1	0	1	LastDelay	0	0	1	0
63.2971	23	0	1	LastDelay	0.0018826	1882.61	1	1
63.3319	15	0	1	LastDelay	0.00179005	1790.05	1	1
63.3681	20	0	1	LastDelay	0	0	1	0
63.4318	29	0	1	LastDelay	0	0	1	0
63.8891	5	0	1	LastDelay	0.00642581	6425.81	1	1
63.9196	18	0	1	LastDelay	0	0	1	0
63.9463	14	0	1	LastDelay	0.00333022	3330.22	1	1
64.0741	11	0	1	LastDelay	0.00588448	5884.48	1	1
64.0741	17	0	1	LastDelay	0.00122634	1226.35	1	1
64.1612	4	0	1	LastDelay	0	0	1	0
64.2437	27	0	1	LastDelay	0.223163	223163	1	1
64.25	7	0	1	LastDelay	0	0	1	0
64.2502	12	0	1	LastDelay	0.00176328	1763.28	1	1
64.2952	23	0	1	LastDelay	0	0	1	0
64.3302	15	0	1	LastDelay	0	0	1	0
64.4177	22	0	1	LastDelay	0.00333015	3330.15	1	1
64.8827	5	0	1	LastDelay	0	0	1	0
64.896	39	0	1	LastDelay	0.00337034	3370.34	1	1
64.9429	14	0	1	LastDelay	0	0	1	0
65.0205	27	0	1	LastDelay	0	0	1	0
65.0451	19	0	1	LastDelay	0.00642542	6425.42	1	1
65.0682	11	0	1	LastDelay	0	0	1	0
65.0709	16	0	1	LastDelay	0.00333015	3330.15	1	1
65.0728	17	0	1	LastDelay	0	0	1	0
65.1678	4	0	1	LastDelay	0.00655932	6559.32	1	1
65.1954	6	0	1	LastDelay	7.105e-06	7.105	1	1
65.2169	2	0	1	LastDelay	0.0033562	3356.2	1	1
65.2485	12	0	1	LastDelay	0	0	1	0
65.2963	23	0	1	LastDelay	0.00113099	1130.99	1	1
65.3285	10	0	1	LastDelay	0.000229838	229.838	1	1
65.3373	15	0	1	LastDelay	0.00710448	7104.48	1	1
65.3711	20	0	1	LastDelay	0.00300155	3001.55	1	1
65.4143	22	0	1	LastDelay	0	0	1	0
65.5057	33	0	1	LastDelay	0.00340818	3408.18	1	1
65.5371	45	0	1	LastDelay	0.0033432	3343.2	1	1
65.5998	24	0	1	LastDelay	0.0069001	6900.1	1	1
65.886	5	0	1	LastDelay	0.00333069	3330.69	1	1
65.8926	39	0	1	LastDelay	0	0	1	0
65.923	18	0	1	LastDelay	0.0033302	3330.2	1	1
65.9457	14	0	1	LastDelay	0.00277635	2776.35	1	1
66.0386	19	0	1	LastDelay	0	0	1	0
66.0676	16	0	1	LastDelay	0	0	1	0
66.0746	17	0	1	LastDelay	0.00179312	1793.12	1	1
66.1612	4	0	1	LastDelay	0	0	1	0
66.1795	26	0	1	LastDelay	0.00643903	6439.03	1	1
66.1954	6	0	1	LastDelay	0	0	1	0
66.2136	2	0	1	LastDelay	0	0	1	0
66.2527	12	0	1	LastDelay	0.00421178	4211.78	1	1
66.2952	23	0	1	LastDelay	0	0	1	0
66.299	21	0	1	LastDelay	0.00642553	6425.53	1	1
66.3283	10	0	1	LastDelay	0	0	1	0
66.3302	15	0	1	LastDelay	0	0	1	0
66.3681	20	0	1	LastDelay	0	0	1	0
66.4177	22	0	1	LastDelay	0.00333013	3330.13	1	1
66.4335	29	0	1	LastDelay	0.00179089	1790.89	1	1
66.5023	33	0	1	LastDelay	0	0	1	0
66.5338	45	0	1	LastDelay	0	0	1	0
66.5929	24	0	1	LastDelay	0	0	1	0
66.8827	5	0	1	LastDelay	0	0	1	0
66.9196	18	0	1	LastDelay	0	0	1	0
66.9429	14	0	1	LastDelay	0	0	1	0
67.0423	40	0	1	LastDelay	3.1803e-05	31.803	1	1
67.0713	11	0	1	LastDelay	0.00310721	3107.21	1	1
67.0728	17	0	1	LastDelay	0	0	1	0
67.173	26	0	1	LastDelay	0	0	1	0
67.1987	6	0	1	LastDelay	0.00333005	3330.05	1	1
67.2485	12	0	1	LastDelay	0	0	1	0
67.2902	1	0	1	LastDelay	0.00427473	4274.73	1	1
67.2926	21	0	1	LastDelay	0	0	1	0
67.2985	23	0	1	LastDelay	0.00333029	3330.29	1	1
67.3323	15	0	1	LastDelay	0.00213362	2133.62	1	1
67.4143	22	0	1	LastDelay	0	0	1	0
67.4318	29	0	1	LastDelay	0	0	1	0
67.6316	30	0	1	LastDelay	0.00334308	3343.08	1	1
67.886	5	0	1	LastDelay	0.00333005	3330.05	1	1
67.9075	28	0	1	LastDelay	0.0229453	22945.3	1	1
67.923	18	0	1	LastDelay	0.00334325	3343.25	1	1
68.0423	40	0	1	LastDelay	0	0	1	0
68.0431	19	0	1	LastDelay	0.00447777	4477.77	1	1
68.0682	11	0	1	LastDelay	0	0	1	0
68.0756	17	0	1	LastDelay	0.00280919	2809.19	1	1
68.1646	4	0	1	LastDelay	0.00334307	3343.07	1	1
68.1811	26	0	1	LastDelay	0.00808434	8084.34	1	1
68.1954	6	0	1	LastDelay	0	0	1	0
68.1972	13	0	1	LastDelay	0.00333009	3330.09	1	1
68.243	0	0	1	LastDelay	0.0033303	3330.3	1	1
68.253	12	0	1	LastDelay	0.00451514	4515.14	1	1
68.2848	42	0	1	LastDelay	0.00335611	3356.11	1	1
68.2859	1	0	1	LastDelay	0	0	1	0
68.2952	23	0	1	LastDelay	0	0	1	0
68.3302	15	0	1	LastDelay	0	0	1	0
68.3584	25	0	1	LastDelay	0.454379	454379	1	1
68.3716	20	0	1	LastDelay	0.0034688	3468.8	1	1
68.4322	29	0	1	LastDelay	0.000437439	437.439	1	1
68.5465	34	0	1	LastDelay	0.00333011	3330.11	1	1
68.6025	24	0	1	LastDelay	0.0095608	9560.8	1	1
68.6283	30	0	1	LastDelay	0	0	1	0
68.8827	5	0	1	LastDelay	0	0	1	0
68.8846	28	0	1	LastDelay	0	0	1	0
68.904	25	0	1	LastDelay	0	0	1	0
68.9196	18	0	1	LastDelay	0	0	1	0
68.9495	14	0	1	LastDelay	0.0065854	6585.4	1	1
69.0269	27	0	1	LastDelay	0.00643867	6438.67	1	1
69.0386	19	0	1	LastDelay	0	0	1	0
69.0728	17	0	1	LastDelay	0	0	1	0
69.0783	11	0	1	LastDelay	0.010091	10091	1	1
69.1612	4	0	1	LastDelay	0	0	1	0
69.173	26	0	1	LastDelay	0	0	1	0
69.1939	13	0	1	LastDelay	0	0	1	0
69.1987	6	0	1	LastDelay	0.0033301	3330.1	1	1
69.2396	0	0	1	LastDelay	0	0	1	0
69.2485	12	0	1	LastDelay	0	0	1	0
69.2815	42	0	1	LastDelay	0	0	1	0
69.3025	23	0	1	LastDelay	0.00729632	7296.32	1	1
69.3341	10	0	1	LastDelay	0.00581058	5810.58	1	1
69.338	15	0	1	LastDelay	0.00782962	7829.62	1	1
69.3681	20	0	1	LastDelay	0	0	1	0
69.4177	22	0	1	LastDelay	0.0033302	3330.2	1	1
69.4318	29	0	1	LastDelay	0	0	1	0
69.5432	34	0	1	LastDelay	0	0	1	0
69.5929	24	0	1	LastDelay	0	0	1	0
69.886	5	0	1	LastDelay	0.0033303	3330.3	1	1
69.886	28	0	1	LastDelay	0.00141369	1413.69	1	1
69.9263	18	0	1	LastDelay	0.00664245	6642.45	1	1
69.9429	14	0	1	LastDelay	0	0	1	0
70.0205	27	0	1	LastDelay	0	0	1	0
70.042	19	0	1	LastDelay	0.00334307	3343.07	1	1
70.0682	11	0	1	LastDelay	0	0	1	0
70.0709	16	0	1	LastDelay	0.00333015	3330.15	1	1
70.0771	17	0	1	LastDelay	0.00428234	4282.34	1	1
70.1646	4	0	1	LastDelay	0.00334302	3343.02	1	1
70.1746	26	0	1	LastDelay	0.0015208	1520.8	1	1
70.1954	6	0	1	LastDelay	0	0	1	0
70.243	0	0	1	LastDelay	0.0033301	3330.1	1	1
70.2499	12	0	1	LastDelay	0.00143305	1433.05	1	1
70.2952	23	0	1	LastDelay	0	0	1	0
70.2959	21	0	1	LastDelay	0.00333034	3330.34	1	1
70.3283	10	0	1	LastDelay	0	0	1	0
70.3302	15	0	1	LastDelay	0	0	1	0
70.4143	22	0	1	LastDelay	0	0	1	0
70.4351	29	0	1	LastDelay	0.00335639	3356.39	1	1
70.5994	24	0	1	LastDelay	0.00650395	6503.95	1	1
70.8827	5	0	1	LastDelay	0	0	1	0
70.8846	28	0	1	LastDelay	0	0	1	0
70.9105	25	0	1	LastDelay	0.00643907	6439.07	1	1
70.9196	18	0	1	LastDelay	0	0	1	0
70.9463	14	0	1	LastDelay	0.00333021	3330.21	1	1
71.0239	27	0	1	LastDelay	0.00335635	3356.35	1	1
71.0386	19	0	1	LastDelay	0	0	1	0
71.0676	16	0	1	LastDelay	0	0	1	0
71.0715	11	0	1	LastDelay	0.00334315	3343.15	1	1
71.0728	17	0	1	LastDelay	0	0	1	0
71.1612	4	0	1	LastDelay	0	0	1	0
71.173	26	0	1	LastDelay	0	0	1	0
71.1987	6	0	1	LastDelay	0.0033302	3330.2	1	1
71.2396	0	0	1	LastDelay	0	0	1	0
71.2485	12	0	1	LastDelay	0	0	1	0
71.2926	21	0	1	LastDelay	0	0	1	0
71.3323	15	0	1	LastDelay	0.00213394	2133.94	1	1
71.4318	29	0	1	LastDelay	0	0	1	0
71.5929	24	0	1	LastDelay	0	0	1	0
71.886	5	0	1	LastDelay	0.00333015	3330.15	1	1
71.886	28	0	1	LastDelay	0.00141364	1413.64	1	1
71.904	25	0	1	LastDelay	0	0	1	0
71.9429	14	0	1	LastDelay	0	0	1	0
72.0205	27	0	1	LastDelay	0	0	1	0
72.0682	11	0	1	LastDelay	0	0	1	0
72.0781	17	0	1	LastDelay	0.00529961	5299.61	1	1
72.1954	6	0	1	LastDelay	0	0	1	0
72.2499	12	0	1	LastDelay	0.00140683	1406.84	1	1
72.2994	23	0	1	LastDelay	0.00422589	4225.89	1	1
72.3302	15	0	1	LastDelay	0	0	1	0
72.4177	22	0	1	LastDelay	0.00333015	3330.15	1	1
72.439	29	0	1	LastDelay	0.00722334	7223.34	1	1
72.8827	5	0	1	LastDelay	0	0	1	0
72.8846	28	0	1	LastDelay	0	0	1	0
73.0728	17	0	1	LastDelay	0	0	1	0
73.1798	26	0	1	LastDelay	0.00680848	6808.48	1	1
73.1966	6	0	1	LastDelay	0.00115828	1158.28	1	1
73.243	0	0	1	LastDelay	0.00333035	3330.35	1	1
73.2485	12	0	1	LastDelay	0	0	1	0
73.2952	23	0	1	LastDelay	0	0	1	0
73.3351	15	0	1	LastDelay	0.00492498	4924.98	1	1
73.4143	22	0	1	LastDelay	0	0	1	0
73.4318	29	0	1	LastDelay	0	0	1	0
73.8976	28	0	1	LastDelay	0.0129695	12969.5	1	1
73.9076	25	0	1	LastDelay	0.00355155	3551.55	1	1
73.9218	18	0	1	LastDelay	0.00216086	2160.86	1	1
73.9445	14	0	1	LastDelay	0.00157422	1574.22	1	1
74.0238	27	0	1	LastDelay	0.00334322	3343.22	1	1
74.0816	17	0	1	LastDelay	0.00879093	8790.93	1	1
74.173	26	0	1	LastDelay	0	0	1	0
74.1954	6	0	1	LastDelay	0	0	1	0
74.2396	0	0	1	LastDelay	0	0	1	0
74.2518	12	0	1	LastDelay	0.00334367	3343.67	1	1
74.2959	23	0	1	LastDelay	0.000761767	761.767	1	1
74.3298	10	0	1	LastDelay	0.00152744	1527.44	1	1
74.3302	15	0	1	LastDelay	0	0	1	0
74.4489	29	0	1	LastDelay	0.0171698	17169.8	1	1
74.8846	28	0	1	LastDelay	0	0	1	0
74.904	25	0	1	LastDelay	0	0	1	0
74.9196	18	0	1	LastDelay	0	0	1	0
74.9429	14	0	1	LastDelay	0	0	1	0
75.0205	27	0	1	LastDelay	0	0	1	0
75.0728	17	0	1	LastDelay	0	0	1	0
75.0816	11	0	1	LastDelay	0.0134621	13462.1	1	1
75.1745	26	0	1	LastDelay	0.00149537	1495.37	1	1
75.1979	6	0	1	LastDelay	0.00255197	2551.97	1	1
75.2485	12	0	1	LastDelay	0	0	1	0
75.2952	23	0	1	LastDelay	0	0	1	0
75.3283	10	0	1	LastDelay	0	0	1	0
75.3715	20	0	1	LastDelay	0.00334325	3343.25	1	1
75.4318	29	0	1	LastDelay	0	0	1	0
75.8871	28	0	1	LastDelay	0.00246907	2469.07	1	1
75.9131	25	0	1	LastDelay	0.00911893	9118.93	1	1
75.9243	18	0	1	LastDelay	0.00463461	4634.61	1	1
76.0682	11	0	1	LastDelay	0	0	1	0
76.0709	16	0	1	LastDelay	0.00333006	3330.06	1	1
76.0806	17	0	1	LastDelay	0.00772088	7720.88	1	1
76.1646	4	0	1	LastDelay	0.00333012	3330.12	1	1
76.173	26	0	1	LastDelay	0	0	1	0
76.1954	6	0	1	LastDelay	0	0	1	0
76.251	12	0	1	LastDelay	0.0025412	2541.2	1	1
76.2959	23	0	1	LastDelay	0.000761766	761.766	1	1
76.3316	15	0	1	LastDelay	0.00144685	1446.85	1	1
76.3316	10	0	1	LastDelay	0.00333029	3330.29	1	1
76.3681	20	0	1	LastDelay	0	0	1	0
76.4371	29	0	1	LastDelay	0.00536103	5361.02	1	1
76.8846	28	0	1	LastDelay	0	0	1	0
76.904	25	0	1	LastDelay	0	0	1	0
76.9196	18	0	1	LastDelay	0	0	1	0
76.9463	14	0	1	LastDelay	0.00333022	3330.22	1	1
77.0238	27	0	1	LastDelay	0.00333004	3330.04	1	1
77.0676	16	0	1	LastDelay	0	0	1	0
77.0728	17	0	1	LastDelay	0	0	1	0
77.1612	4	0	1	LastDelay	0	0	1	0
77.1764	26	0	1	LastDelay	0.00333007	3330.07	1	1
77.243	0	0	1	LastDelay	0.0033301	3330.1	1	1
77.2485	12	0	1	LastDelay	0	0	1	0
77.2952	23	0	1	LastDelay	0	0	1	0
77.3283	10	0	1	LastDelay	0	0	1	0
77.3302	15	0	1	LastDelay	0	0	1	0
77.3714	20	0	1	LastDelay	0.00333002	3330.02	1	1
77.4181	22	0	1	LastDelay	0.00379324	3793.24	1	1
77.4318	29	0	1	LastDelay	0	0	1	0
77.5092	33	0	1	LastDelay	0.00686036	6860.36	1	1
77.5157	32	0	1	LastDelay	0.316649	316649	1	1
77.8864	5	0	1	LastDelay	0.00369947	3699.47	1	1
77.8895	28	0	1	LastDelay	0.0048776	4877.6	1	1
77.9056	25	0	1	LastDelay	0.00161373	1613.73	1	1
77.9429	14	0	1	LastDelay	0	0	1	0
77.9815	38	0	1	LastDelay	0.00333125	3331.25	1	1
78.0205	27	0	1	LastDelay	0	0	1	0
78.0709	16	0	1	LastDelay	0.00335602	3356.02	1	1
78.0782	17	0	1	LastDelay	0.00532633	5326.33	1	1
78.0782	11	0	1	LastDelay	0.00998457	9984.57	1	1
78.173	26	0	1	LastDelay	0	0	1	0
78.1987	6	0	1	LastDelay	0.00334306	3343.06	1	1
78.199	32	0	1	LastDelay	0	0	1	0
78.2396	0	0	1	LastDelay	0	0	1	0
78.2519	12	0	1	LastDelay	0.00341726	3417.26	1	1
78.299	23	0	1	LastDelay	0.0038568	3856.8	1	1
78.299	21	0	1	LastDelay	0.00642527	6425.27	1	1
78.3332	15	0	1	LastDelay	0.0030323	3032.3	1	1
78.3332	10	0	1	LastDelay	0.00491574	4915.74	1	1
78.3681	20	0	1	LastDelay	0	0	1	0
78.4143	22	0	1	LastDelay	0	0	1	0
78.5023	33	0	1	LastDelay	0	0	1	0
78.5962	24	0	1	LastDelay	0.00333035	3330.35	1	1
78.8827	5	0	1	LastDelay	0	0	1	0
78.8846	28	0	1	LastDelay	0	0	1	0
78.904	25	0	1	LastDelay	0	0	1	0
78.923	18	0	1	LastDelay	0.00333005	3330.05	1	1
78.9462	14	0	1	LastDelay	0.00322583	3225.83	1	1
78.9782	38	0	1	LastDelay	0	0	1	0
79.0676	16	0	1	LastDelay	0	0	1	0
79.0682	11	0	1	LastDelay	0	0	1	0
79.0728	17	0	1	LastDelay	0	0	1	0
79.1646	4	0	1	LastDelay	0.00333013	3330.13	1	1
79.1749	26	0	1	LastDelay	0.00185172	1851.72	1	1
79.1954	6	0	1	LastDelay	0	0	1	0
79.2048	32	0	1	LastDelay	0.00577919	5779.19	1	1
79.2432	0	0	1	LastDelay	0.00351211	3512.11	1	1
79.2485	12	0	1	LastDelay	0	0	1	0
79.2926	21	0	1	LastDelay	0	0	1	0
79.2952	23	0	1	LastDelay	0	0	1	0
79.3283	10	0	1	LastDelay	0	0	1	0
79.3302	15	0	1	LastDelay	0	0	1	0
79.4325	29	0	1	LastDelay	0.000768342	768.342	1	1
79.5056	33	0	1	LastDelay	0.00334407	3344.07	1	1
79.5929	24	0	1	LastDelay	0	0	1	0
79.8895	28	0	1	LastDelay	0.00491713	4917.13	1	1
79.9196	18	0	1	LastDelay	0	0	1	0
79.9281	25	0	1	LastDelay	0.0240928	24092.8	1	1
79.9429	14	0	1	LastDelay	0	0	1	0
80.0744	17	0	1	LastDelay	0.00153093	1530.93	1	1
80.0744	11	0	1	LastDelay	0.00618914	6189.14	1	1
80.1612	4	0	1	LastDelay	0	0	1	0
80.173	26	0	1	LastDelay	0	0	1	0
80.199	32	0	1	LastDelay	0	0	1	0
80.2396	0	0	1	LastDelay	0	0	1	0
80.2959	23	0	1	LastDelay	0.000774766	774.766	1	1
80.2959	21	0	1	LastDelay	0.00334334	3343.34	1	1
80.4177	22	0	1	LastDelay	0.00334322	3343.22	1	1
80.4318	29	0	1	LastDelay	0	0	1	0
80.5023	33	0	1	LastDelay	0	0	1	0
80.5962	24	0	1	LastDelay	0.00333005	3330.05	1	1
80.6146	31	0	1	LastDelay	0.35261	352610	1	1
80.6316	30	0	1	LastDelay	0.00333125	3331.25	1	1
80.8846	28	0	1	LastDelay	0	0	1	0
80.8922	5	0	1	LastDelay	0.00953456	9534.56	1	1
80.904	25	0	1	LastDelay	0	0	1	0
80.944	14	0	1	LastDelay	0.00102829	1028.29	1	1
81.0682	11	0	1	LastDelay	0	0	1	0
81.0728	17	0	1	LastDelay	0	0	1	0
81.1784	26	0	1	LastDelay	0.00539295	5392.95	1	1
81.1954	6	0	1	LastDelay	4.552e-06	4.552	1	1
81.212	32	0	1	LastDelay	0.0129956	12995.6	1	1
81.2443	0	0	1	LastDelay	0.00462866	4628.66	1	1
81.2517	12	0	1	LastDelay	0.00322245	3222.45	1	1
81.262	31	0	1	LastDelay	0	0	1	0
81.2926	21	0	1	LastDelay	0	0	1	0
81.2952	23	0	1	LastDelay	0	0	1	0
81.3357	15	0	1	LastDelay	0.00557216	5572.16	1	1
81.3707	20	0	1	LastDelay	0.00259607	2596.07	1	1
81.4143	22	0	1	LastDelay	0	0	1	0
81.4275	35	0	1	LastDelay	0.00380492	3804.92	1	1
81.5012	41	0	1	LastDelay	0.00334399	3343.99	1	1
81.5087	33	0	1	LastDelay	0.00642571	6425.71	1	1
81.5929	24	0	1	LastDelay	0	0	1	0
81.6283	30	0	1	LastDelay	0	0	1	0
81.8827	5	0	1	LastDelay	0	0	1	0
81.905	25	0	1	LastDelay	0.000964578	964.578	1	1
81.9288	18	0	1	LastDelay	0.00914937	9149.37	1	1
81.9429	14	0	1	LastDelay	0	0	1	0
82.0238	27	0	1	LastDelay	0.00333031	3330.31	1	1
82.0424	40	0	1	LastDelay	9.4843e-05	94.843	1	1
82.0778	17	0	1	LastDelay	0.00497081	4970.81	1	1
82.0778	11	0	1	LastDelay	0.00962905	9629.05	1	1
82.173	26	0	1	LastDelay	0	0	1	0
82.1954	6	0	1	LastDelay	0	0	1	0
82.199	32	0	1	LastDelay	0	0	1	0
82.2396	0	0	1	LastDelay	0	0	1	0
82.2485	12	0	1	LastDelay	0	0	1	0
82.2534	7	0	1	LastDelay	0.00338211	3382.11	1	1
82.2848	42	0	1	LastDelay	0.00333009	3330.09	1	1
82.2948	1	0	1	LastDelay	0.00890805	8908.05	1	1
82.2987	21	0	1	LastDelay	0.00614258	6142.59	1	1
82.2987	23	0	1	LastDelay	0.00357434	3574.34	1	1
82.3302	15	0	1	LastDelay	0	0	1	0
82.3383	10	0	1	LastDelay	0.0100051	10005.1	1	1
82.3681	20	0	1	LastDelay	0	0	1	0
82.4237	35	0	1	LastDelay	0	0	1	0
82.438	29	0	1	LastDelay	0.00629684	6296.84	1	1
82.4979	41	0	1	LastDelay	0	0	1	0
82.5023	33	0	1	LastDelay	0	0	1	0
82.55	34	0	1	LastDelay	0.00680845	6808.45	1	1
82.5993	24	0	1	LastDelay	0.00642549	6425.49	1	1
82.632	30	0	1	LastDelay	0.00371323	3713.23	1	1
82.886	28	0	1	LastDelay	0.00143926	1439.26	1	1
82.886	5	0	1	LastDelay	0.00335637	3356.37	1	1
82.904	25	0	1	LastDelay	0	0	1	0
82.9196	18	0	1	LastDelay	0	0	1	0
82.9477	14	0	1	LastDelay	0.00479126	4791.26	1	1
83.0205	27	0	1	LastDelay	0	0	1	0
83.0423	40	0	1	LastDelay	0	0	1	0
83.0682	11	0	1	LastDelay	0	0	1	0
83.0728	17	0	1	LastDelay	0	0	1	0
83.1756	26	0	1	LastDelay	0.00261578	2615.78	1	1
83.1987	6	0	1	LastDelay	0.00333035	3330.35	1	1
83.2128	32	0	1	LastDelay	0.0137154	13715.4	1	1
83.2402	0	0	1	LastDelay	0.000524116	524.116	1	1
83.2495	12	0	1	LastDelay	0.000996948	996.948	1	1
83.25	7	0	1	LastDelay	0	0	1	0
83.278	31	0	1	LastDelay	0.0159627	15962.7	1	1
83.2815	42	0	1	LastDelay	0	0	1	0
83.2859	1	0	1	LastDelay	0	0	1	0
83.2926	21	0	1	LastDelay	0	0	1	0
83.2952	23	0	1	LastDelay	0	0	1	0
83.3283	10	0	1	LastDelay	0	0	1	0
83.3335	15	0	1	LastDelay	0.00333014	3330.14	1	1
83.4209	22	0	1	LastDelay	0.00653083	6530.83	1	1
83.4318	29	0	1	LastDelay	0	0	1	0
83.5056	33	0	1	LastDelay	0.00334369	3343.69	1	1
83.5432	34	0	1	LastDelay	0	0	1	0
83.5929	24	0	1	LastDelay	0	0	1	0
83.6283	30	0	1	LastDelay	0	0	1	0
83.8827	5	0	1	LastDelay	0	0	1	0
83.8846	28	0	1	LastDelay	0	0	1	0
83.9104	25	0	1	LastDelay	0.00642534	6425.34	1	1
83.9263	18	0	1	LastDelay	0.00663743	6637.43	1	1
83.9429	14	0	1	LastDelay	0	0	1	0
84.0238	27	0	1	LastDelay	0.00333026	3330.26	1	1
84.0709	16	0	1	LastDelay	0.00333012	3330.12	1	1
84.0848	11	0	1	LastDelay	0.0165817	16581.7	1	1
84.0848	17	0	1	LastDelay	0.0119236	11923.6	1	1
84.173	26	0	1	LastDelay	0	0	1	0
84.1954	6	0	1	LastDelay	0	0	1	0
84.199	32	0	1	LastDelay	0	0	1	0
84.2396	0	0	1	LastDelay	0	0	1	0
84.2485	12	0	1	LastDelay	0	0	1	0
84.262	31	0	1	LastDelay	0	0	1	0
84.2959	21	0	1	LastDelay	0.00333014	3330.14	1	1
84.299	23	0	1	LastDelay	0.00385693	3856.93	1	1
84.3302	15	0	1	LastDelay	0	0	1	0
84.3325	10	0	1	LastDelay	0.00420006	4200.06	1	1
84.3698	20	0	1	LastDelay	0.00169188	1691.88	1	1
84.4143	22	0	1	LastDelay	0	0	1	0
84.4382	29	0	1	LastDelay	0.00643866	6438.66	1	1
84.5023	33	0	1	LastDelay	0	0	1	0
84.5962	24	0	1	LastDelay	0.00333005	3330.05	1	1
84.886	5	0	1	LastDelay	0.00333022	3330.22	1	1
84.886	28	0	1	LastDelay	0.00141319	1413.19	1	1
84.904	25	0	1	LastDelay	0	0	1	0
84.9196	18	0	1	LastDelay	0	0	1	0
84.9435	14	0	1	LastDelay	0.000594116	594.116	1	1
85.0205	27	0	1	LastDelay	0	0	1	0
85.0676	16	0	1	LastDelay	0	0	1	0
85.0682	11	0	1	LastDelay	0	0	1	0
85.0728	17	0	1	LastDelay	0	0	1	0
85.1756	26	0	1	LastDelay	0.00258949	2589.49	1	1
85.1958	6	0	1	LastDelay	0.000397675	397.675	1	1
85.203	32	0	1	LastDelay	0.00394939	3949.39	1	1
85.25	0	0	1	LastDelay	0.0103486	10348.6	1	1
85.2531	12	0	1	LastDelay	0.00461824	4618.24	1	1
85.2634	31	0	1	LastDelay	0.00141802	1418.02	1	1
85.2926	21	0	1	LastDelay	0	0	1	0
85.2952	23	0	1	LastDelay	0	0	1	0
85.3283	10	0	1	LastDelay	0	0	1	0
85.3302	15	0	1	LastDelay	5.8639e-05	58.639	1	1
85.3681	20	0	1	LastDelay	0	0	1	0
85.4177	22	0	1	LastDelay	0.00333052	3330.52	1	1
85.4318	29	0	1	LastDelay	0	0	1	0
85.4439	35	0	1	LastDelay	0.0202499	20249.9	1	1
85.5056	33	0	1	LastDelay	0.00333052	3330.52	1	1
85.5527	34	0	1	LastDelay	0.00952225	9522.25	1	1
85.5929	24	0	1	LastDelay	0	0	1	0
85.8827	5	0	1	LastDelay	0	0	1	0
85.8846	28	0	1	LastDelay	0	0	1	0
85.9074	25	0	1	LastDelay	0.00333013	3330.13	1	1
85.9201	18	0	1	LastDelay	0.00046008	460.08	1	1
85.9429	14	0	1	LastDelay	0	0	1	0
86.0713	11	0	1	LastDelay	0.00308088	3080.88	1	1
86.0874	17	0	1	LastDelay	0.0146106	14610.6	1	1
86.1646	4	0	1	LastDelay	0.00333044	3330.44	1	1
86.173	26	0	1	LastDelay	0	0	1	0
86.1954	6	0	1	LastDelay	0	0	1	0
86.199	32	0	1	LastDelay	0	0	1	0
86.2396	0	0	1	LastDelay	0	0	1	0
86.2485	12	0	1	LastDelay	0	0	1	0
86.262	31	0	1	LastDelay	0	0	1	0
86.2959	21	0	1	LastDelay	0.00333002	3330.02	1	1
86.3029	23	0	1	LastDelay	0.00775832	7758.32	1	1
86.3302	15	0	1	LastDelay	0	0	1	0
86.3331	10	0	1	LastDelay	0.00479846	4798.46	1	1
86.3714	20	0	1	LastDelay	0.0033302	3330.2	1	1
86.4143	22	0	1	LastDelay	0	0	1	0
86.4237	35	0	1	LastDelay	0	0	1	0
86.4351	29	0	1	LastDelay	0.00333024	3330.24	1	1
86.5023	33	0	1	LastDelay	0	0	1	0
86.5432	34	0	1	LastDelay	0	0	1	0
86.8864	28	0	1	LastDelay	0.00176913	1769.13	1	1
86.904	25	0	1	LastDelay	0	0	1	0
86.9196	18	0	1	LastDelay	0	0	1	0
86.9452	14	0	1	LastDelay	0.0022852	2285.2	1	1
87.0242	27	0	1	LastDelay	0.00368633	3686.33	1	1
87.0682	11	0	1	LastDelay	0	0	1	0
87.0709	16	0	1	LastDelay	0.00333017	3330.17	1	1
87.0728	17	0	1	LastDelay	0	0	1	0
87.1612	4	0	1	LastDelay	0	0	1	0
87.2005	32	0	1	LastDelay	0.00146224	1462.24	1	1
87.2005	6	0	1	LastDelay	0.00510644	5106.44	1	1
87.2506	12	0	1	LastDelay	0.0021192	2119.2	1	1
87.274	31	0	1	LastDelay	0.0119751	11975.1	1	1
87.2926	21	0	1	LastDelay	0	0	1	0
87.2952	23	0	1	LastDelay	0	0	1	0
87.3283	10	0	1	LastDelay	0	0	1	0
87.3681	20	0	1	LastDelay	0	0	1	0
87.4177	22	0	1	LastDelay	0.00333022	3330.22	1	1
87.4318	29	0	1	LastDelay	0	0	1	0
87.4428	35	0	1	LastDelay	0.0190992	19099.2	1	1
87.8846	28	0	1	LastDelay	0	0	1	0
87.9118	25	0	1	LastDelay	0.00780482	7804.82	1	1
87.925	18	0	1	LastDelay	0.00534451	5344.51	1	1
87.9429	14	0	1	LastDelay	0	0	1	0
88.0205	27	0	1	LastDelay	0	0	1	0
88.0676	16	0	1	LastDelay	0	0	1	0
88.0753	17	0	1	LastDelay	0.00250672	2506.72	1	1
88.1757	26	0	1	LastDelay	0.00265561	2655.61	1	1
88.1954	6	0	1	LastDelay	0	0	1	0
88.199	32	0	1	LastDelay	0	0	1	0
88.2485	12	0	1	LastDelay	0	0	1	0
88.262	31	0	1	LastDelay	0	0	1	0
88.2966	23	0	1	LastDelay	0.00146111	1461.11	1	1
88.3293	10	0	1	LastDelay	0.00102467	1024.67	1	1
88.3335	15	0	1	LastDelay	0.00329244	3292.44	1	1
88.4143	22	0	1	LastDelay	0	0	1	0
88.4237	35	0	1	LastDelay	0	0	1	0
88.4382	29	0	1	LastDelay	0.00642564	6425.64	1	1
88.5056	33	0	1	LastDelay	0.00333036	3330.36	1	1
88.5496	34	0	1	LastDelay	0.0064257	6425.7	1	1
88.5963	24	0	1	LastDelay	0.00334359	3343.59	1	1
88.8925	28	0	1	LastDelay	0.00796017	7960.17	1	1
88.904	25	0	1	LastDelay	0	0	1	0
88.9196	18	0	1	LastDelay	0	0	1	0
88.9453	14	0	1	LastDelay	0.00238631	2386.31	1	1
89.0238	27	0	1	LastDelay	0.00333026	3330.26	1	1
89.0728	17	0	1	LastDelay	0	0	1	0
89.074	11	0	1	LastDelay	0.00583258	5832.58	1	1
89.074	16	0	1	LastDelay	0.00642558	6425.58	1	1
89.1646	4	0	1	LastDelay	0.00333084	3330.84	1	1
89.173	26	0	1	LastDelay	0	0	1	0
89.1987	6	0	1	LastDelay	0.00333027	3330.27	1	1
89.2018	32	0	1	LastDelay	0.00278164	2781.64	1	1
89.2407	0	0	1	LastDelay	0.00108738	1087.38	1	1
89.2504	12	0	1	LastDelay	0.00198139	1981.39	1	1
89.2671	31	0	1	LastDelay	0.0050769	5076.9	1	1
89.2929	21	0	1	LastDelay	0.000327964	327.964	1	1
89.2952	23	0	1	LastDelay	0	0	1	0
89.3283	10	0	1	LastDelay	0	0	1	0
89.3302	15	0	1	LastDelay	0	0	1	0
89.4177	22	0	1	LastDelay	0.00334358	3343.58	1	1
89.427	35	0	1	LastDelay	0.0032932	3293.2	1	1
89.4318	29	0	1	LastDelay	0	0	1	0
89.5023	33	0	1	LastDelay	0	0	1	0
89.5432	34	0	1	LastDelay	0	0	1	0
89.5929	24	0	1	LastDelay	0	0	1	0
89.7553	37	0	1	LastDelay	0.00335701	3357.01	1	1
89.8846	28	0	1	LastDelay	0	0	1	0
89.886	5	0	1	LastDelay	0.00333052	3330.52	1	1
89.8953	39	0	1	LastDelay	0.00274339	2743.39	1	1
89.905	25	0	1	LastDelay	0.000967404	967.404	1	1
89.9263	18	0	1	LastDelay	0.00663727	6637.27	1	1
89.9429	14	0	1	LastDelay	0	0	1	0
89.9785	38	0	1	LastDelay	0.00033809	338.09	1	1
90.0205	27	0	1	LastDelay	0	0	1	0
90.0676	16	0	1	LastDelay	0	0	1	0
90.0682	11	0	1	LastDelay	0	0	1	0
90.0762	17	0	1	LastDelay	0.00333004	3330.04	1	1
90.1612	4	0	1	LastDelay	0	0	1	0
90.1764	26	0	1	LastDelay	0.00333016	3330.16	1	1
90.1954	6	0	1	LastDelay	0	0	1	0
90.199	32	0	1	LastDelay	0	0	1	0
90.2396	0	0	1	LastDelay	0	0	1	0
90.2485	12	0	1	LastDelay	0	0	1	0
90.262	31	0	1	LastDelay	0	0	1	0
90.2926	21	0	1	LastDelay	0	0	1	0
90.332	10	0	1	LastDelay	0.00368735	3687.35	1	1
90.332	15	0	1	LastDelay	0.00180422	1804.22	1	1
90.3714	20	0	1	LastDelay	0.00333016	3330.16	1	1
90.4143	22	0	1	LastDelay	0	0	1	0
90.4237	35	0	1	LastDelay	0	0	1	0
90.4385	29	0	1	LastDelay	0.00676867	6768.67	1	1
90.5962	24	0	1	LastDelay	0.00333025	3330.25	1	1
90.632	30	0	1	LastDelay	0.00371269	3712.69	1	1
90.752	37	0	1	LastDelay	0	0	1	0
90.8827	5	0	1	LastDelay	0	0	1	0
90.8926	39	0	1	LastDelay	0	0	1	0
90.904	25	0	1	LastDelay	0	0	1	0
90.9196	18	0	1	LastDelay	0	0	1	0
90.9466	14	0	1	LastDelay	0.00367398	3673.98	1	1
90.9782	38	0	1	LastDelay	0	0	1	0
91.0243	27	0	1	LastDelay	0.00381721	3817.21	1	1
91.0709	16	0	1	LastDelay	0.00333021	3330.21	1	1
91.0728	17	0	1	LastDelay	0	0	1	0
91.074	11	0	1	LastDelay	0.00583291	5832.91	1	1
91.1646	4	0	1	LastDelay	0.00333114	3331.14	1	1
91.173	26	0	1	LastDelay	0	0	1	0
91.1987	6	0	1	LastDelay	0.00333017	3330.17	1	1
91.2028	32	0	1	LastDelay	0.00381091	3810.91	1	1
91.2474	0	0	1	LastDelay	0.00777389	7773.89	1	1
91.2505	12	0	1	LastDelay	0.00205618	2056.18	1	1
91.2698	31	0	1	LastDelay	0.00781613	7816.13	1	1
91.2959	21	0	1	LastDelay	0.00333002	3330.02	1	1
91.2991	23	0	1	LastDelay	0.00393487	3934.87	1	1
91.3283	10	0	1	LastDelay	0	0	1	0
91.3302	15	0	1	LastDelay	0	0	1	0
91.3681	20	0	1	LastDelay	0	0	1	0
91.4208	22	0	1	LastDelay	0.0064523	6452.3	1	1
91.4246	35	0	1	LastDelay	0.000872414	872.414	1	1
91.4318	29	0	1	LastDelay	0	0	1	0
91.506	33	0	1	LastDelay	0.00367337	3673.37	1	1
91.5929	24	0	1	LastDelay	0	0	1	0
91.6283	30	0	1	LastDelay	0	0	1	0
91.7553	37	0	1	LastDelay	0.00333067	3330.67	1	1
91.8926	28	0	1	LastDelay	0.00802602	8026.02	1	1
91.8926	39	0	1	LastDelay	5.356e-06	5.356	1	1
91.9084	25	0	1	LastDelay	0.00441963	4419.64	1	1
91.9345	18	0	1	LastDelay	0.0149126	14912.6	1	1
91.9429	14	0	1	LastDelay	0	0	1	0
91.9794	38	0	1	LastDelay	0.0011822	1182.19	1	1
92.0205	27	0	1	LastDelay	0	0	1	0
92.0676	16	0	1	LastDelay	0	0	1	0
92.0682	11	0	1	LastDelay	0	0	1	0
92.0762	17	0	1	LastDelay	0.00333025	3330.25	1	1
92.1612	4	0	1	LastDelay	0	0	1	0
92.1764	26	0	1	LastDelay	0.00334345	3343.45	1	1
92.1954	6	0	1	LastDelay	0	0	1	0
92.199	32	0	1	LastDelay	0	0	1	0
92.2396	0	0	1	LastDelay	0	0	1	0
92.2485	12	0	1	LastDelay	0	0	1	0
92.262	31	0	1	LastDelay	0	0	1	0
92.2926	21	0	1	LastDelay	0	0	1	0
92.2952	23	0	1	LastDelay	0	0	1	0
92.3316	15	0	1	LastDelay	0.00146025	1460.25	1	1
92.3688	20	0	1	LastDelay	0.000677786	677.786	1	1
92.4143	22	0	1	LastDelay	0	0	1	0
92.4237	35	0	1	LastDelay	0	0	1	0
92.4351	29	0	1	LastDelay	0.00333098	3330.98	1	1
92.5023	33	0	1	LastDelay	0	0	1	0
92.752	37	0	1	LastDelay	0	0	1	0
92.8846	28	0	1	LastDelay	0	0	1	0
92.8926	39	0	1	LastDelay	0	0	1	0
92.904	25	0	1	LastDelay	0	0	1	0
92.9196	18	0	1	LastDelay	0	0	1	0
92.9782	38	0	1	LastDelay	0	0	1	0
93.0728	17	0	1	LastDelay	0	0	1	0
93.074	11	0	1	LastDelay	0.00583295	5832.95	1	1
93.074	16	0	1	LastDelay	0.00642616	6426.16	1	1
93.173	26	0	1	LastDelay	0	0	1	0
93.2021	32	0	1	LastDelay	0.00311148	3111.48	1	1
93.2697	31	0	1	LastDelay	0.00774079	7740.79	1	1
93.2967	23	0	1	LastDelay	0.00151337	1513.37	1	1
93.3302	15	0	1	LastDelay	0	0	1	0
93.3681	20	0	1	LastDelay	0	0	1	0
93.426	35	0	1	LastDelay	0.00227094	2270.94	1	1
93.4318	29	0	1	LastDelay	0	0	1	0
93.6316	30	0	1	LastDelay	0.00333009	3330.09	1	1
93.7553	37	0	1	LastDelay	0.00333115	3331.15	1	1
93.897	39	0	1	LastDelay	0.00442058	4420.58	1	1
93.897	28	0	1	LastDelay	0.0124418	12441.8	1	1
93.9119	25	0	1	LastDelay	0.00789244	7892.44	1	1
93.932	18	0	1	LastDelay	0.0124155	12415.5	1	1
93.9445	14	0	1	LastDelay	0.00150706	1507.06	1	1
93.9793	38	0	1	LastDelay	0.00110032	1100.32	1	1
93.9927	36	0	1	LastDelay	0.00301057	3010.57	1	1
94.0253	27	0	1	LastDelay	0.00476726	4767.26	1	1
94.0676	16	0	1	LastDelay	0	0	1	0
94.0682	11	0	1	LastDelay	0	0	1	0
94.0762	17	0	1	LastDelay	0.0033305	3330.5	1	1
94.1764	26	0	1	LastDelay	0.00333007	3330.07	1	1
94.1956	6	0	1	LastDelay	0.000256009	256.009	1	1
94.199	32	0	1	LastDelay	0	0	1	0
94.2475	0	0	1	LastDelay	0.00781245	7812.45	1	1
94.251	12	0	1	LastDelay	0.00250311	2503.11	1	1
94.262	31	0	1	LastDelay	0	0	1	0
94.2927	21	0	1	LastDelay	0.000122614	122.614	1	1
94.2952	23	0	1	LastDelay	0	0	1	0
94.3324	15	0	1	LastDelay	0.00219889	2198.89	1	1
94.3714	20	0	1	LastDelay	0.00333015	3330.15	1	1
94.4237	35	0	1	LastDelay	0	0	1	0
94.4339	29	0	1	LastDelay	0.00212125	2121.25	1	1
94.5089	33	0	1	LastDelay	0.00655851	6558.51	1	1
94.5475	34	0	1	LastDelay	0.00429439	4294.39	1	1
94.5962	24	0	1	LastDelay	0.00333009	3330.09	1	1
94.6283	30	0	1	LastDelay	0	0	1	0
94.752	37	0	1	LastDelay	0	0	1	0
94.8846	28	0	1	LastDelay	0	0	1	0
94.8926	39	0	1	LastDelay	0	0	1	0
94.904	25	0	1	LastDelay	0	0	1	0
94.9196	18	0	1	LastDelay	0	0	1	0
94.9429	14	0	1	LastDelay	0	0	1	0
94.9782	38	0	1	LastDelay	0	0	1	0
94.9897	36	0	1	LastDelay	0	0	1	0
95.0205	27	0	1	LastDelay	0	0	1	0
95.0728	17	0	1	LastDelay	0	0	1	0
95.173	26	0	1	LastDelay	0	0	1	0
95.1954	6	0	1	LastDelay	0	0	1	0
95.2024	32	0	1	LastDelay	0.00334327	3343.27	1	1
95.2396	0	0	1	LastDelay	0	0	1	0
95.2485	12	0	1	LastDelay	0	0	1	0
95.2657	31	0	1	LastDelay	0.003713	3713	1	1
95.2926	21	0	1	LastDelay	0	0	1	0
95.2985	23	0	1	LastDelay	0.00333028	3330.28	1	1
95.3302	15	0	1	LastDelay	0	0	1	0
95.3681	20	0	1	LastDelay	0	0	1	0
95.4318	29	0	1	LastDelay	0	0	1	0
95.5023	33	0	1	LastDelay	0	0	1	0
95.5432	34	0	1	LastDelay	0	0	1	0
95.5929	24	0	1	LastDelay	0	0	1	0
95.8934	39	0	1	LastDelay	0.000820196	820.196	1	1
95.91	25	0	1	LastDelay	0.00595591	5955.91	1	1
95.9256	18	0	1	LastDelay	0.00592338	5923.38	1	1
95.9464	14	0	1	LastDelay	0.00343536	3435.36	1	1
95.9953	36	0	1	LastDelay	0.00560974	5609.74	1	1
96.0229	27	0	1	LastDelay	0.00235726	2357.26	1	1
96.0442	40	0	1	LastDelay	0.0018846	1884.6	1	1
96.0789	17	0	1	LastDelay	0.00603717	6037.17	1	1
96.0789	11	0	1	LastDelay	0.0106956	10695.6	1	1
96.1764	26	0	1	LastDelay	0.00333011	3330.11	1	1
96.199	32	0	1	LastDelay	0	0	1	0
96.2023	6	0	1	LastDelay	0.00693426	6934.26	1	1
96.2496	12	0	1	LastDelay	0.00111772	1117.72	1	1
96.262	31	0	1	LastDelay	0	0	1	0
96.2952	23	0	1	LastDelay	0	0	1	0
96.2959	21	0	1	LastDelay	0.00333021	3330.21	1	1
96.3338	15	0	1	LastDelay	0.00362602	3626.02	1	1
96.3748	20	0	1	LastDelay	0.00666797	6667.97	1	1
96.4402	29	0	1	LastDelay	0.00849113	8491.13	1	1
96.5047	41	0	1	LastDelay	0.0068214	6821.4	1	1
96.5047	33	0	1	LastDelay	0.00238098	2380.98	1	1
96.546	34	0	1	LastDelay	0.00281586	2815.86	1	1
96.5962	24	0	1	LastDelay	0.00333029	3330.29	1	1
96.6308	30	0	1	LastDelay	0.00248333	2483.33	1	1
96.8926	39	0	1	LastDelay	0	0	1	0
96.904	25	0	1	LastDelay	0	0	1	0
96.9196	18	0	1	LastDelay	0	0	1	0
96.9429	14	0	1	LastDelay	0	0	1	0
96.9816	38	0	1	LastDelay	0.00336916	3369.16	1	1
96.9897	36	0	1	LastDelay	0	0	1	0
97.0205	27	0	1	LastDelay	0	0	1	0
97.0423	40	0	1	LastDelay	0	0	1	0
97.0682	11	0	1	LastDelay	0	0	1	0
97.0728	17	0	1	LastDelay	0	0	1	0
97.173	26	0	1	LastDelay	0	0	1	0
97.1954	6	0	1	LastDelay	0	0	1	0
97.2024	32	0	1	LastDelay	0.00333006	3330.06	1	1
97.2485	12	0	1	LastDelay	0	0	1	0
97.2926	21	0	1	LastDelay	0	0	1	0
97.3302	15	0	1	LastDelay	0	0	1	0
97.3681	20	0	1	LastDelay	0	0	1	0
97.4318	29	0	1	LastDelay	0	0	1	0
97.4979	41	0	1	LastDelay	0	0	1	0
97.5023	33	0	1	LastDelay	0	0	1	0
97.5432	34	0	1	LastDelay	0	0	1	0
97.5929	24	0	1	LastDelay	0	0	1	0
97.6283	30	0	1	LastDelay	0	0	1	0
97.9064	25	0	1	LastDelay	0.00236422	2364.22	1	1
97.9211	18	0	1	LastDelay	0.00144001	1440.01	1	1
97.9782	38	0	1	LastDelay	0	0	1	0
98.0238	27	0	1	LastDelay	0.00333015	3330.15	1	1
98.0746	17	0	1	LastDelay	0.00176736	1767.36	1	1
98.0792	11	0	1	LastDelay	0.0110383	11038.3	1	1
98.199	32	0	1	LastDelay	0	0	1	0
98.2659	31	0	1	LastDelay	0.00390001	3900.01	1	1
98.2963	23	0	1	LastDelay	0.00110512	1105.12	1	1
98.3341	15	0	1	LastDelay	0.00389932	3899.32	1	1
98.4346	29	0	1	LastDelay	0.00285703	2857.03	1	1
98.5046	33	0	1	LastDelay	0.00235421	2354.21	1	1
98.5469	34	0	1	LastDelay	0.00372551	3725.51	1	1
98.5966	24	0	1	LastDelay	0.00367341	3673.41	1	1
98.6316	30	0	1	LastDelay	0.00333085	3330.85	1	1
98.7553	37	0	1	LastDelay	0.00333032	3330.32	1	1
98.894	39	0	1	LastDelay	0.00141748	1417.48	1	1
98.904	25	0	1	LastDelay	0	0	1	0
98.9196	18	0	1	LastDelay	0	0	1	0
98.9815	38	0	1	LastDelay	0.00333037	3330.37	1	1
98.9908	36	0	1	LastDelay	0.00111545	1115.45	1	1
99.0205	27	0	1	LastDelay	0	0	1	0
99.0456	40	0	1	LastDelay	0.00333029	3330.29	1	1
99.0682	11	0	1	LastDelay	0	0	1	0
99.0728	17	0	1	LastDelay	0	0	1	0
99.2005	32	0	1	LastDelay	0.0014364	1436.4	1	1
99.2071	6	0	1	LastDelay	0.0116816	11681.6	1	1
99.2433	0	0	1	LastDelay	0.00368741	3687.41	1	1
99.2518	12	0	1	LastDelay	0.00333044	3330.44	1	1
99.262	31	0	1	LastDelay	0	0	1	0
99.2952	23	0	1	LastDelay	0	0	1	0
99.3302	15	0	1	LastDelay	0	0	1	0
99.3715	20	0	1	LastDelay	0.00333086	3330.86	1	1
99.427	35	0	1	LastDelay	0.00333049	3330.49	1	1
99.4318	29	0	1	LastDelay	0	0	1	0
99.5012	41	0	1	LastDelay	0.00333041	3330.41	1	1
99.5023	33	0	1	LastDelay	0	0	1	0
99.5432	34	0	1	LastDelay	0	0	1	0
99.5929	24	0	1	LastDelay	0	0	1	0
99.6283	30	0	1	LastDelay	0	0	1	0
99.752	37	0	1	LastDelay	0	0	1	0
99.8926	39	0	1	LastDelay	0	0	1	0
99.9074	25	0	1	LastDelay	0.00333009	3330.09	1	1
99.9208	18	0	1	LastDelay	0.00117265	1172.65	1	1
99.9433	14	0	1	LastDelay	0.000330901	330.901	1	1
99.9782	38	0	1	LastDelay	0	0	1	0
99.9897	36	0	1	LastDelay	0	0	1	0
