Time	Node	AppId	SeqNo	Type	DelayS	DelayUS	RetxCount	HopCount
14.2173	2	0	1	LastDelay	0.0037036	3703.6	1	1
14.3715	20	0	1	LastDelay	0.00333318	3333.18	1	1
14.8507	8	0	1	LastDelay	0.00331903	3319.03	1	1
15.2024	32	0	1	LastDelay	0.00331904	3319.04	1	1
15.2136	2	0	1	LastDelay	0	0	1	0
15.2476	44	0	1	LastDelay	0.003332	3332	1	1
15.3681	20	0	1	LastDelay	0	0	1	0
15.8474	8	0	1	LastDelay	0	0	1	0
15.9815	38	0	1	LastDelay	0.003319	3319	1	1
16.1763	26	0	1	LastDelay	0.003306	3306	1	1
16.199	32	0	1	LastDelay	0	0	1	0
16.2204	2	0	1	LastDelay	0.00678957	6789.57	1	1
16.2443	44	0	1	LastDelay	0	0	1	0
16.8507	8	0	1	LastDelay	0.00333211	3332.11	1	1
16.9782	38	0	1	LastDelay	0	0	1	0
17.173	26	0	1	LastDelay	0	0	1	0
17.2136	2	0	1	LastDelay	0	0	1	0
17.2555	3	0	1	LastDelay	0.00643613	6436.13	1	1
17.2893	1	0	1	LastDelay	0.00336577	3365.77	1	1
17.3719	20	0	1	LastDelay	0.00380814	3808.14	1	1
17.8474	8	0	1	LastDelay	0	0	1	0
18.249	3	0	1	LastDelay	0	0	1	0
18.2859	1	0	1	LastDelay	0	0	1	0
18.3681	20	0	1	LastDelay	0	0	1	0
19.2532	3	0	1	LastDelay	0.00418137	4181.37	1	1
20.2169	2	0	1	LastDelay	0.00330621	3306.21	1	1
20.2429	0	0	1	LastDelay	0.00330698	3306.98	1	1
20.249	3	0	1	LastDelay	0	0	1	0
21.2136	2	0	1	LastDelay	0	0	1	0
21.2396	0	0	1	LastDelay	0	0	1	0
25.243	0	0	1	LastDelay	0.00331923	3319.23	1	1
25.2897	1	0	1	LastDelay	0.00376224	3762.24	1	1
26.1646	4	0	1	LastDelay	0.00335826	3358.26	1	1
26.2396	0	0	1	LastDelay	0	0	1	0
26.2859	1	0	1	LastDelay	0	0	1	0
26.8865	5	0	1	LastDelay	0.00380696	3806.96	1	1
27.1612	4	0	1	LastDelay	0	0	1	0
27.3708	9	0	1	LastDelay	0.00334632	3346.32	1	1
27.8827	5	0	1	LastDelay	0	0	1	0
28.2435	0	0	1	LastDelay	0.0038358	3835.8	1	1
28.2938	21	0	1	LastDelay	0.00124088	1240.88	1	1
28.3675	9	0	1	LastDelay	0	0	1	0
29.2396	0	0	1	LastDelay	0	0	1	0
29.2926	21	0	1	LastDelay	0	0	1	0
31.1645	4	0	1	LastDelay	0.0033061	3306.1	1	1
31.2893	1	0	1	LastDelay	0.00333213	3332.13	1	1
31.3708	9	0	1	LastDelay	0.00330629	3306.29	1	1
31.886	5	0	1	LastDelay	0.00330616	3306.16	1	1
32.1612	4	0	1	LastDelay	0	0	1	0
32.2536	7	0	1	LastDelay	0.00357977	3579.77	1	1
32.2859	1	0	1	LastDelay	0	0	1	0
32.3675	9	0	1	LastDelay	0	0	1	0
32.8827	5	0	1	LastDelay	0	0	1	0
33.1646	4	0	1	LastDelay	0.0033321	3332.1	1	1
33.25	7	0	1	LastDelay	0	0	1	0
33.886	5	0	1	LastDelay	0.00330615	3306.15	1	1
34.1612	4	0	1	LastDelay	0	0	1	0
34.2893	1	0	1	LastDelay	0.00335826	3358.26	1	1
34.3377	10	0	1	LastDelay	0.00946209	9462.09	1	1
34.3708	9	0	1	LastDelay	0.00330659	3306.59	1	1
34.8827	5	0	1	LastDelay	0	0	1	0
35.1718	11	0	1	LastDelay	0.103658	103658	1	1
35.1991	32	0	1	LastDelay	4.5319e-05	45.319	1	1
35.2429	0	0	1	LastDelay	0.0033061	3306.1	1	1
35.253	7	0	1	LastDelay	0.00296793	2967.93	1	1
35.253	3	0	1	LastDelay	0.00394447	3944.47	1	1
35.253	44	0	1	LastDelay	0.00872379	8723.79	1	1
35.2859	1	0	1	LastDelay	0	0	1	0
35.3283	10	0	1	LastDelay	0	0	1	0
35.3675	9	0	1	LastDelay	0	0	1	0
35.3714	20	0	1	LastDelay	0.00332082	3320.82	1	1
35.8507	8	0	1	LastDelay	0.00330714	3307.14	1	1
36.0682	11	0	1	LastDelay	0	0	1	0
36.1783	26	0	1	LastDelay	0.00526316	5263.16	1	1
36.1988	6	0	1	LastDelay	0.00341023	3410.23	1	1
36.199	32	0	1	LastDelay	0	0	1	0
36.2396	0	0	1	LastDelay	0	0	1	0
36.2443	44	0	1	LastDelay	0	0	1	0
36.249	3	0	1	LastDelay	0	0	1	0
36.25	7	0	1	LastDelay	0	0	1	0
36.2894	1	0	1	LastDelay	0.00345771	3457.7	1	1
36.3681	20	0	1	LastDelay	0	0	1	0
36.8474	8	0	1	LastDelay	0	0	1	0
37.173	26	0	1	LastDelay	0	0	1	0
37.1954	6	0	1	LastDelay	0	0	1	0
37.243	0	0	1	LastDelay	0.0033191	3319.1	1	1
37.2859	1	0	1	LastDelay	0	0	1	0
37.9463	14	0	1	LastDelay	0.0033076	3307.6	1	1
38.1987	6	0	1	LastDelay	0.00331912	3319.12	1	1
38.2396	0	0	1	LastDelay	0	0	1	0
38.3323	15	0	1	LastDelay	0.00213739	2137.39	1	1
38.3715	20	0	1	LastDelay	0.00334048	3340.48	1	1
38.9429	14	0	1	LastDelay	0	0	1	0
39.0238	27	0	1	LastDelay	0.0033072	3307.2	1	1
39.1954	6	0	1	LastDelay	0	0	1	0
39.2024	32	0	1	LastDelay	0.00333202	3332.02	1	1
39.2201	2	0	1	LastDelay	0.00652425	6524.25	1	1
39.2429	0	0	1	LastDelay	0.0033074	3307.4	1	1
39.2519	3	0	1	LastDelay	0.00287137	2871.38	1	1
39.2897	1	0	1	LastDelay	0.0037734	3773.4	1	1
39.2931	21	0	1	LastDelay	0.000534889	534.889	1	1
39.3302	15	0	1	LastDelay	0	0	1	0
39.3681	20	0	1	LastDelay	0	0	1	0
39.3708	9	0	1	LastDelay	0.00330648	3306.48	1	1
40.0205	27	0	1	LastDelay	0	0	1	0
40.1976	6	0	1	LastDelay	0.00219024	2190.24	1	1
40.199	32	0	1	LastDelay	0	0	1	0
40.2007	13	0	1	LastDelay	0.00678707	6787.07	1	1
40.2136	2	0	1	LastDelay	0	0	1	0
40.2396	0	0	1	LastDelay	0	0	1	0
40.249	3	0	1	LastDelay	0	0	1	0
40.2859	1	0	1	LastDelay	0	0	1	0
40.2926	21	0	1	LastDelay	0	0	1	0
40.3316	10	0	1	LastDelay	0.00330602	3306.02	1	1
40.3316	15	0	1	LastDelay	0.0014232	1423.2	1	1
40.3675	9	0	1	LastDelay	0	0	1	0
40.3715	20	0	1	LastDelay	0.00337121	3371.21	1	1
40.886	5	0	1	LastDelay	0.00330615	3306.15	1	1
41.0238	27	0	1	LastDelay	0.00333357	3333.57	1	1
41.1939	13	0	1	LastDelay	0	0	1	0
41.1954	6	0	1	LastDelay	0	0	1	0
41.2517	3	0	1	LastDelay	0.00264615	2646.15	1	1
41.3283	10	0	1	LastDelay	0	0	1	0
41.3302	15	0	1	LastDelay	0	0	1	0
41.3681	20	0	1	LastDelay	0	0	1	0
41.8827	5	0	1	LastDelay	0	0	1	0
41.9477	14	0	1	LastDelay	0.00474585	4745.85	1	1
42.0205	27	0	1	LastDelay	0	0	1	0
42.0749	11	0	1	LastDelay	0.00674997	6749.97	1	1
42.1732	26	0	1	LastDelay	0.000191555	191.555	1	1
42.1972	6	0	1	LastDelay	0.00179512	1795.12	1	1
42.2048	32	0	1	LastDelay	0.00573612	5736.12	1	1
42.243	0	0	1	LastDelay	0.0033191	3319.1	1	1
42.249	3	0	1	LastDelay	0	0	1	0
42.251	7	0	1	LastDelay	0.000967423	967.423	1	1
42.251	12	0	1	LastDelay	0.00253869	2538.68	1	1
42.2887	1	0	1	LastDelay	0.00271753	2717.53	1	1
42.3319	15	0	1	LastDelay	0.00176618	1766.18	1	1
42.3743	20	0	1	LastDelay	0.00613451	6134.51	1	1
42.3743	9	0	1	LastDelay	0.00678908	6789.08	1	1
42.886	5	0	1	LastDelay	0.00331974	3319.74	1	1
42.9429	14	0	1	LastDelay	0	0	1	0
43.0682	11	0	1	LastDelay	0	0	1	0
43.0747	16	0	1	LastDelay	0.00707902	7079.02	1	1
43.087	17	0	1	LastDelay	0.0142035	14203.5	1	1
43.1646	4	0	1	LastDelay	0.00335811	3358.11	1	1
43.173	26	0	1	LastDelay	0	0	1	0
43.1954	6	0	1	LastDelay	0	0	1	0
43.199	32	0	1	LastDelay	0	0	1	0
43.2161	2	0	1	LastDelay	0.00252629	2526.29	1	1
43.2396	0	0	1	LastDelay	0	0	1	0
43.2485	12	0	1	LastDelay	0	0	1	0
43.25	7	0	1	LastDelay	0	0	1	0
43.2518	3	0	1	LastDelay	0.00271978	2719.78	1	1
43.2859	1	0	1	LastDelay	0	0	1	0
43.3302	15	0	1	LastDelay	0	0	1	0
43.3675	9	0	1	LastDelay	0	0	1	0
43.3681	20	0	1	LastDelay	0	0	1	0
43.8827	5	0	1	LastDelay	0	0	1	0
44.0676	16	0	1	LastDelay	0	0	1	0
44.0728	17	0	1	LastDelay	0	0	1	0
44.1612	4	0	1	LastDelay	0	0	1	0
44.2136	2	0	1	LastDelay	0	0	1	0
44.249	3	0	1	LastDelay	0	0	1	0
45.0721	11	0	1	LastDelay	0.00395591	3955.91	1	1
45.2006	6	0	1	LastDelay	0.00522186	5221.86	1	1
45.2006	13	0	1	LastDelay	0.00674721	6747.21	1	1
45.256	7	0	1	LastDelay	0.00602024	6020.24	1	1
45.256	12	0	1	LastDelay	0.00759141	7591.41	1	1
45.3389	15	0	1	LastDelay	0.00875464	8754.64	1	1
45.886	5	0	1	LastDelay	0.00334522	3345.22	1	1
46.0682	11	0	1	LastDelay	0	0	1	0
46.0709	16	0	1	LastDelay	0.00330686	3306.86	1	1
46.0743	17	0	1	LastDelay	0.0014993	1499.3	1	1
46.1939	13	0	1	LastDelay	0	0	1	0
46.1954	6	0	1	LastDelay	0	0	1	0
46.2485	12	0	1	LastDelay	0	0	1	0
46.25	7	0	1	LastDelay	0	0	1	0
46.3302	15	0	1	LastDelay	0	0	1	0
46.3316	10	0	1	LastDelay	0.00331926	3319.26	1	1
46.4176	22	0	1	LastDelay	0.00330792	3307.92	1	1
46.4336	29	0	1	LastDelay	0.00188489	1884.89	1	1
46.8827	5	0	1	LastDelay	0	0	1	0
46.8884	28	0	1	LastDelay	0.003769	3769	1	1
46.993	36	0	1	LastDelay	0.0033075	3307.5	1	1
47.0676	16	0	1	LastDelay	0	0	1	0
47.0728	17	0	1	LastDelay	0	0	1	0
47.1972	13	0	1	LastDelay	0.00330617	3306.17	1	1
47.1972	6	0	1	LastDelay	0.00178129	1781.29	1	1
47.2491	12	0	1	LastDelay	0.000694085	694.085	1	1
47.2581	20	0	1	LastDelay	0.889977	889977	1	1
47.2976	23	0	1	LastDelay	0.00243391	2433.91	1	1
47.3283	10	0	1	LastDelay	0	0	1	0
47.3335	15	0	1	LastDelay	0.00330619	3306.19	1	1
47.3681	20	0	1	LastDelay	0	0	1	0
47.4143	22	0	1	LastDelay	0	0	1	0
47.4318	29	0	1	LastDelay	0	0	1	0
47.5465	34	0	1	LastDelay	0.0033191	3319.1	1	1
47.8846	28	0	1	LastDelay	0	0	1	0
47.886	5	0	1	LastDelay	0.00331905	3319.05	1	1
47.9463	14	0	1	LastDelay	0.00331911	3319.11	1	1
47.9897	36	0	1	LastDelay	0	0	1	0
48.0461	40	0	1	LastDelay	0.003808	3808	1	1
48.0743	11	0	1	LastDelay	0.00612776	6127.76	1	1
48.0743	17	0	1	LastDelay	0.00147024	1470.24	1	1
48.1646	4	0	1	LastDelay	0.00333207	3332.07	1	1
48.1903	26	0	1	LastDelay	0.0172812	17281.2	1	1
48.1939	13	0	1	LastDelay	0	0	1	0
48.1954	6	0	1	LastDelay	0	0	1	0
48.2485	12	0	1	LastDelay	0	0	1	0
48.2522	7	0	1	LastDelay	0.00213611	2136.11	1	1
48.2522	44	0	1	LastDelay	0.00789246	7892.46	1	1
48.2877	1	0	1	LastDelay	0.00179734	1797.34	1	1
48.2952	23	0	1	LastDelay	0	0	1	0
48.3302	15	0	1	LastDelay	0	0	1	0
48.3316	10	0	1	LastDelay	0.00330602	3306.02	1	1
48.3719	20	0	1	LastDelay	0.00375985	3759.85	1	1
48.4264	35	0	1	LastDelay	0.0026744	2674.4	1	1
48.5432	34	0	1	LastDelay	0	0	1	0
48.8827	5	0	1	LastDelay	0	0	1	0
48.8884	28	0	1	LastDelay	0.003769	3769	1	1
48.923	18	0	1	LastDelay	0.00331992	3319.92	1	1
48.9429	14	0	1	LastDelay	0	0	1	0
48.9815	38	0	1	LastDelay	0.00330687	3306.87	1	1
48.9935	36	0	1	LastDelay	0.003769	3769	1	1
49.0423	40	0	1	LastDelay	0	0	1	0
49.0682	11	0	1	LastDelay	0	0	1	0
49.0728	17	0	1	LastDelay	0	0	1	0
49.1612	4	0	1	LastDelay	0	0	1	0
49.173	26	0	1	LastDelay	0	0	1	0
49.2004	6	0	1	LastDelay	0.00504895	5048.95	1	1
49.2004	13	0	1	LastDelay	0.00657396	6573.96	1	1
49.2443	44	0	1	LastDelay	0	0	1	0
49.25	7	0	1	LastDelay	0	0	1	0
49.2505	12	0	1	LastDelay	0.00207401	2074.01	1	1
49.2631	3	0	1	LastDelay	0.0140976	14097.6	1	1
49.2859	1	0	1	LastDelay	0	0	1	0
49.2868	42	0	1	LastDelay	0.00530914	5309.14	1	1
49.3283	10	0	1	LastDelay	0	0	1	0
49.3335	15	0	1	LastDelay	0.00331914	3319.14	1	1
49.3681	20	0	1	LastDelay	0	0	1	0
49.4176	22	0	1	LastDelay	0.00330649	3306.49	1	1
49.4237	35	0	1	LastDelay	0	0	1	0
49.5012	41	0	1	LastDelay	0.003306	3306	1	1
49.5465	34	0	1	LastDelay	0.003319	3319	1	1
49.8846	28	0	1	LastDelay	0	0	1	0
49.9196	18	0	1	LastDelay	0	0	1	0
49.9463	14	0	1	LastDelay	0.00331908	3319.08	1	1
49.9782	38	0	1	LastDelay	0	0	1	0
49.9897	36	0	1	LastDelay	0	0	1	0
50.0456	40	0	1	LastDelay	0.003358	3358	1	1
50.0751	11	0	1	LastDelay	0.00691909	6919.09	1	1
50.0816	17	0	1	LastDelay	0.00878622	8786.22	1	1
50.1455	46	0	1	LastDelay	0.003306	3306	1	1
50.1939	13	0	1	LastDelay	0	0	1	0
50.1954	6	0	1	LastDelay	0	0	1	0
50.2024	32	0	1	LastDelay	0.00335832	3358.32	1	1
50.246	0	0	1	LastDelay	0.00637725	6377.25	1	1
50.2485	12	0	1	LastDelay	0	0	1	0
50.249	3	0	1	LastDelay	0	0	1	0
50.2525	7	0	1	LastDelay	0.00249293	2492.93	1	1
50.2556	44	0	1	LastDelay	0.0113077	11307.7	1	1
50.2815	42	0	1	LastDelay	0	0	1	0
50.2892	1	0	1	LastDelay	0.00330666	3306.66	1	1
50.2954	21	0	1	LastDelay	0.00279661	2796.61	1	1
50.3283	10	0	1	LastDelay	3.4064e-05	34.064	1	1
50.3302	15	0	1	LastDelay	0	0	1	0
50.3747	20	0	1	LastDelay	0.00655223	6552.23	1	1
50.4143	22	0	1	LastDelay	0	0	1	0
50.427	35	0	1	LastDelay	0.003319	3319	1	1
50.4979	41	0	1	LastDelay	0	0	1	0
50.5432	34	0	1	LastDelay	0	0	1	0
50.5962	24	0	1	LastDelay	0.003319	3319	1	1
50.886	5	0	1	LastDelay	0.00330606	3306.06	1	1
50.9429	14	0	1	LastDelay	0	0	1	0
50.9816	38	0	1	LastDelay	0.003358	3358	1	1
51.0423	40	0	1	LastDelay	0	0	1	0
51.0682	11	0	1	LastDelay	0	0	1	0
51.0709	16	0	1	LastDelay	0.00330747	3307.47	1	1
51.0728	17	0	1	LastDelay	0	0	1	0
51.1422	46	0	1	LastDelay	0	0	1	0
51.1845	26	0	1	LastDelay	0.0114971	11497.1	1	1
51.199	32	0	1	LastDelay	0	0	1	0
51.2212	2	0	1	LastDelay	0.0075963	7596.3	1	1
51.2396	0	0	1	LastDelay	0	0	1	0
51.2443	44	0	1	LastDelay	0	0	1	0
51.25	7	0	1	LastDelay	0	0	1	0
51.2586	3	0	1	LastDelay	0.0095458	9545.8	1	1
51.2859	1	0	1	LastDelay	0	0	1	0
51.2926	21	0	1	LastDelay	0	0	1	0
51.2985	23	0	1	LastDelay	0.00330637	3306.37	1	1
51.3283	10	0	1	LastDelay	0	0	1	0
51.3681	20	0	1	LastDelay	0	0	1	0
51.3708	9	0	1	LastDelay	0.00332004	3320.04	1	1
51.4237	35	0	1	LastDelay	0	0	1	0
51.5012	41	0	1	LastDelay	0.003319	3319	1	1
51.5929	24	0	1	LastDelay	0	0	1	0
51.8827	5	0	1	LastDelay	0	0	1	0
51.896	39	0	1	LastDelay	0.00334523	3345.23	1	1
51.9782	38	0	1	LastDelay	0	0	1	0
52.0239	27	0	1	LastDelay	0.00335802	3358.02	1	1
52.0676	16	0	1	LastDelay	0	0	1	0
52.0777	17	0	1	LastDelay	0.00488798	4887.98	1	1
52.1456	46	0	1	LastDelay	0.003332	3332	1	1
52.173	26	0	1	LastDelay	0	0	1	0
52.1975	6	0	1	LastDelay	0.002138	2138	1	1
52.2136	2	0	1	LastDelay	0	0	1	0
52.2429	0	0	1	LastDelay	0.0033061	3306.1	1	1
52.249	3	0	1	LastDelay	0	0	1	0
52.2528	12	0	1	LastDelay	0.00430096	4300.96	1	1
52.2528	7	0	1	LastDelay	0.00273012	2730.12	1	1
52.2848	42	0	1	LastDelay	0.003319	3319	1	1
52.2879	1	0	1	LastDelay	0.00193232	1932.32	1	1
52.2952	23	0	1	LastDelay	0	0	1	0
52.3021	21	0	1	LastDelay	0.00948973	9489.73	1	1
52.3021	19	0	1	LastDelay	0.26345	263450	1	1
52.3302	10	0	1	LastDelay	0.0019188	1918.8	1	1
52.3302	15	0	1	LastDelay	3.5407e-05	35.407	1	1
52.3675	9	0	1	LastDelay	0	0	1	0
52.3718	20	0	1	LastDelay	0.00365161	3651.61	1	1
52.4176	22	0	1	LastDelay	0.0033069	3306.9	1	1
52.4241	35	0	1	LastDelay	0.00044321	443.21	1	1
52.4365	29	0	1	LastDelay	0.00475486	4754.86	1	1
52.4979	41	0	1	LastDelay	0	0	1	0
52.5057	33	0	1	LastDelay	0.00337244	3372.44	1	1
52.5371	45	0	1	LastDelay	0.00333203	3332.03	1	1
52.7553	37	0	1	LastDelay	0.00333342	3333.42	1	1
52.8507	8	0	1	LastDelay	0.00331913	3319.13	1	1
52.8926	39	0	1	LastDelay	0	0	1	0
52.9213	18	0	1	LastDelay	0.00165769	1657.69	1	1
52.9439	14	0	1	LastDelay	0.000990738	990.738	1	1
52.993	36	0	1	LastDelay	0.003306	3306	1	1
53.0205	27	0	1	LastDelay	0	0	1	0
53.0386	19	0	1	LastDelay	0	0	1	0
53.069	16	0	1	LastDelay	0.00145307	1453.07	1	1
53.069	11	0	1	LastDelay	0.000860296	860.296	1	1
53.0728	17	0	1	LastDelay	0	0	1	0
53.1422	46	0	1	LastDelay	0	0	1	0
53.1645	4	0	1	LastDelay	0.00330616	3306.16	1	1
53.1954	6	0	1	LastDelay	0	0	1	0
53.2354	2	0	1	LastDelay	0.0218413	21841.3	1	1
53.2396	0	0	1	LastDelay	0	0	1	0
53.2485	12	0	1	LastDelay	0	0	1	0
53.25	7	0	1	LastDelay	0	0	1	0
53.2815	42	0	1	LastDelay	0	0	1	0
53.2859	1	0	1	LastDelay	0	0	1	0
53.2926	21	0	1	LastDelay	0	0	1	0
53.2985	23	0	1	LastDelay	0.00330646	3306.46	1	1
53.3283	10	0	1	LastDelay	0	0	1	0
53.3302	15	0	1	LastDelay	0	0	1	0
53.3681	20	0	1	LastDelay	0	0	1	0
53.3786	43	0	1	LastDelay	0.003306	3306	1	1
53.4143	22	0	1	LastDelay	0	0	1	0
53.4237	35	0	1	LastDelay	0	0	1	0
53.4318	29	0	1	LastDelay	0	0	1	0
53.5023	33	0	1	LastDelay	0	0	1	0
53.5338	45	0	1	LastDelay	0	0	1	0
53.752	37	0	1	LastDelay	0	0	1	0
53.8474	8	0	1	LastDelay	0	0	1	0
53.9073	25	0	1	LastDelay	0.00330608	3306.08	1	1
53.9196	18	0	1	LastDelay	0	0	1	0
53.9429	14	0	1	LastDelay	0	0	1	0
53.9897	36	0	1	LastDelay	0	0	1	0
54.0492	19	0	1	LastDelay	0.010532	10532	1	1
54.0676	16	0	1	LastDelay	0	0	1	0
54.0682	11	0	1	LastDelay	0	0	1	0
54.1612	4	0	1	LastDelay	0	0	1	0
54.2136	2	0	1	LastDelay	0	0	1	0
54.2565	7	0	1	LastDelay	0.00650704	6507.04	1	1
54.2867	1	0	1	LastDelay	0.000749772	749.772	1	1
54.2952	23	0	1	LastDelay	0	0	1	0
54.296	21	0	1	LastDelay	0.00339254	3392.54	1	1
54.3316	10	0	1	LastDelay	0.00330735	3307.35	1	1
54.3316	15	0	1	LastDelay	0.00142395	1423.95	1	1
54.3719	20	0	1	LastDelay	0.00378804	3788.04	1	1
54.3753	43	0	1	LastDelay	0	0	1	0
54.429	35	0	1	LastDelay	0.00528471	5284.71	1	1
54.886	5	0	1	LastDelay	0.00331906	3319.06	1	1
54.904	25	0	1	LastDelay	0	0	1	0
54.923	18	0	1	LastDelay	0.00332007	3320.07	1	1
54.9463	14	0	1	LastDelay	0.00330656	3306.56	1	1
55.0386	19	0	1	LastDelay	0	0	1	0
55.0456	40	0	1	LastDelay	0.00330772	3307.72	1	1
55.0774	17	0	1	LastDelay	0.00456852	4568.52	1	1
55.0774	11	0	1	LastDelay	0.0092268	9226.8	1	1
55.1455	46	0	1	LastDelay	0.00330733	3307.33	1	1
55.1645	4	0	1	LastDelay	0.00330616	3306.16	1	1
55.2078	6	0	1	LastDelay	0.0124462	12446.2	1	1
55.2411	0	0	1	LastDelay	0.00143912	1439.12	1	1
55.25	7	0	1	LastDelay	0	0	1	0
55.2511	12	0	1	LastDelay	0.00267717	2677.17	1	1
55.2511	3	0	1	LastDelay	0.00208299	2082.99	1	1
55.2859	1	0	1	LastDelay	0	0	1	0
55.2926	21	0	1	LastDelay	0	0	1	0
55.3218	23	0	1	LastDelay	0.0266503	26650.3	1	1
55.3283	10	0	1	LastDelay	0	0	1	0
55.3302	15	0	1	LastDelay	0	0	1	0
55.3681	20	0	1	LastDelay	0	0	1	0
55.3708	9	0	1	LastDelay	0.00337281	3372.81	1	1
55.4176	22	0	1	LastDelay	0.00331958	3319.58	1	1
55.4237	35	0	1	LastDelay	0	0	1	0
55.8827	5	0	1	LastDelay	0	0	1	0
55.9196	18	0	1	LastDelay	0	0	1	0
55.9429	14	0	1	LastDelay	0	0	1	0
56.0423	40	0	1	LastDelay	0	0	1	0
56.0485	19	0	1	LastDelay	0.00985774	9857.74	1	1
56.0682	11	0	1	LastDelay	0	0	1	0
56.0709	16	0	1	LastDelay	0.00330605	3306.05	1	1
56.0728	17	0	1	LastDelay	0	0	1	0
56.1422	46	0	1	LastDelay	0	0	1	0
56.1612	4	0	1	LastDelay	0	0	1	0
56.1764	26	0	1	LastDelay	0.00331912	3319.12	1	1
56.1954	6	0	1	LastDelay	0	0	1	0
56.2025	32	0	1	LastDelay	0.00347225	3472.25	1	1
56.2396	0	0	1	LastDelay	0	0	1	0
56.2476	44	0	1	LastDelay	0.003358	3358	1	1
56.2485	12	0	1	LastDelay	0	0	1	0
56.249	3	0	1	LastDelay	0	0	1	0
56.2896	1	0	1	LastDelay	0.0036353	3635.3	1	1
56.2949	21	0	1	LastDelay	0.00233927	2339.26	1	1
56.2952	23	0	1	LastDelay	0	0	1	0
56.3323	15	0	1	LastDelay	0.00212326	2123.26	1	1
56.3675	9	0	1	LastDelay	0	0	1	0
56.3714	20	0	1	LastDelay	0.00332071	3320.71	1	1
56.4143	22	0	1	LastDelay	0	0	1	0
56.886	5	0	1	LastDelay	0.00331902	3319.02	1	1
56.9229	18	0	1	LastDelay	0.0033067	3306.7	1	1
56.9436	14	0	1	LastDelay	0.000606641	606.641	1	1
57.0386	19	0	1	LastDelay	0	0	1	0
57.0676	16	0	1	LastDelay	0	0	1	0
57.0715	11	0	1	LastDelay	0.0033061	3306.1	1	1
57.0756	17	0	1	LastDelay	0.00277566	2775.66	1	1
57.173	26	0	1	LastDelay	0	0	1	0
57.199	32	0	1	LastDelay	0	0	1	0
57.202	6	0	1	LastDelay	0.00660011	6600.11	1	1
57.2429	0	0	1	LastDelay	0.00330635	3306.35	1	1
57.2443	44	0	1	LastDelay	0	0	1	0
57.2502	12	0	1	LastDelay	0.00170478	1704.78	1	1
57.2859	1	0	1	LastDelay	0	0	1	0
57.2926	21	0	1	LastDelay	0	0	1	0
57.2983	23	0	1	LastDelay	0.00313703	3137.03	1	1
57.3302	15	0	1	LastDelay	0	0	1	0
57.3681	20	0	1	LastDelay	0	0	1	0
57.8827	5	0	1	LastDelay	0	0	1	0
57.9196	18	0	1	LastDelay	0	0	1	0
57.9429	14	0	1	LastDelay	0	0	1	0
58.0423	19	0	1	LastDelay	0.00367598	3675.98	1	1
58.0682	11	0	1	LastDelay	0	0	1	0
58.0709	16	0	1	LastDelay	0.00330606	3306.06	1	1
58.0728	17	0	1	LastDelay	0	0	1	0
58.1645	4	0	1	LastDelay	0.00330786	3307.86	1	1
58.1954	6	0	1	LastDelay	0	0	1	0
58.2396	0	0	1	LastDelay	0	0	1	0
58.2485	12	0	1	LastDelay	0	0	1	0
58.2877	1	0	1	LastDelay	0.00178993	1789.93	1	1
58.2952	23	0	1	LastDelay	0	0	1	0
58.332	15	0	1	LastDelay	0.00179184	1791.84	1	1
58.4367	29	0	1	LastDelay	0.00495251	4952.51	1	1
58.5465	34	0	1	LastDelay	0.00330603	3306.03	1	1
58.9229	18	0	1	LastDelay	0.00330704	3307.04	1	1
59.0386	19	0	1	LastDelay	0	0	1	0
59.0456	40	0	1	LastDelay	0.003306	3306	1	1
59.0676	16	0	1	LastDelay	0	0	1	0
59.0763	17	0	1	LastDelay	0.00350059	3500.59	1	1
59.1612	4	0	1	LastDelay	0	0	1	0
59.2434	0	0	1	LastDelay	0.00371612	3716.12	1	1
59.2506	12	0	1	LastDelay	0.00211416	2114.16	1	1
59.2841	42	0	1	LastDelay	0.00263683	2636.83	1	1
59.2859	1	0	1	LastDelay	0	0	1	0
59.3302	15	0	1	LastDelay	0	0	1	0
59.335	10	0	1	LastDelay	0.00669704	6697.04	1	1
59.3384	23	0	1	LastDelay	0.0432163	43216.3	1	1
59.4255	35	0	1	LastDelay	0.00181716	1817.16	1	1
59.4318	29	0	1	LastDelay	0	0	1	0
59.5432	34	0	1	LastDelay	0	0	1	0
59.9196	18	0	1	LastDelay	0	0	1	0
59.993	36	0	1	LastDelay	0.003306	3306	1	1
60.0423	40	0	1	LastDelay	0	0	1	0
60.0709	16	0	1	LastDelay	0.00331905	3319.05	1	1
60.0709	11	0	1	LastDelay	0.00272632	2726.32	1	1
60.0728	17	0	1	LastDelay	0	0	1	0
60.1994	6	0	1	LastDelay	0.00398656	3986.56	1	1
60.2396	0	0	1	LastDelay	0	0	1	0
60.2485	12	0	1	LastDelay	0	0	1	0
60.2533	7	0	1	LastDelay	0.00330609	3306.09	1	1
60.2815	42	0	1	LastDelay	0	0	1	0
60.2952	23	0	1	LastDelay	0	0	1	0
60.3283	10	0	1	LastDelay	0	0	1	0
60.3335	15	0	1	LastDelay	0.00332049	3320.49	1	1
60.4237	35	0	1	LastDelay	0	0	1	0
60.4351	29	0	1	LastDelay	0.00331912	3319.12	1	1
60.6316	30	0	1	LastDelay	0.003319	3319	1	1
60.886	5	0	1	LastDelay	0.0033061	3306.1	1	1
60.9463	14	0	1	LastDelay	0.00330627	3306.27	1	1
60.9897	36	0	1	LastDelay	0	0	1	0
61.052	40	0	1	LastDelay	0.00968259	9682.59	1	1
61.0676	16	0	1	LastDelay	0	0	1	0
61.0682	11	0	1	LastDelay	0	0	1	0
61.0765	17	0	1	LastDelay	0.00364969	3649.69	1	1
61.1954	6	0	1	LastDelay	0	0	1	0
61.2006	13	0	1	LastDelay	0.00669248	6692.48	1	1
61.2461	0	0	1	LastDelay	0.00642926	6429.26	1	1
61.25	7	0	1	LastDelay	0	0	1	0
61.2533	12	0	1	LastDelay	0.00481427	4814.27	1	1
61.304	1	0	1	LastDelay	0.0180329	18032.9	1	1
61.3173	23	0	1	LastDelay	0.0221403	22140.3	1	1
61.3302	15	0	1	LastDelay	0	0	1	0
61.3336	10	0	1	LastDelay	0.00531204	5312.04	1	1
61.3714	20	0	1	LastDelay	0.00330608	3306.08	1	1
61.4318	29	0	1	LastDelay	0	0	1	0
61.5465	34	0	1	LastDelay	0.003306	3306	1	1
61.5993	24	0	1	LastDelay	0.00637903	6379.03	1	1
61.6283	30	0	1	LastDelay	0	0	1	0
61.8827	5	0	1	LastDelay	0	0	1	0
61.9429	14	0	1	LastDelay	0	0	1	0
61.993	36	0	1	LastDelay	0.00330675	3306.75	1	1
62.0406	19	0	1	LastDelay	0.00193045	1930.45	1	1
62.0423	40	0	1	LastDelay	0	0	1	0
62.0728	17	0	1	LastDelay	0	0	1	0
62.0754	11	0	1	LastDelay	0.0071862	7186.2	1	1
62.0754	16	0	1	LastDelay	0.00777904	7779.04	1	1
62.1676	4	0	1	LastDelay	0.00639056	6390.56	1	1
62.1745	26	0	1	LastDelay	0.00142561	1425.61	1	1
62.1939	13	0	1	LastDelay	0	0	1	0
62.1989	6	0	1	LastDelay	0.00349811	3498.11	1	1
62.2085	32	0	1	LastDelay	0.00941406	9414.06	1	1
62.2396	0	0	1	LastDelay	0	0	1	0
62.2453	44	0	1	LastDelay	0.00103354	1033.54	1	1
62.2485	12	0	1	LastDelay	0	0	1	0
62.2491	3	0	1	LastDelay	7.854e-05	78.54	1	1
62.2538	7	0	1	LastDelay	0.00376911	3769.11	1	1
62.2859	1	0	1	LastDelay	0	0	1	0
62.2952	23	0	1	LastDelay	0	0	1	0
62.3283	10	0	1	LastDelay	0	0	1	0
62.3335	15	0	1	LastDelay	0.00330614	3306.14	1	1
62.3681	20	0	1	LastDelay	0	0	1	0
62.3708	9	0	1	LastDelay	0.00330626	3306.26	1	1
62.4338	29	0	1	LastDelay	0.00200559	2005.59	1	1
62.5012	41	0	1	LastDelay	0.00331909	3319.09	1	1
62.5432	34	0	1	LastDelay	0	0	1	0
62.5929	24	0	1	LastDelay	0	0	1	0
62.8942	28	0	1	LastDelay	0.00962038	9620.38	1	1
62.9229	18	0	1	LastDelay	0.0033062	3306.2	1	1
62.9463	14	0	1	LastDelay	0.00330608	3306.08	1	1
62.9815	38	0	1	LastDelay	0.003319	3319	1	1
62.9897	36	0	1	LastDelay	0	0	1	0
63.0386	19	0	1	LastDelay	0	0	1	0
63.0456	40	0	1	LastDelay	0.003306	3306	1	1
63.0676	16	0	1	LastDelay	0	0	1	0
63.0682	11	0	1	LastDelay	0	0	1	0
63.0761	17	0	1	LastDelay	0.0033061	3306.1	1	1
63.1612	4	0	1	LastDelay	0	0	1	0
63.173	26	0	1	LastDelay	0	0	1	0
63.1954	6	0	1	LastDelay	0	0	1	0
63.199	32	0	1	LastDelay	0	0	1	0
63.2443	44	0	1	LastDelay	0	0	1	0
63.249	3	0	1	LastDelay	0	0	1	0
63.25	7	0	1	LastDelay	0	0	1	0
63.2546	12	0	1	LastDelay	0.00618854	6188.53	1	1
63.3084	23	0	1	LastDelay	0.0131769	13176.9	1	1
63.3302	15	0	1	LastDelay	0	0	1	0
63.3675	9	0	1	LastDelay	0	0	1	0
63.3714	20	0	1	LastDelay	0.00330602	3306.02	1	1
63.418	22	0	1	LastDelay	0.00367561	3675.61	1	1
63.4318	29	0	1	LastDelay	0	0	1	0
63.4356	35	0	1	LastDelay	0.0119296	11929.6	1	1
63.4979	41	0	1	LastDelay	0	0	1	0
63.5465	34	0	1	LastDelay	0.003306	3306	1	1
63.6316	30	0	1	LastDelay	0.00334563	3345.63	1	1
63.8846	28	0	1	LastDelay	0	0	1	0
63.886	5	0	1	LastDelay	0.0033062	3306.2	1	1
63.9196	18	0	1	LastDelay	0	0	1	0
63.9429	14	0	1	LastDelay	0	0	1	0
63.9782	38	0	1	LastDelay	0	0	1	0
63.9931	36	0	1	LastDelay	0.003345	3345	1	1
64.0423	40	0	1	LastDelay	0	0	1	0
64.0436	19	0	1	LastDelay	0.00491005	4910.05	1	1
64.0728	17	0	1	LastDelay	0	0	1	0
64.0785	11	0	1	LastDelay	0.0102822	10282.2	1	1
64.1645	4	0	1	LastDelay	0.00330607	3306.07	1	1
64.1748	26	0	1	LastDelay	0.00175663	1756.63	1	1
64.2485	12	0	1	LastDelay	0	0	1	0
64.2564	7	0	1	LastDelay	0.00640852	6408.52	1	1
64.2622	3	0	1	LastDelay	0.0131035	13103.5	1	1
64.2622	44	0	1	LastDelay	0.0178828	17882.8	1	1
64.2848	42	0	1	LastDelay	0.003306	3306	1	1
64.2918	1	0	1	LastDelay	0.00589815	5898.15	1	1
64.2952	23	0	1	LastDelay	0	0	1	0
64.3312	10	0	1	LastDelay	0.00291738	2917.39	1	1
64.3312	15	0	1	LastDelay	0.00103401	1034.01	1	1
64.3681	20	0	1	LastDelay	0	0	1	0
64.3805	9	0	1	LastDelay	0.0129961	12996.1	1	1
64.4143	22	0	1	LastDelay	0	0	1	0
64.4237	35	0	1	LastDelay	0	0	1	0
64.4351	29	0	1	LastDelay	0.00330762	3307.62	1	1
64.5012	41	0	1	LastDelay	0.003332	3332	1	1
64.5432	34	0	1	LastDelay	0	0	1	0
64.6283	30	0	1	LastDelay	0	0	1	0
64.8827	5	0	1	LastDelay	0	0	1	0
64.8879	28	0	1	LastDelay	0.00330678	3306.78	1	1
64.9431	14	0	1	LastDelay	0.000106901	106.901	1	1
64.9816	38	0	1	LastDelay	0.00335922	3359.22	1	1
64.9897	36	0	1	LastDelay	0	0	1	0
65.0386	19	0	1	LastDelay	0	0	1	0
65.0682	11	0	1	LastDelay	0	0	1	0
65.0709	16	0	1	LastDelay	0.0033061	3306.1	1	1
65.0748	17	0	1	LastDelay	0.0019441	1944.1	1	1
65.1612	4	0	1	LastDelay	0	0	1	0
65.173	26	0	1	LastDelay	0	0	1	0
65.2023	32	0	1	LastDelay	0.00330602	3306.02	1	1
65.2443	44	0	1	LastDelay	0	0	1	0
65.249	3	0	1	LastDelay	0	0	1	0
65.2495	12	0	1	LastDelay	0.00101775	1017.75	1	1
65.25	7	0	1	LastDelay	0	0	1	0
65.2815	42	0	1	LastDelay	0	0	1	0
65.2859	1	0	1	LastDelay	0	0	1	0
65.2959	21	0	1	LastDelay	0.00330602	3306.02	1	1
65.2959	23	0	1	LastDelay	0.000737867	737.867	1	1
65.3283	10	0	1	LastDelay	0	0	1	0
65.3302	15	0	1	LastDelay	0	0	1	0
65.3675	9	0	1	LastDelay	0	0	1	0
65.4318	29	0	1	LastDelay	0	0	1	0
65.4979	41	0	1	LastDelay	0	0	1	0
65.5962	24	0	1	LastDelay	0.00330643	3306.43	1	1
65.6316	30	0	1	LastDelay	0.00330689	3306.89	1	1
65.8846	28	0	1	LastDelay	0	0	1	0
65.9097	25	0	1	LastDelay	0.00565462	5654.62	1	1
65.9429	14	0	1	LastDelay	0	0	1	0
65.9782	38	0	1	LastDelay	0	0	1	0
66.0394	19	0	1	LastDelay	0.000774549	774.549	1	1
66.0676	16	0	1	LastDelay	0	0	1	0
66.0728	17	0	1	LastDelay	0	0	1	0
66.1455	46	0	1	LastDelay	0.00330605	3306.05	1	1
66.178	26	0	1	LastDelay	0.00497091	4970.9	1	1
66.1975	13	0	1	LastDelay	0.00360531	3605.31	1	1
66.199	32	0	1	LastDelay	0	0	1	0
66.2062	6	0	1	LastDelay	0.0107605	10760.5	1	1
66.2485	12	0	1	LastDelay	0	0	1	0
66.2534	3	0	1	LastDelay	0.00433893	4338.93	1	1
66.2883	1	0	1	LastDelay	0.00232615	2326.15	1	1
66.2926	21	0	1	LastDelay	0	0	1	0
66.2952	23	0	1	LastDelay	0	0	1	0
66.3708	9	0	1	LastDelay	0.00333207	3332.07	1	1
66.378	43	0	1	LastDelay	0.00272705	2727.05	1	1
66.4254	35	0	1	LastDelay	0.00169461	1694.61	1	1
66.4331	29	0	1	LastDelay	0.00130395	1303.95	1	1
66.5012	41	0	1	LastDelay	0.003306	3306	1	1
66.5497	34	0	1	LastDelay	0.00649712	6497.12	1	1
66.5929	24	0	1	LastDelay	0	0	1	0
66.6283	30	0	1	LastDelay	0	0	1	0
66.8863	28	0	1	LastDelay	0.00173297	1732.97	1	1
66.904	25	0	1	LastDelay	0	0	1	0
66.9463	14	0	1	LastDelay	0.00330627	3306.27	1	1
66.993	36	0	1	LastDelay	0.00330612	3306.12	1	1
67.0386	19	0	1	LastDelay	0	0	1	0
67.0456	40	0	1	LastDelay	0.00331974	3319.74	1	1
67.0762	17	0	1	LastDelay	0.00333413	3334.13	1	1
67.1422	46	0	1	LastDelay	0	0	1	0
67.1645	4	0	1	LastDelay	0.0033061	3306.1	1	1
67.173	26	0	1	LastDelay	0	0	1	0
67.1939	13	0	1	LastDelay	0	0	1	0
67.1954	6	0	1	LastDelay	0	0	1	0
67.2024	32	0	1	LastDelay	0.00334524	3345.24	1	1
67.249	3	0	1	LastDelay	0	0	1	0
67.2533	7	0	1	LastDelay	0.00330609	3306.09	1	1
67.2547	12	0	1	LastDelay	0.00621802	6218.02	1	1
67.2848	42	0	1	LastDelay	0.003332	3332	1	1
67.2859	1	0	1	LastDelay	0	0	1	0
67.3027	23	0	1	LastDelay	0.00749158	7491.58	1	1
67.3353	15	0	1	LastDelay	0.00518086	5180.86	1	1
67.3675	9	0	1	LastDelay	0	0	1	0
67.37	20	0	1	LastDelay	0.00184123	1841.23	1	1
67.3753	43	0	1	LastDelay	0	0	1	0
67.4176	22	0	1	LastDelay	0.00330621	3306.21	1	1
67.4237	35	0	1	LastDelay	0	0	1	0
67.4318	29	0	1	LastDelay	0	0	1	0
67.4979	41	0	1	LastDelay	0	0	1	0
67.5432	34	0	1	LastDelay	0	0	1	0
67.6316	30	0	1	LastDelay	0.00333212	3332.12	1	1
67.8846	28	0	1	LastDelay	0	0	1	0
67.886	5	0	1	LastDelay	0.0033062	3306.2	1	1
67.9059	25	0	1	LastDelay	0.00183132	1831.32	1	1
67.9233	18	0	1	LastDelay	0.00366796	3667.96	1	1
67.9429	14	0	1	LastDelay	0	0	1	0
67.9897	36	0	1	LastDelay	0	0	1	0
68.0423	40	0	1	LastDelay	0	0	1	0
68.0709	16	0	1	LastDelay	0.00330619	3306.19	1	1
68.0728	17	0	1	LastDelay	0	0	1	0
68.0777	11	0	1	LastDelay	0.00956785	9567.85	1	1
68.1455	46	0	1	LastDelay	0.003306	3306	1	1
68.1612	4	0	1	LastDelay	0	0	1	0
68.1794	26	0	1	LastDelay	0.00639086	6390.86	1	1
68.1966	6	0	1	LastDelay	0.00119928	1199.28	1	1
68.199	32	0	1	LastDelay	0	0	1	0
68.2032	13	0	1	LastDelay	0.00932975	9329.75	1	1
68.2413	0	0	1	LastDelay	0.00167112	1671.12	1	1
68.2485	12	0	1	LastDelay	0	0	1	0
68.25	7	0	1	LastDelay	0	0	1	0
68.2517	3	0	1	LastDelay	0.00269878	2698.78	1	1
68.2815	42	0	1	LastDelay	0	0	1	0
68.2936	1	0	1	LastDelay	0.00764227	7642.27	1	1
68.2952	23	0	1	LastDelay	0	0	1	0
68.2974	21	0	1	LastDelay	0.00481279	4812.79	1	1
68.3295	10	0	1	LastDelay	0.00117436	1174.36	1	1
68.3302	15	0	1	LastDelay	0	0	1	0
68.3681	20	0	1	LastDelay	0	0	1	0
68.4143	22	0	1	LastDelay	0	0	1	0
68.427	35	0	1	LastDelay	0.003306	3306	1	1
68.4322	29	0	1	LastDelay	0.000425866	425.866	1	1
68.5012	41	0	1	LastDelay	0.00330617	3306.17	1	1
68.5465	34	0	1	LastDelay	0.00330611	3306.11	1	1
68.6038	24	0	1	LastDelay	0.0109142	10914.2	1	1
68.6283	30	0	1	LastDelay	0	0	1	0
68.8827	5	0	1	LastDelay	0	0	1	0
68.8913	28	0	1	LastDelay	0.00672361	6723.61	1	1
68.904	25	0	1	LastDelay	0	0	1	0
68.9196	18	0	1	LastDelay	0	0	1	0
69.0443	40	0	1	LastDelay	0.0020442	2044.2	1	1
69.0443	19	0	1	LastDelay	0.00568763	5687.63	1	1
69.0676	16	0	1	LastDelay	0	0	1	0
69.0682	11	0	1	LastDelay	0	0	1	0
69.1422	46	0	1	LastDelay	0	0	1	0
69.173	26	0	1	LastDelay	0	0	1	0
69.1939	13	0	1	LastDelay	0	0	1	0
69.1954	6	0	1	LastDelay	0	0	1	0
69.2024	32	0	1	LastDelay	0.00334514	3345.14	1	1
69.2396	0	0	1	LastDelay	0	0	1	0
69.249	3	0	1	LastDelay	0	0	1	0
69.2571	12	0	1	LastDelay	0.0086508	8650.8	1	1
69.2848	42	0	1	LastDelay	0.003306	3306	1	1
69.2859	1	0	1	LastDelay	0	0	1	0
69.2926	21	0	1	LastDelay	0	0	1	0
69.3283	10	0	1	LastDelay	0	0	1	0
69.4237	35	0	1	LastDelay	0	0	1	0
69.4318	29	0	1	LastDelay	0	0	1	0
69.4979	41	0	1	LastDelay	0	0	1	0
69.5432	34	0	1	LastDelay	0	0	1	0
69.5929	24	0	1	LastDelay	0	0	1	0
69.6319	30	0	1	LastDelay	0.00364929	3649.29	1	1
69.8846	28	0	1	LastDelay	0	0	1	0
69.9229	18	0	1	LastDelay	0.0033064	3306.4	1	1
70.0386	19	0	1	LastDelay	0	0	1	0
70.0423	40	0	1	LastDelay	0	0	1	0
70.0761	17	0	1	LastDelay	0.00323926	3239.26	1	1
70.1812	26	0	1	LastDelay	0.00814433	8144.33	1	1
70.1975	6	0	1	LastDelay	0.00207124	2071.24	1	1
70.199	32	0	1	LastDelay	0	0	1	0
70.2434	0	0	1	LastDelay	0.00376677	3766.77	1	1
70.2485	12	0	1	LastDelay	0	0	1	0
70.26	7	0	1	LastDelay	0.0099893	9989.3	1	1
70.2815	42	0	1	LastDelay	0	0	1	0
70.3004	23	0	1	LastDelay	0.00527283	5272.83	1	1
70.3298	10	0	1	LastDelay	0.00154506	1545.06	1	1
70.3336	15	0	1	LastDelay	0.00345912	3459.12	1	1
70.3721	20	0	1	LastDelay	0.00398397	3983.97	1	1
70.4394	29	0	1	LastDelay	0.00765379	7653.79	1	1
70.5465	34	0	1	LastDelay	0.00330621	3306.21	1	1
70.5996	24	0	1	LastDelay	0.0067211	6721.1	1	1
70.6283	30	0	1	LastDelay	0	0	1	0
70.8863	28	0	1	LastDelay	0.00173253	1732.54	1	1
70.9085	25	0	1	LastDelay	0.00449369	4493.69	1	1
70.9196	18	0	1	LastDelay	0	0	1	0
70.9463	14	0	1	LastDelay	0.00330602	3306.02	1	1
71.0238	27	0	1	LastDelay	0.00331961	3319.61	1	1
71.0709	16	0	1	LastDelay	0.00331919	3319.19	1	1
71.0709	11	0	1	LastDelay	0.00272646	2726.46	1	1
71.0728	17	0	1	LastDelay	0	0	1	0
71.1645	4	0	1	LastDelay	0.00330602	3306.02	1	1
71.173	26	0	1	LastDelay	0	0	1	0
71.1954	6	0	1	LastDelay	0	0	1	0
71.1998	13	0	1	LastDelay	0.00591704	5917.03	1	1
71.2396	0	0	1	LastDelay	0	0	1	0
71.25	7	0	1	LastDelay	0	0	1	0
71.2518	12	0	1	LastDelay	0.00330615	3306.15	1	1
71.2829	42	0	1	LastDelay	0.00147049	1470.49	1	1
71.286	1	0	1	LastDelay	9.4776e-05	94.776	1	1
71.2952	23	0	1	LastDelay	0	0	1	0
71.3002	21	0	1	LastDelay	0.00764198	7641.98	1	1
71.3283	10	0	1	LastDelay	0	0	1	0
71.3302	15	0	1	LastDelay	0	0	1	0
71.3681	20	0	1	LastDelay	0	0	1	0
71.4176	22	0	1	LastDelay	0.00330667	3306.67	1	1
71.4318	29	0	1	LastDelay	0	0	1	0
71.5432	34	0	1	LastDelay	0	0	1	0
71.5929	24	0	1	LastDelay	0	0	1	0
71.8846	28	0	1	LastDelay	0	0	1	0
71.886	5	0	1	LastDelay	0.00331916	3319.16	1	1
71.904	25	0	1	LastDelay	0	0	1	0
71.9429	14	0	1	LastDelay	0	0	1	0
72.0205	27	0	1	LastDelay	0	0	1	0
72.0427	40	0	1	LastDelay	0.000374893	374.893	1	1
72.0676	16	0	1	LastDelay	0	0	1	0
72.0682	11	0	1	LastDelay	0	0	1	0
72.1612	4	0	1	LastDelay	0	0	1	0
72.1939	13	0	1	LastDelay	0	0	1	0
72.2485	12	0	1	LastDelay	0	0	1	0
72.2815	42	0	1	LastDelay	0	0	1	0
72.2859	1	0	1	LastDelay	0	0	1	0
72.2926	21	0	1	LastDelay	0	0	1	0
72.3316	10	0	1	LastDelay	0.0033191	3319.1	1	1
72.3316	15	0	1	LastDelay	0.0014357	1435.7	1	1
72.4143	22	0	1	LastDelay	0	0	1	0
72.5012	41	0	1	LastDelay	0.003319	3319	1	1
72.6316	30	0	1	LastDelay	0.00330655	3306.55	1	1
72.8827	5	0	1	LastDelay	0	0	1	0
72.993	36	0	1	LastDelay	0.003332	3332	1	1
73.0423	40	0	1	LastDelay	0	0	1	0
73.0852	17	0	1	LastDelay	0.0124046	12404.6	1	1
73.1746	26	0	1	LastDelay	0.00161435	1614.35	1	1
73.2061	6	0	1	LastDelay	0.010699	10699	1	1
73.2549	12	0	1	LastDelay	0.00649188	6491.88	1	1
73.2924	1	0	1	LastDelay	0.00647761	6477.61	1	1
73.2994	23	0	1	LastDelay	0.00423006	4230.06	1	1
73.3283	10	0	1	LastDelay	0	0	1	0
73.3302	15	0	1	LastDelay	0	0	1	0
73.3714	20	0	1	LastDelay	0.00330605	3306.05	1	1
73.4979	41	0	1	LastDelay	0	0	1	0
73.5966	24	0	1	LastDelay	0.00367566	3675.66	1	1
73.6283	30	0	1	LastDelay	0	0	1	0
73.8921	28	0	1	LastDelay	0.00754448	7544.48	1	1
73.9073	25	0	1	LastDelay	0.00324151	3241.51	1	1
73.9202	18	0	1	LastDelay	0.000607454	607.454	1	1
73.9576	14	0	1	LastDelay	0.0146379	14637.9	1	1
73.9897	36	0	1	LastDelay	0	0	1	0
74.0238	27	0	1	LastDelay	0.00330682	3306.82	1	1
74.0459	40	0	1	LastDelay	0.00361364	3613.64	1	1
74.0709	11	0	1	LastDelay	0.00272632	2726.32	1	1
74.0709	16	0	1	LastDelay	0.00331915	3319.15	1	1
74.0728	17	0	1	LastDelay	0	0	1	0
74.173	26	0	1	LastDelay	0	0	1	0
74.1954	6	0	1	LastDelay	0	0	1	0
74.246	0	0	1	LastDelay	0.0064032	6403.2	1	1
74.2485	12	0	1	LastDelay	0	0	1	0
74.2848	42	0	1	LastDelay	0.00330611	3306.11	1	1
74.2859	1	0	1	LastDelay	0	0	1	0
74.2952	23	0	1	LastDelay	0	0	1	0
74.2959	21	0	1	LastDelay	0.00330677	3306.77	1	1
74.3477	15	0	1	LastDelay	0.0175428	17542.8	1	1
74.3681	20	0	1	LastDelay	0	0	1	0
74.4176	22	0	1	LastDelay	0.0033062	3306.2	1	1
74.4361	29	0	1	LastDelay	0.00433475	4334.75	1	1
74.5929	24	0	1	LastDelay	0	0	1	0
74.8846	28	0	1	LastDelay	0	0	1	0
74.8926	5	0	1	LastDelay	0.009962	9962	1	1
74.904	25	0	1	LastDelay	0	0	1	0
74.9196	18	0	1	LastDelay	0	0	1	0
74.9429	14	0	1	LastDelay	0	0	1	0
75.0205	27	0	1	LastDelay	0	0	1	0
75.0423	40	0	1	LastDelay	0	0	1	0
75.0676	16	0	1	LastDelay	0	0	1	0
75.0682	11	0	1	LastDelay	0	0	1	0
75.1645	4	0	1	LastDelay	0.0033061	3306.1	1	1
75.1755	26	0	1	LastDelay	0.00248123	2481.23	1	1
75.2003	6	0	1	LastDelay	0.00488437	4884.37	1	1
75.2003	32	0	1	LastDelay	0.00124107	1241.07	1	1
75.2071	13	0	1	LastDelay	0.0132041	13204.1	1	1
75.2396	0	0	1	LastDelay	0	0	1	0
75.2488	12	0	1	LastDelay	0.000295125	295.125	1	1
75.2534	7	0	1	LastDelay	0.00335808	3358.08	1	1
75.266	3	0	1	LastDelay	0.0169319	16931.9	1	1
75.2815	42	0	1	LastDelay	0	0	1	0
75.2926	21	0	1	LastDelay	0	0	1	0
75.3016	23	0	1	LastDelay	0.00646996	6469.96	1	1
75.3302	15	0	1	LastDelay	0	0	1	0
75.3316	10	0	1	LastDelay	0.00330606	3306.06	1	1
75.4143	22	0	1	LastDelay	0	0	1	0
75.4318	29	0	1	LastDelay	0	0	1	0
75.5993	24	0	1	LastDelay	0.00637754	6377.54	1	1
75.8827	5	0	1	LastDelay	0	0	1	0
75.9058	25	0	1	LastDelay	0.00173897	1738.97	1	1
75.9221	18	0	1	LastDelay	0.0025184	2518.4	1	1
75.979	38	0	1	LastDelay	0.000847975	847.975	1	1
75.993	36	0	1	LastDelay	0.00331912	3319.12	1	1
76.042	19	0	1	LastDelay	0.00334502	3345.02	1	1
76.0458	40	0	1	LastDelay	0.00348477	3484.77	1	1
76.073	17	0	1	LastDelay	0.000160172	160.172	1	1
76.073	16	0	1	LastDelay	0.00541124	5411.24	1	1
76.1516	46	0	1	LastDelay	0.00935601	9356.01	1	1
76.1612	4	0	1	LastDelay	0	0	1	0
76.173	26	0	1	LastDelay	0	0	1	0
76.1939	13	0	1	LastDelay	0	0	1	0
76.1954	6	0	1	LastDelay	0	0	1	0
76.199	32	0	1	LastDelay	0	0	1	0
76.2485	12	0	1	LastDelay	0	0	1	0
76.249	3	0	1	LastDelay	0	0	1	0
76.25	7	0	1	LastDelay	0	0	1	0
76.2573	44	0	1	LastDelay	0.0130116	13011.6	1	1
76.2921	1	0	1	LastDelay	0.00613496	6134.96	1	1
76.2952	23	0	1	LastDelay	0	0	1	0
76.3283	10	0	1	LastDelay	0	0	1	0
76.3335	15	0	1	LastDelay	0.00331914	3319.14	1	1
76.3708	9	0	1	LastDelay	0.00335826	3358.26	1	1
76.4347	29	0	1	LastDelay	0.00296722	2967.22	1	1
76.4419	35	0	1	LastDelay	0.018205	18205	1	1
76.5465	34	0	1	LastDelay	0.00330675	3306.75	1	1
76.5929	24	0	1	LastDelay	0	0	1	0
76.8894	28	0	1	LastDelay	0.00480395	4803.95	1	1
76.904	25	0	1	LastDelay	0	0	1	0
76.9196	18	0	1	LastDelay	0	0	1	0
76.9782	38	0	1	LastDelay	0	0	1	0
76.9897	36	0	1	LastDelay	0	0	1	0
77.0386	19	0	1	LastDelay	0	0	1	0
77.0423	40	0	1	LastDelay	0	0	1	0
77.0676	16	0	1	LastDelay	0	0	1	0
77.0728	17	0	1	LastDelay	0	0	1	0
77.1422	46	0	1	LastDelay	0	0	1	0
77.1987	6	0	1	LastDelay	0.00331918	3319.18	1	1
77.2443	44	0	1	LastDelay	0	0	1	0
77.2522	12	0	1	LastDelay	0.00371533	3715.33	1	1
77.2848	42	0	1	LastDelay	0.00330611	3306.11	1	1
77.2859	1	0	1	LastDelay	0	0	1	0
77.2959	21	0	1	LastDelay	0.00330602	3306.02	1	1
77.2959	23	0	1	LastDelay	0.000737763	737.763	1	1
77.3302	15	0	1	LastDelay	0	0	1	0
77.3306	10	0	1	LastDelay	0.0022899	2289.9	1	1
77.3675	9	0	1	LastDelay	0	0	1	0
77.4237	35	0	1	LastDelay	0	0	1	0
77.4318	29	0	1	LastDelay	0	0	1	0
77.5432	34	0	1	LastDelay	0	0	1	0
77.5962	24	0	1	LastDelay	0.0033062	3306.2	1	1
77.8846	28	0	1	LastDelay	0	0	1	0
77.9263	18	0	1	LastDelay	0.00666523	6665.23	1	1
77.9469	14	0	1	LastDelay	0.00391657	3916.57	1	1
77.993	36	0	1	LastDelay	0.00330604	3306.04	1	1
78.0451	40	0	1	LastDelay	0.00276836	2768.36	1	1
78.0451	19	0	1	LastDelay	0.0064117	6411.7	1	1
78.0726	11	0	1	LastDelay	0.00444358	4443.58	1	1
78.0788	17	0	1	LastDelay	0.00594059	5940.59	1	1
78.1741	26	0	1	LastDelay	0.0010687	1068.7	1	1
78.1954	6	0	1	LastDelay	0	0	1	0
78.2008	32	0	1	LastDelay	0.00173598	1735.98	1	1
78.2402	0	0	1	LastDelay	0.000526983	526.983	1	1
78.2485	12	0	1	LastDelay	0	0	1	0
78.2815	42	0	1	LastDelay	0	0	1	0
78.2892	1	0	1	LastDelay	0.00330611	3306.11	1	1
78.2926	21	0	1	LastDelay	0	0	1	0
78.2952	23	0	1	LastDelay	0	0	1	0
78.3283	10	0	1	LastDelay	0	0	1	0
78.372	20	0	1	LastDelay	0.00385094	3850.94	1	1
78.4321	29	0	1	LastDelay	0.000319828	319.828	1	1
78.5465	34	0	1	LastDelay	0.00330789	3307.89	1	1
78.5929	24	0	1	LastDelay	0	0	1	0
78.6479	30	0	1	LastDelay	0.019628	19628	1	1
78.8863	28	0	1	LastDelay	0.00173224	1732.24	1	1
78.9058	25	0	1	LastDelay	0.00175249	1752.49	1	1
78.9196	18	0	1	LastDelay	0	0	1	0
78.9429	14	0	1	LastDelay	0	0	1	0
78.9897	36	0	1	LastDelay	0	0	1	0
79.0269	27	0	1	LastDelay	0.00639048	6390.48	1	1
79.0386	19	0	1	LastDelay	0	0	1	0
79.0423	40	0	1	LastDelay	0	0	1	0
79.0682	11	0	1	LastDelay	0	0	1	0
79.0709	16	0	1	LastDelay	0.00331907	3319.07	1	1
79.0728	17	0	1	LastDelay	0	0	1	0
79.1645	4	0	1	LastDelay	0.00330617	3306.17	1	1
79.173	26	0	1	LastDelay	0	0	1	0
79.199	32	0	1	LastDelay	0	0	1	0
79.2017	6	0	1	LastDelay	0.00630435	6304.35	1	1
79.2396	0	0	1	LastDelay	0	0	1	0
79.2533	7	0	1	LastDelay	0.00330603	3306.03	1	1
79.2859	1	0	1	LastDelay	0	0	1	0
79.2993	23	0	1	LastDelay	0.00412635	4126.35	1	1
79.3299	10	0	1	LastDelay	0.00163764	1637.64	1	1
79.334	15	0	1	LastDelay	0.00386835	3868.35	1	1
79.3681	20	0	1	LastDelay	0	0	1	0
79.4318	29	0	1	LastDelay	0	0	1	0
79.5432	34	0	1	LastDelay	0	0	1	0
79.6283	30	0	1	LastDelay	0	0	1	0
79.8846	28	0	1	LastDelay	0	0	1	0
79.904	25	0	1	LastDelay	0	0	1	0
80.0205	27	0	1	LastDelay	0	0	1	0
80.0423	40	0	1	LastDelay	3.3491e-05	33.491	1	1
80.0676	16	0	1	LastDelay	0	0	1	0
80.0715	11	0	1	LastDelay	0.00330605	3306.05	1	1
80.0749	17	0	1	LastDelay	0.00206243	2062.43	1	1
80.1612	4	0	1	LastDelay	0	0	1	0
80.1954	6	0	1	LastDelay	0	0	1	0
80.1972	13	0	1	LastDelay	0.00331911	3319.11	1	1
80.25	7	0	1	LastDelay	0	0	1	0
80.2543	12	0	1	LastDelay	0.00583777	5837.77	1	1
80.2625	31	0	1	LastDelay	0.000486844	486.844	1	1
80.2882	1	0	1	LastDelay	0.00222151	2221.51	1	1
80.2952	23	0	1	LastDelay	0	0	1	0
80.2991	21	0	1	LastDelay	0.00652912	6529.12	1	1
80.3283	10	0	1	LastDelay	0	0	1	0
80.3302	15	0	1	LastDelay	0	0	1	0
80.4379	29	0	1	LastDelay	0.00616332	6163.32	1	1
80.6316	30	0	1	LastDelay	0.00330711	3307.11	1	1
80.7553	37	0	1	LastDelay	0.00332065	3320.65	1	1
80.8936	28	0	1	LastDelay	0.00902087	9020.87	1	1
80.9066	25	0	1	LastDelay	0.00254663	2546.63	1	1
80.9208	18	0	1	LastDelay	0.00119375	1193.75	1	1
80.9439	14	0	1	LastDelay	0.000943773	943.773	1	1
81.0423	40	0	1	LastDelay	0	0	1	0
81.0682	11	0	1	LastDelay	0	0	1	0
81.0728	17	0	1	LastDelay	0	0	1	0
81.1456	46	0	1	LastDelay	0.00333211	3332.11	1	1
81.1787	26	0	1	LastDelay	0.00568147	5681.47	1	1
81.1939	13	0	1	LastDelay	0	0	1	0
81.1982	6	0	1	LastDelay	0.00282776	2827.76	1	1
81.2013	32	0	1	LastDelay	0.00225497	2254.97	1	1
81.2404	0	0	1	LastDelay	0.000778325	778.325	1	1
81.2485	12	0	1	LastDelay	0	0	1	0
81.262	31	0	1	LastDelay	0	0	1	0
81.2859	1	0	1	LastDelay	0	0	1	0
81.2926	21	0	1	LastDelay	0	0	1	0
81.3354	15	0	1	LastDelay	0.00520623	5206.23	1	1
81.372	20	0	1	LastDelay	0.003851	3851	1	1
81.382	43	0	1	LastDelay	0.00670427	6704.27	1	1
81.4283	35	0	1	LastDelay	0.00457091	4570.91	1	1
81.4318	29	0	1	LastDelay	0	0	1	0
81.506	33	0	1	LastDelay	0.00369067	3690.67	1	1
81.5962	24	0	1	LastDelay	0.00330631	3306.31	1	1
81.6283	30	0	1	LastDelay	0	0	1	0
81.752	37	0	1	LastDelay	0	0	1	0
81.8846	28	0	1	LastDelay	0	0	1	0
81.904	25	0	1	LastDelay	0	0	1	0
81.9069	39	0	1	LastDelay	0.0143072	14307.2	1	1
81.9196	18	0	1	LastDelay	0	0	1	0
81.9429	14	0	1	LastDelay	0	0	1	0
82.0423	40	0	1	LastDelay	5.819e-06	5.819	1	1
82.0781	17	0	1	LastDelay	0.00523964	5239.64	1	1
82.0781	11	0	1	LastDelay	0.00989788	9897.88	1	1
82.1422	46	0	1	LastDelay	0	0	1	0
82.173	26	0	1	LastDelay	0	0	1	0
82.1954	6	0	1	LastDelay	0	0	1	0
82.199	32	0	1	LastDelay	0	0	1	0
82.2169	2	0	1	LastDelay	0.00334513	3345.13	1	1
82.2396	0	0	1	LastDelay	0	0	1	0
82.2537	7	0	1	LastDelay	0.00371414	3714.14	1	1
82.2886	1	0	1	LastDelay	0.00268093	2680.93	1	1
82.3011	23	0	1	LastDelay	0.0059369	5936.9	1	1
82.3302	15	0	1	LastDelay	0	0	1	0
82.3681	20	0	1	LastDelay	0	0	1	0
82.3753	43	0	1	LastDelay	0	0	1	0
82.4237	35	0	1	LastDelay	0	0	1	0
82.4335	29	0	1	LastDelay	0.00173129	1731.29	1	1
82.5023	33	0	1	LastDelay	0	0	1	0
82.5371	45	0	1	LastDelay	0.00334523	3345.23	1	1
82.5929	24	0	1	LastDelay	0	0	1	0
82.6316	30	0	1	LastDelay	0.00330649	3306.49	1	1
82.8508	8	0	1	LastDelay	0.00337128	3371.28	1	1
82.8926	39	0	1	LastDelay	0	0	1	0
82.8928	28	0	1	LastDelay	0.00821939	8219.39	1	1
82.9207	18	0	1	LastDelay	0.00106611	1066.11	1	1
83.0423	40	0	1	LastDelay	0	0	1	0
83.0424	19	0	1	LastDelay	0.00372269	3722.69	1	1
83.0682	11	0	1	LastDelay	0	0	1	0
83.0709	16	0	1	LastDelay	0.0033061	3306.1	1	1
83.0728	17	0	1	LastDelay	0	0	1	0
83.1763	26	0	1	LastDelay	0.00327106	3271.06	1	1
83.1984	6	0	1	LastDelay	0.00303412	3034.12	1	1
83.2078	32	0	1	LastDelay	0.00879421	8794.21	1	1
83.2136	2	0	1	LastDelay	0	0	1	0
83.25	7	0	1	LastDelay	0	0	1	0
83.2508	12	0	1	LastDelay	0.00235633	2356.33	1	1
83.2645	31	0	1	LastDelay	0.002499	2499	1	1
83.2859	1	0	1	LastDelay	0	0	1	0
83.295	21	0	1	LastDelay	0.00235917	2359.17	1	1
83.2952	23	0	1	LastDelay	0	0	1	0
83.3292	10	0	1	LastDelay	0.000878117	878.117	1	1
83.3405	15	0	1	LastDelay	0.0103228	10322.8	1	1
83.3717	20	0	1	LastDelay	0.00359577	3595.77	1	1
83.4176	22	0	1	LastDelay	0.00330602	3306.02	1	1
83.4318	29	0	1	LastDelay	0	0	1	0
83.4369	35	0	1	LastDelay	0.0132404	13240.4	1	1
83.5338	45	0	1	LastDelay	0	0	1	0
83.5962	24	0	1	LastDelay	0.00330621	3306.21	1	1
83.6283	30	0	1	LastDelay	0	0	1	0
83.8474	8	0	1	LastDelay	0	0	1	0
83.8846	28	0	1	LastDelay	0	0	1	0
83.9196	18	0	1	LastDelay	0	0	1	0
83.9463	14	0	1	LastDelay	0.00330602	3306.02	1	1
84.0386	19	0	1	LastDelay	0	0	1	0
84.0676	16	0	1	LastDelay	0	0	1	0
84.0715	11	0	1	LastDelay	0.00330626	3306.26	1	1
84.0746	17	0	1	LastDelay	0.00171916	1719.16	1	1
84.1645	4	0	1	LastDelay	0.00330629	3306.29	1	1
84.173	26	0	1	LastDelay	0	0	1	0
84.1954	6	0	1	LastDelay	0	0	1	0
84.199	32	0	1	LastDelay	0	0	1	0
84.2429	0	0	1	LastDelay	0.00330605	3306.05	1	1
84.2485	12	0	1	LastDelay	0	0	1	0
84.262	31	0	1	LastDelay	0	0	1	0
84.2926	21	0	1	LastDelay	0	0	1	0
84.3016	23	0	1	LastDelay	0.00639066	6390.66	1	1
84.3283	10	0	1	LastDelay	0	0	1	0
84.3302	15	0	1	LastDelay	0	0	1	0
84.3681	20	0	1	LastDelay	0	0	1	0
84.4143	22	0	1	LastDelay	0	0	1	0
84.4237	35	0	1	LastDelay	0	0	1	0
84.4351	29	0	1	LastDelay	0.0033061	3306.1	1	1
84.5118	33	0	1	LastDelay	0.00947486	9474.86	1	1
84.5929	24	0	1	LastDelay	0	0	1	0
84.8901	28	0	1	LastDelay	0.00550405	5504.05	1	1
84.9208	18	0	1	LastDelay	0.00121834	1218.34	1	1
84.9429	14	0	1	LastDelay	0	0	1	0
85.0238	27	0	1	LastDelay	0.00330633	3306.33	1	1
85.0682	11	0	1	LastDelay	0	0	1	0
85.0728	17	0	1	LastDelay	0	0	1	0
85.1612	4	0	1	LastDelay	0	0	1	0
85.2045	32	0	1	LastDelay	0.00550187	5501.87	1	1
85.2396	0	0	1	LastDelay	0	0	1	0
85.2518	12	0	1	LastDelay	0.00330622	3306.22	1	1
85.2628	31	0	1	LastDelay	0.000840427	840.427	1	1
85.2952	23	0	1	LastDelay	0	0	1	0
85.2959	21	0	1	LastDelay	0.00330602	3306.02	1	1
85.335	15	0	1	LastDelay	0.00485009	4850.09	1	1
85.3683	20	0	1	LastDelay	0.000174908	174.908	1	1
85.4176	22	0	1	LastDelay	0.00330614	3306.14	1	1
85.4318	29	0	1	LastDelay	0	0	1	0
85.4334	35	0	1	LastDelay	0.00968327	9683.27	1	1
85.5023	33	0	1	LastDelay	0	0	1	0
85.6287	30	0	1	LastDelay	0.000446897	446.897	1	1
85.8846	28	0	1	LastDelay	0	0	1	0
85.886	5	0	1	LastDelay	0.00330609	3306.09	1	1
85.9196	18	0	1	LastDelay	0	0	1	0
86.0205	27	0	1	LastDelay	0	0	1	0
86.0448	40	0	1	LastDelay	0.00250033	2500.33	1	1
86.0709	11	0	1	LastDelay	0.00271346	2713.46	1	1
86.0846	17	0	1	LastDelay	0.0117777	11777.7	1	1
86.1745	26	0	1	LastDelay	0.00147769	1477.69	1	1
86.1959	6	0	1	LastDelay	0.0005329	532.9	1	1
86.199	32	0	1	LastDelay	0	0	1	0
86.2441	0	0	1	LastDelay	0.00447182	4471.82	1	1
86.2485	12	0	1	LastDelay	0	0	1	0
86.262	31	0	1	LastDelay	0	0	1	0
86.2926	21	0	1	LastDelay	0	0	1	0
86.3026	23	0	1	LastDelay	0.00744558	7445.58	1	1
86.3302	15	0	1	LastDelay	0	0	1	0
86.3347	10	0	1	LastDelay	0.00639071	6390.71	1	1
86.3681	20	0	1	LastDelay	0	0	1	0
86.4143	22	0	1	LastDelay	0	0	1	0
86.4237	35	0	1	LastDelay	0	0	1	0
86.51	33	0	1	LastDelay	0.00771659	7716.59	1	1
86.5465	34	0	1	LastDelay	0.00330686	3306.86	1	1
86.5962	24	0	1	LastDelay	0.00330604	3306.04	1	1
86.6283	30	0	1	LastDelay	0	0	1	0
86.8827	5	0	1	LastDelay	0	0	1	0
86.8944	39	0	1	LastDelay	0.00177216	1772.16	1	1
86.9222	18	0	1	LastDelay	0.00258306	2583.06	1	1
86.9446	14	0	1	LastDelay	0.00165895	1658.95	1	1
86.9785	38	0	1	LastDelay	0.000312732	312.732	1	1
87.0423	40	0	1	LastDelay	0	0	1	0
87.0682	11	0	1	LastDelay	0	0	1	0
87.0728	17	0	1	LastDelay	0	0	1	0
87.173	26	0	1	LastDelay	0	0	1	0
87.1954	6	0	1	LastDelay	0	0	1	0
87.2396	0	0	1	LastDelay	0	0	1	0
87.2476	44	0	1	LastDelay	0.00331981	3319.81	1	1
87.2632	31	0	1	LastDelay	0.00122357	1223.58	1	1
87.2952	23	0	1	LastDelay	0	0	1	0
87.3283	10	0	1	LastDelay	0	0	1	0
87.3708	9	0	1	LastDelay	0.0033716	3371.6	1	1
87.3708	20	0	1	LastDelay	0.00271763	2717.64	1	1
87.4258	35	0	1	LastDelay	0.00210975	2109.75	1	1
87.4323	29	0	1	LastDelay	0.000557952	557.952	1	1
87.5023	33	0	1	LastDelay	0	0	1	0
87.5432	34	0	1	LastDelay	0	0	1	0
87.5929	24	0	1	LastDelay	0	0	1	0
87.6316	30	0	1	LastDelay	0.00330625	3306.25	1	1
87.8863	5	0	1	LastDelay	0.00366289	3662.89	1	1
87.8863	28	0	1	LastDelay	0.00174582	1745.82	1	1
87.8926	39	0	1	LastDelay	0	0	1	0
87.9196	18	0	1	LastDelay	0	0	1	0
87.9429	14	0	1	LastDelay	0	0	1	0
87.9782	38	0	1	LastDelay	0	0	1	0
88.0747	11	0	1	LastDelay	0.00648494	6484.94	1	1
88.0747	17	0	1	LastDelay	0.00182679	1826.79	1	1
88.1712	4	0	1	LastDelay	0.00999167	9991.67	1	1
88.1743	26	0	1	LastDelay	0.00125529	1255.29	1	1
88.1979	6	0	1	LastDelay	0.00249658	2496.57	1	1
88.2013	32	0	1	LastDelay	0.00226682	2266.82	1	1
88.2406	0	0	1	LastDelay	0.000947443	947.443	1	1
88.2443	44	0	1	LastDelay	0	0	1	0
88.251	12	0	1	LastDelay	0.00251236	2512.36	1	1
88.2557	3	0	1	LastDelay	0.00668061	6680.6	1	1
88.262	31	0	1	LastDelay	0	0	1	0
88.2993	23	0	1	LastDelay	0.00416517	4165.17	1	1
88.338	15	0	1	LastDelay	0.00788685	7886.85	1	1
88.338	10	0	1	LastDelay	0.00977061	9770.61	1	1
88.3675	9	0	1	LastDelay	0	0	1	0
88.3681	20	0	1	LastDelay	0	0	1	0
88.4237	35	0	1	LastDelay	0	0	1	0
88.4318	29	0	1	LastDelay	0	0	1	0
88.6283	30	0	1	LastDelay	0	0	1	0
88.7553	37	0	1	LastDelay	0.00330745	3307.45	1	1
88.8827	5	0	1	LastDelay	0	0	1	0
88.8846	28	0	1	LastDelay	0	0	1	0
88.9021	39	0	1	LastDelay	0.0094628	9462.8	1	1
88.9219	18	0	1	LastDelay	0.00229155	2291.55	1	1
88.9459	14	0	1	LastDelay	0.00294821	2948.21	1	1
89	38	0	1	LastDelay	0.0217865	21786.5	1	1
89.0157	36	0	1	LastDelay	0.025973	25973	1	1
89.0223	27	0	1	LastDelay	0.00175902	1759.02	1	1
89.0682	11	0	1	LastDelay	0	0	1	0
89.0686	16	0	1	LastDelay	0.00103747	1037.47	1	1
89.0728	17	0	1	LastDelay	0	0	1	0
89.1612	4	0	1	LastDelay	0	0	1	0
89.173	26	0	1	LastDelay	0	0	1	0
89.1954	6	0	1	LastDelay	0	0	1	0
89.199	32	0	1	LastDelay	0	0	1	0
89.2396	0	0	1	LastDelay	0	0	1	0
89.2485	12	0	1	LastDelay	0	0	1	0
89.249	3	0	1	LastDelay	0	0	1	0
89.2653	31	0	1	LastDelay	0.00331917	3319.17	1	1
89.2952	23	0	1	LastDelay	0	0	1	0
89.2998	21	0	1	LastDelay	0.00718342	7183.42	1	1
89.3283	10	0	1	LastDelay	0	0	1	0
89.3302	15	0	1	LastDelay	0	0	1	0
89.3748	20	0	1	LastDelay	0.00667489	6674.89	1	1
89.3919	43	0	1	LastDelay	0.0166475	16647.5	1	1
89.4361	29	0	1	LastDelay	0.00437948	4379.48	1	1
89.4361	35	0	1	LastDelay	0.0124428	12442.8	1	1
89.5062	33	0	1	LastDelay	0.0039169	3916.9	1	1
89.6291	30	0	1	LastDelay	0.000790979	790.979	1	1
89.752	37	0	1	LastDelay	0	0	1	0
89.8926	39	0	1	LastDelay	0	0	1	0
89.8939	28	0	1	LastDelay	0.00929114	9291.14	1	1
89.9196	18	0	1	LastDelay	0	0	1	0
89.9429	14	0	1	LastDelay	0	0	1	0
89.9782	38	0	1	LastDelay	0	0	1	0
89.9897	36	0	1	LastDelay	0	0	1	0
90.0205	27	0	1	LastDelay	0	0	1	0
90.0676	16	0	1	LastDelay	0	0	1	0
90.0788	17	0	1	LastDelay	0.0059275	5927.5	1	1
90.1745	26	0	1	LastDelay	0.00143937	1439.37	1	1
90.1994	32	0	1	LastDelay	0.000331975	331.975	1	1
90.2067	6	0	1	LastDelay	0.0112829	11282.9	1	1
90.2399	0	0	1	LastDelay	0.000265897	265.897	1	1
90.2495	12	0	1	LastDelay	0.00103635	1036.35	1	1
90.262	31	0	1	LastDelay	0	0	1	0
90.2926	21	0	1	LastDelay	0	0	1	0
90.2985	23	0	1	LastDelay	0.00330618	3306.18	1	1
90.3358	15	0	1	LastDelay	0.00567504	5675.04	1	1
90.3681	20	0	1	LastDelay	0	0	1	0
90.3753	43	0	1	LastDelay	0	0	1	0
90.418	22	0	1	LastDelay	0.0036498	3649.8	1	1
90.4237	35	0	1	LastDelay	0	0	1	0
90.4318	29	0	1	LastDelay	0	0	1	0
90.5023	33	0	1	LastDelay	0	0	1	0
90.5962	24	0	1	LastDelay	0.00330615	3306.15	1	1
90.6283	30	0	1	LastDelay	0	0	1	0
90.8846	28	0	1	LastDelay	0	0	1	0
90.9065	39	0	1	LastDelay	0.0139127	13912.8	1	1
90.9226	18	0	1	LastDelay	0.00295375	2953.75	1	1
90.9521	14	0	1	LastDelay	0.00916512	9165.12	1	1
90.9846	38	0	1	LastDelay	0.00637829	6378.29	1	1
90.9959	36	0	1	LastDelay	0.00616594	6165.94	1	1
91.0255	27	0	1	LastDelay	0.00499741	4997.41	1	1
91.0606	40	0	1	LastDelay	0.0183084	18308.4	1	1
91.0698	11	0	1	LastDelay	0.00163437	1634.37	1	1
91.0698	16	0	1	LastDelay	0.00222742	2227.42	1	1
91.0728	17	0	1	LastDelay	0	0	1	0
91.1645	4	0	1	LastDelay	0.00332036	3320.36	1	1
91.173	26	0	1	LastDelay	0	0	1	0
91.1954	6	0	1	LastDelay	0	0	1	0
91.199	32	0	1	LastDelay	0	0	1	0
91.2396	0	0	1	LastDelay	0	0	1	0
91.2485	12	0	1	LastDelay	0	0	1	0
91.2715	31	0	1	LastDelay	0.00947449	9474.49	1	1
91.2875	1	0	1	LastDelay	0.00159647	1596.47	1	1
91.2945	21	0	1	LastDelay	0.0018574	1857.4	1	1
91.2952	23	0	1	LastDelay	0	0	1	0
91.3302	15	0	1	LastDelay	0	0	1	0
91.3404	10	0	1	LastDelay	0.0120811	12081.1	1	1
91.3702	20	0	1	LastDelay	0.00204891	2048.91	1	1
91.3805	9	0	1	LastDelay	0.0130673	13067.3	1	1
91.4143	22	0	1	LastDelay	0	0	1	0
91.4347	29	0	1	LastDelay	0.0029161	2916.1	1	1
91.5056	33	0	1	LastDelay	0.00330618	3306.18	1	1
91.5929	24	0	1	LastDelay	0	0	1	0
91.7587	37	0	1	LastDelay	0.00674806	6748.06	1	1
91.8891	5	0	1	LastDelay	0.00639182	6391.82	1	1
91.8926	39	0	1	LastDelay	0	0	1	0
91.8963	28	0	1	LastDelay	0.011688	11688	1	1
91.9196	18	0	1	LastDelay	0	0	1	0
91.9366	43	0	1	LastDelay	0.561299	561299	1	1
91.9429	14	0	1	LastDelay	0	0	1	0
91.9782	38	0	1	LastDelay	0	0	1	0
91.9897	36	0	1	LastDelay	0	0	1	0
92.0205	27	0	1	LastDelay	0	0	1	0
92.0423	40	0	1	LastDelay	0	0	1	0
92.0676	16	0	1	LastDelay	0	0	1	0
92.0682	11	0	1	LastDelay	0	0	1	0
92.0761	17	0	1	LastDelay	0.0033062	3306.2	1	1
92.1612	4	0	1	LastDelay	0	0	1	0
92.2048	32	0	1	LastDelay	0.00571516	5715.16	1	1
92.2443	0	0	1	LastDelay	0.00469282	4692.82	1	1
92.2509	3	0	1	LastDelay	0.00187844	1878.44	1	1
92.2509	44	0	1	LastDelay	0.00665767	6657.67	1	1
92.2523	12	0	1	LastDelay	0.00384669	3846.69	1	1
92.2544	7	0	1	LastDelay	0.00433324	4333.24	1	1
92.262	31	0	1	LastDelay	0	0	1	0
92.2859	1	0	1	LastDelay	0	0	1	0
92.2896	42	0	1	LastDelay	0.00808116	8081.16	1	1
92.2926	21	0	1	LastDelay	0	0	1	0
92.3033	23	0	1	LastDelay	0.0080997	8099.7	1	1
92.3283	10	0	1	LastDelay	0	0	1	0
92.3675	9	0	1	LastDelay	0	0	1	0
92.3681	20	0	1	LastDelay	0	0	1	0
92.3753	43	0	1	LastDelay	0	0	1	0
92.4318	29	0	1	LastDelay	0	0	1	0
92.4323	35	0	1	LastDelay	0.00860953	8609.53	1	1
92.5023	33	0	1	LastDelay	0	0	1	0
92.5372	45	0	1	LastDelay	0.00345058	3450.58	1	1
92.5962	24	0	1	LastDelay	0.00332007	3320.07	1	1
92.6316	30	0	1	LastDelay	0.00330655	3306.55	1	1
92.752	37	0	1	LastDelay	0	0	1	0
92.8827	5	0	1	LastDelay	0	0	1	0
92.8846	28	0	1	LastDelay	0	0	1	0
92.9197	18	0	1	LastDelay	0.000108448	108.448	1	1
92.9553	14	0	1	LastDelay	0.012386	12386	1	1
92.9786	38	0	1	LastDelay	0.000362062	362.062	1	1
92.9924	36	0	1	LastDelay	0.00268056	2680.56	1	1
93.0238	27	0	1	LastDelay	0.00331466	3314.66	1	1
93.047	19	0	1	LastDelay	0.00837847	8378.47	1	1
93.0618	40	0	1	LastDelay	0.0194895	19489.5	1	1
93.0728	17	0	1	LastDelay	0	0	1	0
93.0731	11	0	1	LastDelay	0.00487798	4877.98	1	1
93.0731	16	0	1	LastDelay	0.00547118	5471.18	1	1
93.1455	46	0	1	LastDelay	0.00330608	3306.08	1	1
93.1645	4	0	1	LastDelay	0.00331934	3319.34	1	1
93.1749	26	0	1	LastDelay	0.00186018	1860.18	1	1
93.1981	6	0	1	LastDelay	0.00273463	2734.63	1	1
93.199	32	0	1	LastDelay	0	0	1	0
93.2077	13	0	1	LastDelay	0.0138456	13845.6	1	1
93.2396	0	0	1	LastDelay	0	0	1	0
93.2443	44	0	1	LastDelay	0	0	1	0
93.2485	12	0	1	LastDelay	0	0	1	0
93.249	3	0	1	LastDelay	0	0	1	0
93.25	7	0	1	LastDelay	0	0	1	0
93.2649	31	0	1	LastDelay	0.0028682	2868.2	1	1
93.2815	42	0	1	LastDelay	0	0	1	0
93.2948	21	0	1	LastDelay	0.00215028	2150.28	1	1
93.2952	23	0	1	LastDelay	0	0	1	0
93.2983	1	0	1	LastDelay	0.0124048	12404.8	1	1
93.3299	10	0	1	LastDelay	0.00166732	1667.32	1	1
93.3333	15	0	1	LastDelay	0.00317497	3174.97	1	1
93.3735	20	0	1	LastDelay	0.00534524	5345.24	1	1
93.4172	22	0	1	LastDelay	0.00282521	2825.21	1	1
93.4237	35	0	1	LastDelay	0	0	1	0
93.4356	29	0	1	LastDelay	0.00384241	3842.41	1	1
93.4787	43	0	1	LastDelay	0.103411	103411	1	1
93.5046	33	0	1	LastDelay	0.00228138	2281.38	1	1
93.5338	45	0	1	LastDelay	0	0	1	0
93.5437	34	0	1	LastDelay	0.000472741	472.741	1	1
93.5929	24	0	1	LastDelay	0	0	1	0
93.6283	30	0	1	LastDelay	0	0	1	0
93.7712	37	0	1	LastDelay	0.0192039	19203.9	1	1
93.8867	28	0	1	LastDelay	0.00207645	2076.45	1	1
93.9063	39	0	1	LastDelay	0.0137126	13712.6	1	1
93.9097	25	0	1	LastDelay	0.00569903	5699.03	1	1
93.9196	18	0	1	LastDelay	0	0	1	0
93.9429	14	0	1	LastDelay	0	0	1	0
93.9782	38	0	1	LastDelay	0	0	1	0
93.9897	36	0	1	LastDelay	0	0	1	0
94.0205	27	0	1	LastDelay	0	0	1	0
94.0386	19	0	1	LastDelay	0	0	1	0
94.0423	40	0	1	LastDelay	0	0	1	0
94.0676	16	0	1	LastDelay	0	0	1	0
94.0682	11	0	1	LastDelay	0	0	1	0
94.0761	17	0	1	LastDelay	0.00330606	3306.06	1	1
94.1422	46	0	1	LastDelay	0	0	1	0
94.1612	4	0	1	LastDelay	0	0	1	0
94.173	26	0	1	LastDelay	0	0	1	0
94.1939	13	0	1	LastDelay	0	0	1	0
94.1954	6	0	1	LastDelay	0	0	1	0
94.2502	12	0	1	LastDelay	0.0017336	1733.6	1	1
94.262	31	0	1	LastDelay	0	0	1	0
94.2859	1	0	1	LastDelay	0	0	1	0
94.2926	21	0	1	LastDelay	0	0	1	0
94.3072	23	0	1	LastDelay	0.0120547	12054.7	1	1
94.3283	10	0	1	LastDelay	0	0	1	0
94.3302	15	0	1	LastDelay	0	0	1	0
94.3681	20	0	1	LastDelay	0	0	1	0
94.3753	43	0	1	LastDelay	0	0	1	0
94.4143	22	0	1	LastDelay	0	0	1	0
94.4318	29	0	1	LastDelay	0	0	1	0
94.5023	33	0	1	LastDelay	0	0	1	0
94.5371	45	0	1	LastDelay	0.00333394	3333.94	1	1
94.5432	34	0	1	LastDelay	0	0	1	0
94.6316	30	0	1	LastDelay	0.00330649	3306.49	1	1
94.752	37	0	1	LastDelay	0	0	1	0
94.8846	28	0	1	LastDelay	0	0	1	0
94.8921	5	0	1	LastDelay	0.00945023	9450.23	1	1
94.8926	39	0	1	LastDelay	0	0	1	0
94.904	25	0	1	LastDelay	0	0	1	0
94.9229	18	0	1	LastDelay	0.00330634	3306.34	1	1
95.0458	40	0	1	LastDelay	0.00347726	3477.26	1	1
95.0712	11	0	1	LastDelay	0.00307058	3070.58	1	1
95.0728	17	0	1	LastDelay	0	0	1	0
95.1993	6	0	1	LastDelay	0.00394563	3945.63	1	1
95.1993	32	0	1	LastDelay	0.000301929	301.929	1	1
95.223	2	0	1	LastDelay	0.00947193	9471.93	1	1
95.2429	0	0	1	LastDelay	0.00330713	3307.13	1	1
95.2485	12	0	1	LastDelay	0	0	1	0
95.2563	7	0	1	LastDelay	0.00626619	6266.19	1	1
95.2643	31	0	1	LastDelay	0.00227183	2271.83	1	1
95.2886	42	0	1	LastDelay	0.00713172	7131.72	1	1
95.2886	1	0	1	LastDelay	0.00267161	2671.61	1	1
95.2952	23	0	1	LastDelay	0	0	1	0
95.2992	21	0	1	LastDelay	0.00660807	6608.07	1	1
95.333	15	0	1	LastDelay	0.00286343	2863.43	1	1
95.4347	29	0	1	LastDelay	0.00299462	2994.62	1	1
95.508	33	0	1	LastDelay	0.00572205	5722.05	1	1
95.5338	45	0	1	LastDelay	0	0	1	0
95.5465	34	0	1	LastDelay	0.00330612	3306.12	1	1
95.6283	30	0	1	LastDelay	0	0	1	0
95.8508	8	0	1	LastDelay	0.003372	3372	1	1
95.8827	5	0	1	LastDelay	0	0	1	0
95.8886	28	0	1	LastDelay	0.00400692	4006.92	1	1
95.8947	39	0	1	LastDelay	0.00212768	2127.68	1	1
95.9196	18	0	1	LastDelay	0	0	1	0
95.9463	14	0	1	LastDelay	0.00330643	3306.43	1	1
95.9914	36	0	1	LastDelay	0.00171997	1719.97	1	1
96.0325	27	0	1	LastDelay	0.0120199	12019.9	1	1
96.0387	19	0	1	LastDelay	1.435e-05	14.35	1	1
96.0423	40	0	1	LastDelay	0	0	1	0
96.0682	11	0	1	LastDelay	0	0	1	0
96.0745	17	0	1	LastDelay	0.00161633	1616.34	1	1
96.1455	46	0	1	LastDelay	0.00330616	3306.16	1	1
96.1954	6	0	1	LastDelay	0	0	1	0
96.199	32	0	1	LastDelay	0	0	1	0
96.2031	13	0	1	LastDelay	0.00918447	9184.47	1	1
96.2136	2	0	1	LastDelay	0	0	1	0
96.2396	0	0	1	LastDelay	0	0	1	0
96.25	7	0	1	LastDelay	0	0	1	0
96.262	31	0	1	LastDelay	0	0	1	0
96.2815	42	0	1	LastDelay	0	0	1	0
96.2859	1	0	1	LastDelay	0	0	1	0
96.2926	21	0	1	LastDelay	0	0	1	0
96.2985	23	0	1	LastDelay	0.00330617	3306.17	1	1
96.3302	15	0	1	LastDelay	0	0	1	0
96.3725	20	0	1	LastDelay	0.00438263	4382.63	1	1
96.3817	43	0	1	LastDelay	0.00642992	6429.92	1	1
96.4241	35	0	1	LastDelay	0.000432013	432.013	1	1
96.4318	29	0	1	LastDelay	0	0	1	0
96.5023	33	0	1	LastDelay	0	0	1	0
96.5432	34	0	1	LastDelay	0	0	1	0
96.8474	8	0	1	LastDelay	0	0	1	0
96.8846	28	0	1	LastDelay	0	0	1	0
96.8926	39	0	1	LastDelay	0	0	1	0
96.9233	18	0	1	LastDelay	0.00366372	3663.72	1	1
96.9429	14	0	1	LastDelay	0	0	1	0
96.9897	36	0	1	LastDelay	0	0	1	0
97.0205	27	0	1	LastDelay	0	0	1	0
97.0386	19	0	1	LastDelay	0	0	1	0
97.0712	11	0	1	LastDelay	0.00307055	3070.55	1	1
97.0728	17	0	1	LastDelay	0	0	1	0
97.1422	46	0	1	LastDelay	0	0	1	0
97.1939	13	0	1	LastDelay	0	0	1	0
97.2028	32	0	1	LastDelay	0.00376366	3763.66	1	1
97.268	31	0	1	LastDelay	0.00599809	5998.09	1	1
97.2952	21	0	1	LastDelay	0.002566	2566	1	1
97.2952	23	0	1	LastDelay	0	0	1	0
97.3363	15	0	1	LastDelay	0.00609533	6095.33	1	1
97.3681	20	0	1	LastDelay	0	0	1	0
97.3753	43	0	1	LastDelay	0	0	1	0
97.4237	35	0	1	LastDelay	0	0	1	0
97.5084	33	0	1	LastDelay	0.00610603	6106.03	1	1
97.545	34	0	1	LastDelay	0.00183784	1837.84	1	1
97.7553	37	0	1	LastDelay	0.00330641	3306.41	1	1
97.8508	8	0	1	LastDelay	0.00335975	3359.75	1	1
97.889	28	0	1	LastDelay	0.00446206	4462.06	1	1
97.889	5	0	1	LastDelay	0.00637913	6379.13	1	1
97.8955	39	0	1	LastDelay	0.00293873	2938.73	1	1
97.9196	18	0	1	LastDelay	0	0	1	0
97.9815	38	0	1	LastDelay	0.00330629	3306.29	1	1
97.9963	36	0	1	LastDelay	0.00661472	6614.72	1	1
98.0238	27	0	1	LastDelay	0.00330632	3306.32	1	1
98.0572	40	0	1	LastDelay	0.0148978	14897.8	1	1
98.0682	11	0	1	LastDelay	0	0	1	0
98.0729	17	0	1	LastDelay	6.4398e-05	64.398	1	1
98.089	16	0	1	LastDelay	0.0213846	21384.6	1	1
98.1764	26	0	1	LastDelay	0.00331912	3319.12	1	1
98.1989	6	0	1	LastDelay	0.00351656	3516.56	1	1
98.199	32	0	1	LastDelay	0	0	1	0
98.2415	2	0	1	LastDelay	0.0279759	27975.9	1	1
98.256	12	0	1	LastDelay	0.00750224	7502.23	1	1
98.262	31	0	1	LastDelay	0	0	1	0
98.2926	21	0	1	LastDelay	0	0	1	0
98.2963	23	0	1	LastDelay	0.00108393	1083.93	1	1
98.3302	15	0	1	LastDelay	0	0	1	0
98.3721	20	0	1	LastDelay	0.00394757	3947.57	1	1
98.4243	35	0	1	LastDelay	0.000576172	576.172	1	1
98.438	29	0	1	LastDelay	0.00629075	6290.75	1	1
98.5023	33	0	1	LastDelay	0	0	1	0
98.5046	41	0	1	LastDelay	0.00674742	6747.42	1	1
98.5432	34	0	1	LastDelay	0	0	1	0
98.5433	45	0	1	LastDelay	0.00952847	9528.47	1	1
98.5962	24	0	1	LastDelay	0.00330608	3306.08	1	1
98.6311	30	0	1	LastDelay	0.00280571	2805.72	1	1
98.752	37	0	1	LastDelay	0	0	1	0
98.8474	8	0	1	LastDelay	0	0	1	0
98.8827	5	0	1	LastDelay	0	0	1	0
98.8846	28	0	1	LastDelay	0	0	1	0
98.8926	39	0	1	LastDelay	0	0	1	0
98.9229	18	0	1	LastDelay	0.00330617	3306.17	1	1
98.9486	14	0	1	LastDelay	0.00569479	5694.79	1	1
98.9782	38	0	1	LastDelay	0	0	1	0
98.9897	36	0	1	LastDelay	0	0	1	0
99.0205	27	0	1	LastDelay	0	0	1	0
99.042	19	0	1	LastDelay	0.00338579	3385.79	1	1
99.0423	40	0	1	LastDelay	0	0	1	0
99.0676	16	0	1	LastDelay	0	0	1	0
99.0728	17	0	1	LastDelay	0	0	1	0
99.0746	11	0	1	LastDelay	0.00640418	6404.18	1	1
99.173	26	0	1	LastDelay	0	0	1	0
99.1954	6	0	1	LastDelay	0	0	1	0
99.1972	13	0	1	LastDelay	0.00330768	3307.68	1	1
99.2136	2	0	1	LastDelay	0	0	1	0
99.2429	0	0	1	LastDelay	0.00330628	3306.28	1	1
99.2485	12	0	1	LastDelay	0	0	1	0
99.2503	7	0	1	LastDelay	0.000267647	267.647	1	1
99.2837	42	0	1	LastDelay	0.00224583	2245.83	1	1
99.2872	1	0	1	LastDelay	0.00125396	1253.96	1	1
99.2952	23	0	1	LastDelay	0	0	1	0
99.3307	15	0	1	LastDelay	0.000550143	550.143	1	1
99.3681	20	0	1	LastDelay	0	0	1	0
99.4237	35	0	1	LastDelay	0	0	1	0
99.4318	29	0	1	LastDelay	0	0	1	0
99.4979	41	0	1	LastDelay	0	0	1	0
99.5338	45	0	1	LastDelay	0	0	1	0
99.5929	24	0	1	LastDelay	0	0	1	0
99.6283	30	0	1	LastDelay	0	0	1	0
99.8861	5	0	1	LastDelay	0.00341138	3411.38	1	1
99.9161	25	0	1	LastDelay	0.0120817	12081.7	1	1
99.9196	18	0	1	LastDelay	0	0	1	0
99.9429	14	0	1	LastDelay	0	0	1	0
